   12.46056   12.64817   11.67322   12.74006   12.61114   12.97294   13.59480   13.04800   13.56914   13.68395   14.02736   14.30703   13.03048   13.94491   14.38763   14.19004   15.29977   14.58567   14.81550   14.46050   14.97705   15.45415   16.33429   16.14961   15.68102   17.81626   16.86581   16.87114   18.06857   18.27069   16.54412   18.00473   18.22369   17.43238   18.22730   19.41870   19.26774   20.77510   18.38926   19.08278   20.59933   19.02366   19.06467   19.50199   19.30272   18.94518   16.97322   15.53050   12.06920    7.16360    3.30447 
   12.26253   12.66681   12.71188   11.27591   12.55367   13.92895   13.02016   13.44765   13.77884   13.32639   14.25607   14.17138   14.13969   14.03843   15.50850   15.01483   14.74688   13.80980   14.83012   13.95338   15.23711   15.28444   16.23087   15.02398   16.66252   16.46247   16.50224   16.36552   17.58757   17.09749   17.38205   18.20098   17.82246   17.76428   16.56701   19.47636   18.61284   19.74579   19.84369   19.23836   19.97429   17.73095   19.87827   19.95074   19.32001   18.95878   17.48674   16.08080   13.09578    8.11957    3.80983 
   11.84723   12.41120   13.68852   13.82293   13.40146   14.66807   13.61177   12.71357   12.95602   13.46737   13.92053   13.77457   14.00220   14.47075   13.91289   15.57530   14.83372   14.54491   15.06113   15.07930   17.48858   15.19661   15.24426   17.18800   16.19527   18.05896   17.39476   16.39970   16.62759   15.85703   17.98106   16.95260   18.68232   17.55198   18.93264   18.84103   19.14207   19.48907   20.35640   19.47668   21.64104   20.04545   20.53928   19.55883   19.34408   18.63453   16.25689   13.86091    9.15177    4.51980    2.09011 
   12.33494   12.69187   13.02906   12.68814   13.25430   12.84811   13.61591   12.19026   13.69332   13.78140   14.48601   13.66639   13.11560   14.24664   13.43133   15.32800   14.64967   14.79260   16.05696   15.22463   15.03573   14.29008   13.83806   15.15281   14.29635   16.45132   17.27972   16.93082   16.27479   17.31655   18.65606   18.31273   16.87324   17.12496   17.86436   19.06118   18.92035   19.15084   20.31788   18.93482   20.69762   20.29565   20.25227   19.07318   19.90551   18.88563   17.92334   15.89254   12.86725    8.13657    3.82501 
   13.32950   12.15326   11.84511   12.72391   12.67282   13.58146   13.70661   13.08179   12.50947   15.09074   13.34089   14.71531   14.58203   14.53540   14.84123   13.42878   16.02181   16.00714   15.88728   16.03240   15.28221   17.17439   15.72485   15.26835   16.31583   16.11844   17.53659   16.69674   17.88247   17.85884   18.67538   17.43282   16.19647   18.62057   18.22959   20.26952   18.65948   20.19282   19.00212   20.09756   19.92459   20.16022   19.57893   19.80268   19.46192   17.64513   16.63191   13.67562    9.40219    4.65150    2.25089 
   12.54592   13.10218   13.30507   12.86292   13.43033   12.28281   13.10359   13.10153   12.80493   13.41793   14.43356   14.45415   14.03794   14.83626   13.96593   13.07401   14.81641   14.41458   14.59391   14.75762   16.16896   16.23087   15.09724   16.69217   16.13139   16.41628   16.93103   17.13880   15.70833   17.92160   17.98547   18.87894   17.79819   16.99795   17.58852   17.64288   17.73092   18.78834   18.02510   19.79078   21.22184   18.98150   20.57721   20.29958   19.65962   19.37319   17.35782   15.27573   12.45144    7.56916    3.43089 
   13.41236   12.48633   12.60393   12.92564   12.30641   13.13062   14.04024   12.56902   14.17840   12.62349   13.47441   13.32786   14.50662   14.04576   14.03221   14.81392   15.27763   15.46254   15.03411   15.52119   16.01687   16.07331   16.31576   16.65024   17.57903   17.82065   16.14120   17.94626   16.52363   17.06154   18.45490   18.09042   18.83819   18.10988   19.97378   19.71544   19.62205   18.06865   18.75140   20.05225   19.64889   19.80227   20.87056   19.68954   18.40397   17.85752   15.98278   13.81975    9.61088    4.81184    2.27979 
   12.79286   11.96934   12.43754   12.84697   13.06294   13.57225   13.16579   13.01013   13.15064   12.99348   12.94240   13.85169   13.67523   13.10292   13.40749   13.83748   15.08570   12.77695   15.87810   15.86098   14.69831   14.62363   16.26802   16.30250   16.26478   15.26814   17.65272   16.45987   17.89170   18.32935   18.19255   18.77592   17.54778   18.29718   20.00377   17.72399   19.20657   18.83141   18.73552   18.42062   19.63114   19.63073   20.22905   19.97892   19.63473   18.94224   17.56686   15.56169   12.82760    8.10385    3.86045 
   12.18475   11.71218   11.84484   12.99255   13.58900   12.60904   13.71752   12.57216   13.65729   14.03435   13.07869   13.19633   14.77709   14.09318   14.78925   14.67702   15.71555   14.38746   14.46927   17.00591   14.72496   15.28826   16.83077   16.54469   15.34136   15.34461   15.82969   15.53986   18.58371   17.16153   16.98845   18.48964   18.98378   18.15756   17.69000   17.87936   19.08073   19.21172   19.65736   19.75914   19.41487   21.67125   20.66771   19.66738   19.33275   18.72723   17.00996   14.86265   11.93254    6.85912    3.10259 
   13.69881   12.70987   11.26414   13.02452   12.60104   12.34193   14.44915   13.61633   13.99176   13.91992   13.07777   13.31704   14.23208   14.84043   14.42477   15.36256   15.94378   13.14870   13.90914   15.40807   14.80878   15.46192   14.82857   16.58996   16.16465   16.07814   18.01008   16.07881   18.46321   18.06216   18.47449   16.79160   18.53661   20.37497   19.89579   18.20528   18.83730   18.29997   17.38636   19.16282   19.69545   20.04252   19.67891   19.54261   19.53217   18.19871   17.09694   14.98715   11.44733    6.53021    3.05062 
   13.63735   12.70371   12.15310   12.16598   12.76262   12.63985   13.37014   13.22023   14.00770   12.74300   14.28764   14.23125   12.26779   15.13380   14.24379   14.28535   14.57547   16.03796   14.32442   15.17715   16.12980   15.58001   15.21963   15.21451   16.57361   17.24613   15.12414   17.08999   16.99307   16.97427   16.78304   17.50850   19.26950   17.75507   17.32401   19.33275   20.19107   21.36929   21.01469   19.51259   19.46318   19.63528   20.23110   19.86209   19.53484   18.43239   16.71797   14.87437   11.44906    6.43941    2.97589 
   12.59877   13.02489   13.24114   12.77064   13.04064   12.95242   13.02262   13.04855   12.76379   13.13226   12.86179   14.51886   14.07012   13.57057   14.85478   13.71545   13.71063   15.37381   14.55159   14.79766   16.45714   14.57876   15.48230   14.17269   15.49256   16.21873   16.42296   15.48859   16.90359   17.75925   18.21313   17.94512   19.32467   17.48084   17.72848   17.22527   18.06976   17.03859   19.17866   17.84507   19.88747   19.41507   18.98145   19.43486   20.07152   19.68566   18.67558   16.68782   14.23990   10.48509    5.34199 
   12.97265   13.01848   13.42456   13.23689   12.13401   13.49658   12.43258   13.72039   13.14861   13.51012   14.37478   13.56361   13.39264   13.64361   15.24047   14.25464   14.42002   14.25857   16.08632   14.10559   15.24331   14.50826   16.20728   17.08055   16.24759   16.05962   16.97291   15.21716   16.83038   16.92424   18.55378   19.62314   17.31912   17.53141   19.64673   19.16379   20.65267   19.32355   20.37950   19.91043   20.41678   20.92314   20.51273   19.34829   19.85973   18.25706   16.63282   14.14337   10.41059    5.42289    4.08104 
   12.57314   12.14727   13.12010   12.29508   12.66761   13.22957   13.37136   13.05487   13.79961   13.32009   14.54950   15.28733   13.51764   14.17261   13.64271   13.79344   14.04939   14.74657   15.33271   15.76383   13.62158   16.11672   16.06693   15.11649   15.30875   15.48915   17.54624   17.88652   17.77231   17.15210   17.35848   19.53693   18.75469   17.40487   18.32929   19.69252   18.60134   18.23053   19.79565   19.31747   20.41771   20.91219   20.11821   20.41088   19.61998   17.78653   16.52068   15.12978   11.54401    6.51797    3.02810 
   12.67335   12.44344   12.74421   12.73985   13.20363   14.10640   12.86149   14.56348   13.65086   14.41013   14.18767   14.66853   13.89902   12.91635   13.41733   14.18282   14.25236   14.78473   16.49393   14.96827   15.62815   15.96273   15.63730   15.51641   15.45735   16.13648   16.25533   16.24878   17.92697   15.84647   17.79068   17.51113   17.30107   16.76577   17.37945   20.20059   19.16369   19.78737   19.31163   20.38581   21.86817   19.91391   19.05598   20.74722   19.45403   18.24146   17.13816   15.30210   11.36290    6.32611    2.92215 
   12.59944   12.87974   12.76102   12.80821   12.78798   12.85992   13.44435   14.23207   13.14878   13.76805   12.66447   12.88591   14.67960   13.79097   14.24541   13.62486   15.45152   15.22060   16.52028   17.00529   14.46150   15.42512   15.59489   15.97028   15.46623   16.94477   17.55598   14.85449   17.87885   17.73115   18.24487   17.16607   19.09995   18.23596   19.23730   19.61263   19.46706   18.85057   19.03237   20.38361   21.11513   19.22235   21.78007   19.59105   19.29954   17.89753   16.14272   14.24494   10.37571    5.39836    2.51983 
   13.49986   12.84168   12.93050   12.30690   12.39936   12.66949   12.62555   14.17553   14.34732   12.39120   13.59443   13.36427   14.28107   14.46408   14.05605   14.91283   15.55475   14.80079   15.51230   15.12626   15.85659   14.47573   16.94092   16.94970   16.62910   16.26493   16.65613   17.67882   18.17410   17.80035   16.11002   17.48547   18.16456   17.65859   19.22191   19.94395   19.03302   18.53897   20.02248   19.58112   19.74097   21.24264   21.33865   20.58462   19.12001   18.33304   16.57269   13.82375    9.65218    4.76105    2.31383 
   12.17654   13.34379   12.73067   12.06688   12.39496   13.27233   14.04385   13.48636   13.43160   13.18799   13.73705   14.58222   13.50562   14.96322   14.68120   14.22994   14.55224   15.15748   15.23703   15.09616   15.35098   15.69564   15.30278   15.92340   14.83611   16.54525   17.61296   14.99404   16.37698   16.08906   17.43086   18.59853   19.08960   18.47824   18.27749   19.30567   20.46075   20.32494   19.59634   18.81918   20.38093   20.30679   20.78747   19.76911   19.67816   18.43686   16.80174   14.81236   11.13658    6.13638    2.78790 
   13.84976   12.74957   12.54247   12.28144   13.69569   12.63009   14.23160   14.32817   12.75031   13.69243   13.80783   13.62848   14.04568   14.90486   14.68059   14.84797   14.52703   14.44456   16.61327   14.50326   15.31161   14.78748   15.53651   15.99744   16.86044   15.53639   17.03451   17.86612   18.13916   18.28201   17.21329   18.53992   17.43596   17.30432   20.20396   18.47807   20.08342   22.39042   20.58519   19.08054   20.40964   20.82771   21.14012   19.96101   19.26650   17.55043   15.61548   12.84047    8.12894    3.81003    1.84080 
   13.47617   12.91409   12.96439   12.80123   12.99836   13.32267   13.49283   12.84672   13.87531   12.58435   13.26678   13.59817   13.75530   14.18257   14.79822   15.69876   14.95504   14.22217   15.26817   15.32787   14.50424   14.72228   16.64890   17.11443   16.02787   16.51883   16.05737   17.58268   16.02443   17.02973   17.30423   17.35813   19.38957   18.50830   19.37225   20.41539   19.89469   18.57352   19.67607   19.74041   21.56442   20.95779   21.00103   20.32507   20.10370   17.66553   16.32560   13.58337    9.47738    4.58388    2.13574 
   12.89153   13.40676   12.66099   12.66153   13.38905   13.40186   13.18048   13.72497   12.81223   12.49524   14.04041   13.86958   14.25477   13.81543   13.48671   13.75719   15.29501   14.54781   15.96519   16.42174   16.60364   16.30699   15.86232   15.54485   14.88144   16.45370   16.30725   17.77348   17.61944   15.26532   17.18111   17.29845   18.64535   18.03872   18.22004   18.86780   18.61892   19.48263   16.65732   20.49913   18.78857   19.97545   20.26445   19.59748   18.84817   19.29435   17.31502   15.61720   12.51381    7.39675    3.45284 
   13.47027   12.68995   12.88620   12.20001   13.20323   12.31709   12.74923   13.61540   13.20660   13.98998   13.44704   14.22485   14.75038   15.29515   14.82231   13.89230   14.91472   16.15540   15.25094   15.13249   15.27134   16.06945   16.14814   15.53647   15.72047   16.15003   16.96154   17.87429   16.12725   18.00893   16.90151   18.09537   18.07116   18.59174   17.34600   18.26250   18.01478   20.37236   19.87303   18.97244   20.03486   19.67639   20.08695   20.47795   18.33017   18.32378   17.08230   14.74869   11.38311    6.29131    2.84341 
   11.97978   11.85685   12.71546   12.81835   13.11840   12.81642   13.15481   14.29430   12.67137   13.58378   13.59433   13.55874   14.14557   14.02096   15.23794   14.18519   15.00567   14.18344   14.51854   16.53396   15.23860   13.41623   16.74964   16.85211   16.25175   16.08130   16.08318   16.78723   17.35457   16.46523   16.82371   16.90293   16.97014   18.08692   18.17196   18.21569   19.60546   19.73064   19.60166   19.75729   19.19782   20.68513   20.58713   20.59786   19.45763   19.18345   17.00119   15.24900   12.51099    7.84416    3.70421 
   12.48796   13.03156   12.76961   12.10076   12.60290   13.04865   13.75184   12.54050   13.81382   12.73887   13.80133   13.86146   12.01531   13.94554   15.80251   13.14862   15.36117   14.83099   14.22440   15.02717   15.90835   13.75165   15.92196   17.64034   17.21418   17.14777   16.04491   16.44910   16.82037   18.29842   17.69539   18.27695   18.24381   18.69874   18.07899   17.76893   20.21506   19.19699   19.23511   19.33106   20.86316   20.79278   20.77485   19.17831   19.18521   19.07375   17.61430   14.59963   11.39942    6.42111    2.92117 
   12.84539   13.02172   12.44121   12.69941   12.83975   13.10958   13.04622   13.73100   13.93626   13.22820   13.39598   14.34349   14.31972   14.63288   14.32320   14.06052   14.78143   13.55436   14.39757   14.98439   16.47252   15.37853   16.89940   16.28086   16.72443   16.09821   16.85807   16.60783   18.99179   16.62767   16.82089   16.30280   18.54869   17.10927   18.60847   20.24240   20.64773   18.56688   20.13481   18.56983   20.55473   20.17388   19.97923   20.64459   19.82616   18.71733   17.03793   14.65161   10.50795    5.36945    2.47322 
   12.28021   12.78847   12.60628   13.77208   13.31843   14.07855   12.00791   13.24965   13.72446   13.74073   13.62151   14.18777   14.33715   13.81023   14.47872   15.45265   15.57940   14.67099   16.14283   16.48523   14.73131   15.71570   15.36011   16.69002   16.50356   15.54725   16.97554   16.74057   17.80875   18.17508   17.67863   17.85746   18.56516   18.62617   17.02550   19.75073   19.42561   19.34713   19.53401   20.01986   20.61654   19.03642   19.53279   20.18983   19.06328   18.15633   16.08321   13.83583    9.99545    5.05467    2.36871 
   12.81642   12.38359   12.59371   12.84194   12.71514   13.49952   12.26052   12.26877   13.33730   14.08467   13.27925   13.69156   15.05458   14.60851   14.76697   13.83176   14.99708   14.95927   13.34595   14.84302   15.90926   15.62468   14.69388   14.05203   16.34719   15.71740   14.91935   17.76312   16.84398   17.51700   16.61103   19.30738   17.81407   18.81597   18.56413   17.50941   17.61823   19.14998   17.68894   19.11100   20.35289   19.43798   20.42601   19.45165   19.94429   19.46685   17.70174   16.58226   13.84452    8.98802    4.41771 
   12.76495   12.38824   12.47769   13.38426   13.19262   13.41424   13.00687   13.84396   12.70961   13.97064   12.91187   14.18689   13.62762   13.21865   14.36185   14.66979   13.55941   15.26471   16.04016   14.41629   14.86707   15.61468   15.30890   16.10496   16.61238   17.21805   16.96116   17.26058   17.37114   17.33466   18.37583   17.50685   17.67647   19.49226   16.48472   19.83166   19.26161   21.33166   19.35027   19.31859   18.84541   20.44474   19.65628   19.62902   18.45565   18.24435   16.78777   15.13802   12.10217    6.86968    2.97031 
   12.03145   12.98218   13.00797   14.70164   12.18895   11.78349   13.02360   12.44644   13.19018   14.19371   12.82529   13.02978   13.65251   14.71697   14.75259   14.27758   15.21208   14.99918   15.20251   16.93337   15.25725   16.21551   16.24056   15.74198   16.29631   17.17944   16.78169   17.35383   16.99416   17.69425   17.87124   18.42246   18.84198   17.83514   19.12347   18.16856   19.48419   19.55135   19.52454   19.35991   19.99009   19.36303   19.74299   19.31713   19.36624   18.63598   16.58715   14.49100   10.75451    5.89476    2.67062 
   12.41901   12.20630   13.01867   11.76031   13.45451   12.80823   13.42225   12.24174   13.44184   13.01313   14.37292   13.29021   13.76756   13.92999   14.54258   14.35267   14.85046   14.37285   15.51074   14.84191   15.08980   15.76420   14.57779   16.01614   17.05841   17.48901   16.75692   17.47666   16.77914   17.84410   17.59588   16.87140   18.26497   17.01959   17.15993   17.55523   18.90586   17.03961   18.38828   19.05394   19.44367   19.08461   19.53985   20.36553   19.82013   18.85986   18.31494   16.33149   13.69538    9.58792    4.82251 
   12.91169   12.64803   13.17473   13.12649   13.59521   12.22083   13.92395   11.63355   13.24982   12.92694   13.33263   13.04527   14.23899   14.22239   14.19873   15.21038   14.44433   16.32758   15.57019   15.80487   15.60747   15.04975   14.35700   15.53329   17.56205   17.02998   16.93065   16.71694   16.72499   17.34262   18.10136   16.70584   18.17303   18.51699   20.47749   19.13720   17.76837   18.44000   19.86056   19.94268   20.38567   19.85747   21.22301   19.56913   20.18777   18.65918   16.73495   14.61319   10.64711    5.74367    2.58693 
   12.82816   12.58356   13.80058   12.36648   12.58102   12.74850   13.64847   12.92617   12.87721   14.19067   13.86494   15.17293   13.71494   13.51423   15.54856   13.78020   14.52568   14.17714   15.90760   16.29276   14.94316   15.16900   15.58309   15.86558   16.03286   15.43015   17.08867   16.82837   18.06303   17.70610   18.04829   17.83990   19.30885   17.96201   17.26163   18.40493   18.77445   18.72320   18.51045   20.11639   20.15842   20.09446   19.39465   20.32740   20.11659   18.76258   16.99220   14.84072   11.28065    6.19567    2.90207 
   12.27792   13.00856   12.59267   13.63319   12.89147   12.80072   13.89068   13.50499   13.29037   13.56034   12.60881   14.71142   14.07289   14.80829   14.20920   14.10116   12.97714   14.88697   14.59750   15.86933   16.18063   16.28156   15.93754   16.29706   16.51913   15.83774   17.60204   17.39878   19.28685   16.41504   16.24082   18.07410   17.41649   18.97039   19.93722   20.24883   19.60474   17.58744   20.80475   21.61344   20.74903   20.11309   20.65213   19.82633   19.41447   18.77503   15.87236   13.45261    8.91697    4.28531    2.00143 
   13.47262   12.12062   11.69508   12.44734   12.08835   13.80081   13.37151   12.75108   13.51897   13.62455   13.03024   13.98536   13.50799   13.65974   13.98741   14.68808   15.57957   14.75992   15.42799   15.85160   14.40951   15.27413   16.37801   15.14194   16.40064   16.72621   16.10678   15.43658   17.19192   17.53716   15.59829   17.44996   19.67031   18.97806   18.49602   19.53514   20.84525   18.86807   17.95106   20.40257   19.44378   19.12478   19.97919   20.19881   19.60537   18.93517   16.94679   15.36832   12.45676    7.75396    3.60743 
   12.34706   11.72854   12.59683   12.49514   12.86671   13.18570   13.51587   13.14020   13.28393   12.88046   12.62308   13.41195   13.87013   14.70191   14.08133   14.47750   14.38976   15.82344   15.23028   14.26124   15.39917   15.46828   14.39733   15.80579   15.61641   16.77012   16.34709   17.57158   17.14014   18.62150   17.55823   16.64083   18.09114   18.66672   18.26635   17.90182   17.94394   18.93543   19.59763   19.21572   19.10653   20.89971   20.22663   21.08856   20.08343   18.77761   17.26699   15.57001   12.92434    8.21580    3.82601 
   12.70771   11.84199   12.86147   12.17189   13.23241   13.46614   14.51101   13.83592   12.65923   13.38914   13.44824   13.50975   14.14767   14.99741   15.13298   15.04465   15.48548   15.39000   15.27971   14.95046   14.83954   15.49601   16.91667   17.71316   15.42711   16.69893   15.17413   16.24381   16.80358   17.21718   17.34067   17.97807   17.67358   19.66636   18.65442   17.54629   20.71684   19.77359   20.91348   19.61858   19.88346   20.09106   21.17156   20.05415   18.49018   18.23755   16.24177   13.96831   10.13124    6.62465    4.63080 
   12.28668   12.61223   12.04840   13.86282   12.60523   12.89974   13.54371   13.81378   12.35395   12.36393   14.02992   14.61531   14.64417   14.13708   15.72583   14.46630   13.98210   14.62460   14.58183   15.00190   15.78200   16.79202   16.18869   16.82564   16.15909   17.22269   16.75863   17.37906   17.65739   18.37291   17.87552   16.09085   17.53547   18.65928   17.46102   21.59385   18.22140   19.01430   20.60627   19.79079   18.34584   20.37833   20.06403   19.73535   19.10443   18.42522   16.25888   14.53342   10.68902    5.71753    2.58784 
   13.07365   12.85311   12.82188   13.34279   12.40647   13.50568   13.05525   13.32455   14.06008   14.67014   13.67605   13.85641   12.86044   14.88046   14.73302   13.82783   14.96583   14.38150   13.90907   15.49792   14.76422   14.86611   15.57634   16.47047   16.44560   17.03768   16.16689   17.24531   15.90339   17.50442   17.00924   17.84723   17.11947   19.39626   18.41862   18.04538   19.21600   18.25663   21.26859   19.27740   19.75797   18.46259   19.95549   20.58926   19.21527   18.34057   17.12476   15.52693   12.15018    7.27343    3.43824 
   12.80106   12.58354   12.25931   13.15942   13.97320   12.92267   13.13621   14.26288   13.26992   13.33094   14.23997   14.51810   13.62534   14.72897   14.38143   14.29344   14.58370   14.57202   15.47626   16.88214   15.44241   13.95866   14.51580   14.68590   17.03205   16.33991   16.74712   16.70165   16.11970   16.52398   17.94569   16.93868   19.31173   19.15795   17.59072   19.33943   19.44238   19.61364   20.75784   20.07388   20.66042   19.32008   20.61152   19.32724   18.96883   18.75316   16.70043   14.81603   10.93868    5.89585    2.75433 
   13.04323   11.98518   12.92478   12.42360   13.37561   13.20505   12.75293   12.68934   13.88538   14.15044   14.25420   13.23047   14.59282   13.82825   13.60100   14.67785   15.32889   14.38921   14.41319   16.42869   15.90179   15.82589   16.42822   16.25158   15.00095   16.43120   17.17037   15.98603   16.80743   17.47158   16.92296   17.33536   18.24393   18.20525   18.88015   17.52261   19.65611   18.54136   20.13451   19.05373   19.59179   20.45763   19.81861   18.88226   20.04344   19.11947   17.72172   15.00827   11.76788    6.90369    3.19215 
   11.91127   12.11743   12.85052   13.02812   12.30494   13.55648   12.67287   13.48014   13.31877   13.32802   14.13429   13.44834   14.06607   13.55803   14.32969   13.96248   15.01828   13.09088   14.89668   16.06524   15.12126   15.13671   14.88466   15.68761   15.47946   16.09937   17.05177   16.34062   17.34544   17.75984   17.19347   16.89141   19.36940   17.13095   18.24981   17.56684   18.24555   18.61965   20.00545   19.53983   19.79981   19.69075   20.61686   19.85225   19.62996   18.77908   17.48504   16.45077   13.59346    9.15480    4.51455 
   12.67869   13.49176   12.72227   12.90410   13.03032   13.83345   13.85921   12.42864   12.43451   13.05340   13.11674   13.81771   13.57038   14.49895   13.82662   14.39292   14.52822   14.92028   15.10239   15.08293   14.95323   17.51693   15.49630   16.48163   15.96212   16.81474   16.93977   17.12164   16.36822   16.63620   17.17843   18.90089   18.39120   18.61490   19.47875   20.41724   20.84263   19.85106   18.30657   20.49326   20.20153   19.68092   21.56516   20.03995   18.77355   17.93230   15.95348   14.07845   10.20822    5.32972    2.43750 
   12.78514   13.24452   12.60438   11.70499   13.01059   13.96670   13.47469   12.63052   13.40754   13.17159   12.77232   13.94214   13.80060   15.21164   13.53685   15.17432   12.66580   14.43601   15.31605   15.25170   15.23793   14.96586   16.09737   15.40443   16.02321   16.04256   16.78342   16.18945   16.93834   16.52264   17.59240   18.94055   16.38400   18.09364   18.10497   18.78959   18.78203   19.89649   19.51726   19.32297   21.09748   19.31925   20.03865   20.97422   19.56500   19.29267   17.37483   15.36892   12.90781    7.75719    3.67832 
   10.83671   13.26018   13.01562   13.36506   13.19627   12.69195   13.32765   13.28479   13.44465   12.91589   14.54489   14.09293   14.66743   14.26829   13.89492   13.96402   14.36859   14.61834   15.86690   14.99749   15.70109   15.16454   16.11985   15.16322   15.86598   16.68699   16.50578   17.66491   17.00196   17.37666   15.99748   16.60973   17.61313   19.26841   18.18459   19.07067   19.28039   20.34612   19.20742   20.28811   19.64952   20.52571   20.84897   19.58045   19.05904   19.02096   17.07959   14.82141   11.79386    6.52610    3.00126 
   13.11020   12.51335   13.00210   11.37168   13.18528   12.74840   13.19080   12.08172   13.25116   13.97189   15.32201   14.35505   13.24372   14.31026   14.15615   14.27713   14.41974   14.67133   16.76764   14.62858   16.39842   16.19711   15.63170   15.85578   16.25021   17.09718   17.57668   17.30043   17.92484   17.31827   18.42069   16.62193   17.87090   18.81617   18.40214   17.81126   20.29257   19.41652   19.87371   19.22639   19.34760   19.17906   21.45668   17.89153   19.27123   18.36475   16.63022   14.70712   11.13140    6.14729    2.83490 
   13.31508   12.15059   12.21638   13.13256   13.21337   13.34160   13.45846   13.39814   13.41099   13.88006   12.88530   13.75487   14.97263   14.04865   14.80186   14.15799   14.98249   14.31161   14.97825   14.66899   14.57736   15.90415   15.21384   16.60067   17.03638   16.33958   17.25875   16.70750   16.86472   18.01093   17.51344   17.47673   17.32059   19.01201   20.70181   17.59358   18.78468   18.80185   19.64274   19.18030   20.41019   20.39549   19.34856   19.65040   19.65657   18.49733   16.99023   14.81800   11.39024    6.21027    2.85680 
   12.81954   13.07192   13.01462   12.94844   12.17633   13.01995   13.35797   13.49830   14.00582   13.56471   13.47494   14.41697   14.53411   13.39835   13.70517   14.65780   14.58334   15.45923   15.54621   14.97846   15.93219   15.93408   16.26650   17.00015   15.42561   16.42836   16.46199   17.61913   17.82283   18.24720   17.10285   17.89969   18.19978   18.35974   18.73320   18.61439   19.07041   18.99497   20.74018   18.46206   20.24537   20.43204   20.23378   19.14430   19.58439   17.87257   16.66277   14.39943   10.32257    5.35588    2.46871 
   12.91442   12.28824   13.00480   11.85857   12.87591   13.74364   13.73149   13.31501   13.12809   12.66639   13.84453   12.83035   13.14649   14.20057   15.68666   15.26065   14.94649   15.22289   15.45271   15.51589   15.89649   16.73585   14.98326   18.30655   17.23178   15.78446   17.33418   15.96165   17.72918   18.23878   16.41931   17.21954   18.34945   18.07649   19.58789   19.55274   19.01777   19.10284   19.68948   19.61977   20.97016   20.41675   20.41135   19.37712   18.93801   18.49290   16.32182   13.97605    9.68134    4.96625    2.26367 
   12.50945   12.63723   12.93900   12.90573   13.95852   12.14960   13.59174   13.18551   14.09886   13.11240   13.08127   13.37224   15.29996   14.79169   14.25564   15.38164   15.06176   15.41323   14.08518   13.73402   15.94823   14.92509   15.23515   15.60707   16.67471   17.07595   16.57888   17.58080   17.06379   17.58543   17.86067   19.63575   17.67263   19.93037   18.26814   19.49759   19.31667   19.64446   20.63368   19.97619   20.56295   19.04949   20.20531   19.82291   18.88478   18.54743   16.00209   13.91739    9.74648    4.99155    2.26546 
   12.01523   12.97994   11.95888   12.36236   13.26459   13.21173   12.86321   13.64329   13.84032   14.70627   15.25770   13.29688   13.44293   14.63298   15.72419   13.81081   14.71541   15.31233   14.77737   14.75845   16.26917   15.54400   16.35277   15.66048   17.03321   17.20671   16.18577   17.31604   17.87692   16.71574   17.16920   17.45302   19.18274   18.91818   19.71362   19.47086   19.44190   17.64321   18.26099   20.91646   20.23997   20.27949   19.55260   20.17103   19.37156   18.04900   16.93991   14.08026    9.63026    4.80791    2.23438 
   12.39218   12.98246   13.13562   12.21844   12.28222   12.04694   12.69098   13.84376   13.89703   13.79328   12.55109   13.25976   13.78094   13.42970   14.19512   14.02735   14.36373   13.61295   16.25938   15.03243   15.07455   14.98851   15.57511   16.27219   16.12154   16.08713   16.50607   17.15739   17.58990   16.89974   17.62089   18.03822   17.73797   17.39020   16.75521   19.12885   19.72396   20.03780   19.23667   19.76527   20.21873   20.86479   19.49706   19.17006   20.17074   18.69307   18.23285   15.64887   13.11955    7.97405    3.83039 
   12.42513   12.62918   12.42840   12.78014   12.36150   12.26457   12.33688   12.80778   13.59454   12.37329   13.28701   14.14391   14.86933   14.43461   12.52453   14.36418   14.70541   14.67989   15.79923   16.06125   16.70203   15.47799   15.47632   15.28332   15.52873   15.71961   16.51550   16.84143   16.31871   17.59916   17.25325   17.77830   18.33637   19.27288   21.05297   19.60432   19.87353   18.28368   21.33283   20.30692   19.92408   20.80462   19.84995   20.02904   19.38422   18.42159   16.60760   14.76344   11.36628    6.34004    2.89977 
   12.74840   12.75803   13.30548   12.48865   12.73066   12.26010   13.17665   13.17236   13.26955   12.96185   12.86191   13.23087   15.56658   13.46176   13.07314   14.04409   15.69305   15.61793   14.03045   15.57047   14.37547   15.69469   15.98620   15.16356   16.67019   16.42367   17.90416   18.64349   15.56534   16.82751   18.31690   18.27295   17.10244   18.08285   19.56621   19.56445   18.08603   19.05749   19.90463   18.89637   18.12345   20.73641   20.50742   19.53127   19.68290   19.39356   17.43500   15.27816   12.07904    7.19013    3.30440 
   11.72879   12.63761   12.98127   13.85748   12.86773   13.43757   13.51493   13.37984   14.28474   15.89683   14.49123   12.56510   13.89001   14.14805   15.56500   14.07850   13.93334   15.38891   15.59170   15.73856   14.59903   17.29960   15.17033   17.02598   15.92570   15.82867   16.94156   18.29483   15.64310   17.72377   17.59108   17.34211   17.70313   17.75624   18.82573   19.74454   18.64460   20.60777   18.35838   21.74163   19.49192   20.17167   20.41040   19.70192   19.22864   18.12312   16.70929   13.85220    9.21188    4.61332    2.18433 
   12.02586   13.32007   11.80252   12.90015   11.99776   13.51788   13.35542   13.35120   13.56388   14.07677   13.60176   14.18180   13.24321   13.54088   15.66908   15.47440   13.82824   15.25794   15.57119   15.57047   15.01039   16.22265   15.83485   16.52601   15.85242   16.22331   17.43941   16.63142   17.73794   17.48366   17.67988   19.27938   18.09266   18.18298   19.44717   19.73003   20.30149   19.36643   18.94383   20.54110   20.51974   18.96122   20.44494   19.98415   19.36516   18.12914   16.38966   13.72987    9.59192    4.77128    2.15736 
   11.74522   13.22292   12.75941   13.15633   13.45059   12.96544   12.36946   12.66250   13.17991   14.07978   14.07198   14.19817   14.35317   14.68305   14.04848   14.35903   14.56223   14.89541   15.38703   15.05409   16.05300   15.50350   16.52861   16.19243   16.91669   16.45057   16.77434   17.60322   15.91587   17.62860   18.73423   17.34771   17.48136   18.39137   18.54630   19.93859   18.68283   20.31013   18.99620   19.48557   19.89081   21.12289   20.48177   19.42848   19.24910   17.64952   16.28662   14.44988   10.51866    5.62263    2.63318 
   12.67037   12.83748   11.99317   13.02630   13.98764   14.22614   13.36456   13.09324   12.98160   13.17812   13.52010   13.89799   13.80192   13.73875   14.38897   14.70637   14.49359   14.57416   15.12623   14.30544   15.82025   15.78297   15.89262   16.82133   15.89228   16.31588   17.10297   17.44152   17.53840   16.93157   17.25268   18.44796   18.46032   18.49806   19.22573   18.52891   18.01121   19.21735   19.37819   20.31503   19.97421   20.61858   19.46350   20.08857   19.55620   18.84347   16.81109   14.72220   10.82321    5.65604    2.70960 
   12.40788   12.80984   13.15600   13.53837   13.38651   12.03768   12.56255   13.15839   13.24349   13.41097   13.38548   14.13858   14.05301   14.87077   15.18904   15.65491   14.92565   15.60423   16.83785   14.49780   15.39132   15.52494   15.88753   15.30374   16.34432   16.32622   15.78644   16.95028   15.92824   18.96605   18.48197   18.51371   18.24697   18.69561   19.03175   20.64682   18.49183   20.33366   18.61720   18.95036   19.77928   21.08628   20.23725   19.41334   18.78401   17.71810   16.71098   14.11378    9.83402    5.10397    2.29031 
   12.58972   11.72759   12.10474   12.89942   12.80338   13.73734   12.91724   14.30879   13.05463   13.75256   13.91517   13.67053   14.02577   14.69449   14.24129   14.81727   13.21821   15.14669   14.45920   16.24556   13.77076   14.51757   14.46483   16.90677   16.56634   17.26110   16.80167   16.01477   17.31754   17.51676   17.63405   16.54715   18.06123   19.35373   19.20042   21.24680   17.57173   18.95720   19.72542   21.14202   19.42381   20.87585   20.20714   20.40524   19.38240   18.61342   16.79010   14.93387   11.32898    6.18200    2.79982 
   11.63122   13.31476   11.57145   12.77641   12.61986   12.37522   13.64499   13.11778   13.37578   12.40422   14.21976   14.30295   14.11970   14.28283   13.01733   15.15456   14.47007   15.32739   15.12814   15.76192   16.31789   15.33938   15.17662   15.29283   15.48286   16.22725   16.69285   17.03088   17.41345   17.61018   16.70015   17.05803   17.43604   19.54020   19.22701   15.91876   20.35087   19.97691   19.11994   19.75502   19.86241   20.07459   20.82807   19.68514   19.55213   18.89683   17.72732   15.48111   12.06853    7.53213    3.46461 
   12.91552   13.08281   12.37873   12.38855   13.71571   13.37485   13.73473   13.54662   12.91080   14.31997   13.12305   13.74449   15.15966   14.93274   13.93065   13.84449   14.84690   16.62019   14.96609   15.39609   15.92052   15.86194   16.09487   15.55200   16.42364   16.98827   16.61098   17.41068   17.81468   16.71359   16.46811   17.95099   16.74937   18.32580   20.35796   17.54036   18.70793   19.06967   19.68411   20.21193   19.00502   20.20829   20.09309   20.64836   19.87949   18.35953   16.27604   14.45250   10.20684    5.27967    2.44467 
   12.60179   12.78649   12.43488   13.64783   13.05952   12.77163   13.52756   13.23808   14.06683   13.25807   15.53491   13.01459   14.39026   13.85631   15.07622   15.66834   14.89602   14.51832   13.87466   15.94928   16.33260   15.50144   16.46114   15.38340   16.46625   17.33248   16.93176   16.33502   18.04122   18.30003   17.46768   16.93134   17.87439   17.92963   19.45397   18.90941   18.69921   19.62536   19.20510   19.64755   20.23789   20.90484   20.29935   20.04272   18.58420   18.22877   16.63343   13.88940    9.45349    4.87057    2.21633 
   13.20363   11.91346   12.59268   13.05414   12.18948   13.97938   13.14073   12.85492   13.87972   13.59082   13.31925   13.81071   13.39235   14.07771   14.87459   14.25487   15.21023   15.12237   15.31796   14.29077   15.60267   16.48355   16.50596   15.80764   15.32008   15.92907   17.29737   16.74756   17.75386   16.83362   18.65512   18.98950   17.02939   17.86680   18.82276   19.51936   19.17605   19.53858   20.46043   19.57780   20.67937   20.57930   20.02337   20.36364   19.79110   17.93556   16.41759   14.29170   10.23478    5.37628    2.42440 
   13.11838   13.12239   12.83404   12.19475   13.17927   12.42525   13.71296   12.83451   14.03150   14.34768   13.62980   13.35879   14.19986   14.31910   12.92414   13.97180   14.85545   14.37731   14.36073   16.01701   15.84775   14.71878   15.97538   15.33643   16.86194   17.44530   17.06031   17.20922   18.45821   17.19553   18.14459   19.33672   18.39245   19.44699   18.63290   20.44183   20.03570   18.92761   19.59593   20.62393   20.57293   20.92010   19.90982   20.15407   18.53535   17.80103   16.31169   13.48633    8.95535    4.38730    2.10847 
   12.11899   13.39432   12.90826   12.20869   13.84166   12.37791   13.50755   13.48688   13.66764   13.63738   13.26020   13.91617   14.29151   14.21979   14.10182   14.40170   14.18216   14.89670   15.10048   15.27091   15.51107   15.03186   16.17903   16.62239   15.83779   14.90882   16.36852   16.74375   17.78736   17.51575   17.21479   18.60200   17.99963   18.94860   18.24345   17.87557   19.35546   19.84288   20.89031   18.67127   19.77996   19.64262   21.01815   20.45022   19.03211   18.95919   16.99052   15.10451   11.06422    6.13527    2.79677 
   11.72374   13.58156   12.81693   12.99256   11.98493   12.51220   12.89410   13.67897   13.27581   12.53367   14.46919   13.27906   14.08563   13.74192   13.66038   14.68090   15.21348   14.49166   15.54424   14.87856   15.53978   14.79895   15.11787   15.32656   17.18489   16.40646   16.57790   16.92855   17.78091   16.96408   17.85432   17.83116   17.07545   18.18049   17.70234   18.41827   18.35470   18.95288   18.92814   20.89058   17.86353   19.55134   20.30349   20.08562   19.44201   18.80812   17.79046   15.93376   13.36894    8.57330    4.06993 
   12.44014   12.42351   12.19740   14.11002   12.62393   12.39622   13.38904   12.88565   12.85423   13.12131   13.87916   14.65125   13.95147   14.38737   16.14887   15.18232   14.35713   14.95155   14.06842   15.11862   15.96412   15.20642   15.14787   15.17660   16.30746   16.81052   16.40939   15.88218   17.43988   15.00563   18.27142   17.93169   18.19918   18.61489   18.74729   19.05122   19.74593   20.47608   20.37384   20.30811   19.52727   19.84169   20.40892   19.38705   18.73750   18.84991   17.27394   15.00389   11.41282    6.30724    2.82306 
   12.88203   13.43276   11.81055   13.74073   12.34140   13.41198   14.34036   12.80306   13.52075   14.00124   14.55453   13.60686   13.72387   14.15081   14.42951   13.98314   14.84247   15.49622   15.14965   16.23169   16.16757   16.13328   16.06772   16.60302   16.38674   14.66707   16.63161   16.97150   17.22019   17.24302   19.20159   16.72526   18.64324   18.91335   19.14341   19.68596   19.72547   18.49027   20.15221   19.60969   21.03177   20.33689   20.77079   19.31998   19.34980   18.10852   16.27124   13.38162    8.95411    4.25581    2.00387 
   11.80753   11.74048   13.67824   13.27410   12.32902   13.07076   14.18056   14.04576   12.41876   13.50418   13.83482   13.46821   14.17815   14.25365   14.44134   15.05748   14.25693   14.98397   15.02549   15.55995   15.47149   15.77911   17.13697   16.88598   16.76764   15.70560   18.29197   16.82703   15.94800   16.71263   17.43266   17.61633   17.71142   18.48466   18.90146   19.85578   19.84309   19.25747   18.71484   20.48150   20.43683   20.18201   19.54698   19.06110   20.09629   17.64926   16.46957   14.57464   10.69622    5.70395    2.65699 
   12.76211   14.10043   12.33769   13.27489   13.00958   13.45505   11.92833   13.27613   12.96317   13.65364   14.48873   14.11879   14.88698   15.09407   15.08325   15.84020   13.49272   15.12225   15.54177   16.25948   15.58630   14.48241   15.64237   15.38128   16.52165   16.10462   16.55158   16.07640   18.54196   17.16401   17.31008   17.86540   19.02179   17.36002   18.01971   18.61143   20.73799   19.55808   20.39590   19.15654   20.18069   21.64491   19.39352   20.10352   20.06118   18.35203   16.11431   13.71644    9.41990    4.54319    2.17416 
   12.61607   13.00764   12.71906   12.31023   13.43419   13.47017   12.88734   13.24400   12.89740   13.49951   13.46490   14.12893   14.76039   14.64465   15.53335   14.71235   13.94900   14.86591   14.96810   15.17795   15.02112   15.97968   15.56756   15.95288   16.06438   16.50445   16.37262   16.27776   17.88046   17.28104   15.63830   17.84026   18.67667   20.55897   18.34108   18.33178   19.95248   20.22677   20.77765   19.02931   21.08410   21.01734   19.78748   20.08301   18.91712   18.22387   16.25827   14.18906   10.42943    5.20600    2.48123 
   12.48737   13.82154   12.15682   13.09359   13.92880   13.07951   13.19214   13.38620   14.19917   12.26615   15.04948   14.15464   13.31667   14.26608   15.01976   14.44074   13.82922   14.72204   15.05259   14.68655   15.67750   15.13089   16.51989   16.77559   16.04527   16.86684   16.46445   16.34359   17.95597   18.99841   17.67357   16.55875   18.95743   17.78499   19.24422   19.66084   19.16523   19.31035   20.15489   21.27979   20.12279   19.45425   20.60741   19.38913   19.03527   17.72413   16.25767   14.04156    9.72387    5.01507    2.27440 
   12.61987   13.01521   11.89671   12.36438   12.64903   14.04057   13.68553   12.97573   13.55556   13.80105   13.94114   13.64233   14.62361   14.15335   14.63809   14.49212   14.34713   15.10665   15.16096   15.66876   15.69492   14.25396   14.88091   15.37323   16.55204   16.26122   15.36985   17.18632   16.31732   17.42554   17.46009   17.98993   19.48889   20.54948   17.63522   18.81891   18.68329   20.41250   20.13917   19.94873   18.48794   20.72455   19.92576   19.17122   19.00621   19.05902   17.35990   14.67799   11.40114    6.38212    2.80558 
   11.76991   13.09312   12.92615   12.34515   14.22080   12.93196   13.52035   13.28093   13.55386   13.38617   14.56194   13.24614   13.66809   14.39529   14.30675   14.89358   14.47567   15.92908   15.35820   16.16712   14.95581   16.55288   15.31218   15.95212   16.44792   15.52900   17.41297   16.08554   17.86366   18.16943   18.00997   17.68907   19.85590   17.76394   18.81038   18.74354   18.43003   19.77807   19.48592   19.95505   19.43362   20.06785   20.42785   20.50435   19.20703   17.93666   16.38474   14.03058    9.76839    5.22689    2.38026 
   12.60071   14.10499   12.60021   12.86725   13.03612   13.34406   12.53450   14.22584   12.24756   13.58196   13.04943   14.15761   13.59381   14.26998   14.32406   15.28445   15.08599   15.20063   16.08754   16.60117   15.95381   15.75599   15.62866   17.32621   16.54973   15.54200   16.31458   16.69920   17.98847   17.57127   17.48367   18.29974   19.02133   19.11853   17.40998   18.00128   18.97931   18.70168   20.20077   20.57751   19.07537   20.76010   19.30822   19.90892   19.04077   18.16199   16.83964   13.94980    9.89132    5.01639    2.47354 
   12.63734   11.94971   13.47894   12.26660   13.18353   12.71179   13.90958   14.32253   12.97577   14.18973   13.30498   13.82500   14.33438   14.76567   15.33552   14.35040   13.33235   14.49129   14.49035   15.17207   14.11157   14.29873   14.71457   15.40095   15.94051   16.64540   15.88687   17.44440   17.15189   17.88666   17.03277   16.13083   19.72587   19.74109   16.79726   18.56248   18.72707   19.11301   20.10353   21.21950   21.57118   19.08276   19.76637   20.78803   19.82910   19.29284   17.12789   15.13378   11.79723    6.70542    2.94748 
   11.67374   12.66549   11.87599   11.70286   12.29769   13.06585   13.02853   13.62949   13.52554   13.87489   14.25754   14.12740   14.66115   14.25223   14.60630   15.38040   14.32466   16.78216   14.76774   15.06638   14.76406   16.17327   16.22278   15.99758   17.35547   16.66816   16.87851   17.87723   16.41912   18.17148   17.31690   19.31692   18.15250   17.59801   19.09123   17.76967   18.65844   19.90724   18.73660   20.46829   19.23601   19.59475   19.65230   20.48923   19.20746   17.54665   17.25494   14.59018   10.70445    5.82867    2.69744 
   12.65946   12.38268   13.50740   12.30239   13.09353   11.52653   13.06747   13.74519   12.94103   13.46236   14.19377   14.26329   14.76406   14.75275   14.41387   16.09145   14.90880   14.99066   14.51784   15.35752   16.09417   14.75892   16.53705   16.78929   15.98480   15.82313   16.49086   16.37860   16.30403   16.71271   16.61866   17.98387   19.78346   17.41314   18.11734   17.06120   18.68391   20.17944   18.93520   18.39108   20.92455   20.45627   21.06756   20.14431   20.28798   18.86642   17.12528   14.60025   11.30082    6.32490    2.80852 
   13.16999   12.32162   13.05981   12.55120   11.75393   12.52329   12.23487   13.70798   13.18028   13.80166   14.08133   14.31116   14.77788   15.31464   13.28380   15.13411   15.40403   14.43838   14.74515   15.07909   15.60952   16.59775   16.36666   16.27503   15.96377   17.11647   16.80110   17.21983   15.66919   17.20634   16.73526   18.92028   18.46048   19.17048   18.84908   19.83688   19.80827   17.77687   17.75918   19.63704   19.26480   21.17078   20.28557   20.34585   19.11790   18.38641   16.72860   14.70836   10.90396    5.71329    2.74280 
   12.33766   12.33453   13.30076   11.74800   12.70173   12.84634   14.33822   13.92868   14.21689   14.02626   12.63729   14.23689   13.74610   14.34407   14.01905   15.90151   14.23898   14.61759   15.64212   14.88453   15.89551   15.53520   17.76698   15.67792   16.32069   17.01304   16.07574   16.91880   17.31951   18.90846   17.22477   17.29161   19.22291   18.76779   19.32752   19.59038   19.93222   20.24452   19.81653   21.66862   20.60544   18.98665   19.69408   20.14612   19.09767   17.55114   15.28389   13.33283    8.92077    4.31800    2.08260 
   11.96772   12.62309   11.61072   12.01748   12.80424   12.44018   14.27711   12.24571   12.78324   13.82947   13.05908   14.96125   14.22764   14.77747   14.50793   14.09514   13.71163   14.59274   14.57316   16.03935   15.84381   16.03162   16.71182   16.26607   16.03897   15.29461   15.66458   17.83058   18.18919   15.60385   17.02367   17.44353   17.22422   18.38302   17.81525   18.90464   20.03045   17.51967   17.63177   18.83940   20.23741   20.16443   20.18342   19.74440   20.14748   18.82552   17.80178   15.90473   13.28829    8.79126    4.16500 
   12.20837   12.27186   13.82309   12.95831   13.09262   13.29295   12.77388   13.69713   12.97519   14.59375   14.32409   13.96191   14.14312   14.34268   14.61050   15.09647   14.81554   14.90949   14.01461   14.92673   15.05653   16.32098   16.28324   16.34997   15.66623   16.43024   14.94573   17.61226   17.37457   18.17928   18.17909   18.89972   17.67910   18.15121   19.40127   18.65986   18.84352   19.69643   19.83812   19.07302   21.24579   19.92346   19.35113   19.31897   20.06286   18.29075   16.38574   14.00326   10.31849    5.35976    2.42396 
   12.44994   12.58783   12.02734   12.97505   12.83310   13.52373   14.29104   13.38036   12.66351   15.13180   14.28638   14.04661   14.50991   13.84604   14.36620   14.91935   15.24258   15.23813   15.33884   15.18060   15.67310   15.82585   15.53113   18.38133   15.71023   15.98747   16.59357   16.56235   16.81756   17.86148   17.55547   17.81845   18.87487   19.11216   17.94903   18.51630   19.26871   18.32577   18.52205   19.13439   19.45173   20.12905   19.18251   19.48036   18.86307   18.00798   16.68074   14.69662   11.32683    6.26854    3.08262 
   12.76372   13.06496   13.03026   12.55850   12.22810   12.96295   12.71184   13.22558   13.85131   14.09015   13.40352   14.05683   14.31166   14.10106   14.74145   14.86444   15.97000   13.81798   13.82559   14.83021   16.14487   14.50358   15.32948   15.76403   16.42058   15.97885   16.40636   17.01238   16.62972   17.94344   17.92217   17.85054   18.48425   18.08148   19.51532   19.30858   18.81196   20.10523   20.21475   19.20981   21.11016   19.80328   19.47435   20.09892   19.38064   18.48821   16.76415   14.59622   11.13139    6.11013    2.83550 
   12.87849   11.81668   12.14812   12.54629   12.39690   12.49719   13.03338   13.48717   13.49705   13.83632   12.65764   13.36009   15.08614   14.10412   15.29720   15.01709   14.88841   13.32553   14.56001   15.41795   15.14435   16.05672   14.97153   16.05821   16.23462   17.63197   15.91974   17.36376   17.01755   18.28632   17.56563   17.86336   17.31256   18.49490   18.38083   18.18763   20.05705   18.95964   19.74912   20.39158   20.29569   18.80535   20.73278   19.64729   18.81744   18.37988   17.17988   15.29189   12.31241    7.12943    3.46001 
   12.24277   12.60822   12.48846   13.23938   13.21092   13.29388   11.92150   13.65089   12.68316   14.22161   13.75774   14.19470   14.05032   14.32929   13.41453   14.13942   14.61491   15.59094   15.92699   15.33842   16.77420   14.54284   16.42810   14.83607   15.36108   16.33749   16.68598   19.49486   18.11640   15.98398   19.02019   18.72480   17.45695   18.02775   19.14341   20.79180   18.23922   21.12889   20.57147   20.31612   19.97884   20.13650   19.94244   19.55402   19.06407   18.44648   16.42433   13.43997    9.54815    4.83983    2.21741 
   12.74757   12.14156   12.63616   12.86098   12.57922   12.29656   13.04618   14.17304   14.48245   14.37922   14.09633   13.00053   14.21199   13.77161   14.67849   14.24431   15.29994   14.80974   14.91505   13.94143   15.82890   16.56907   16.32574   16.13681   16.16760   16.45461   17.66765   17.28004   16.54047   16.46630   18.08397   17.81982   18.12673   18.37490   19.94230   17.95795   20.94048   19.61813   20.49857   20.27459   19.79560   20.55172   20.18299   18.77777   19.03833   18.14174   16.60912   14.29025    9.88733    5.12818    2.40366 
   12.78192   13.19212   12.30976   13.43018   11.77631   13.42671   13.57259   12.82883   13.95652   13.78067   14.71540   14.34184   14.05874   13.49293   14.57467   14.50082   15.31720   14.56637   16.07620   15.55223   16.39530   16.73668   14.88352   15.41714   16.05206   16.45014   17.43488   18.18517   17.12753   16.68199   17.61563   18.43863   18.49136   19.85204   16.57919   17.21873   18.10005   18.14761   20.09047   20.25284   19.99840   19.69793   19.63533   19.69197   18.40835   17.96417   16.89337   14.76379   11.30569    6.20162    2.87265 
   12.85604   13.29580   12.67521   12.99562   14.09006   13.31028   13.27695   12.58241   12.59674   13.05776   13.95441   13.74678   14.40365   14.99535   14.72951   14.46032   13.53783   14.95488   14.31138   16.07891   15.70342   14.22814   15.80537   16.28676   15.57436   16.04195   17.63216   17.65944   17.29683   17.13511   17.47794   17.69129   18.43719   18.59528   17.51956   17.36252   19.15711   18.14724   19.35754   19.62947   19.33704   21.55249   20.17204   20.02950   18.77946   19.30768   16.80283   15.22916   11.68851    6.80393    3.22531 
   11.82235   11.86495   13.11504   12.80960   13.60559   13.21285   13.60706   12.92017   13.42074   14.02957   14.32515   14.21984   14.04993   14.90814   14.50598   14.25743   14.49042   15.28369   14.68087   15.93997   15.24276   16.27475   14.47907   17.44927   16.34334   16.83465   15.78982   16.93101   16.89649   17.27158   18.64971   18.90709   17.41351   17.60013   19.74614   20.44576   20.92229   19.17232   18.24647   19.34139   20.84375   19.25695   20.97109   19.79828   19.68177   18.36957   16.30131   13.91041    9.35321    4.73106    2.21954 
   12.05066   13.01916   12.74608   13.76285   13.85705   13.60327   13.68929   13.07796   13.84533   13.86637   13.08014   14.12970   14.23414   13.00173   13.83514   13.56376   14.25613   14.89435   15.56726   15.25400   15.49473   15.51995   16.41011   17.20957   16.68625   17.28638   16.55776   18.32290   16.77138   17.70774   17.56132   16.80428   18.38538   19.17039   17.09879   18.56758   19.76814   18.90575   19.88552   19.70280   19.06131   20.65827   20.28944   19.41544   19.02791   18.43378   16.67353   14.47894   10.50098    5.67033    2.67052 
   12.11822   12.40205   12.25667   12.38103   13.54260   12.95104   12.03141   13.18257   13.12705   13.77464   14.01194   13.90300   14.55069   13.08689   13.49744   13.84720   14.22179   14.39893   15.75081   16.06759   16.19945   16.24329   14.67644   15.34547   16.90365   18.19943   16.12126   16.71927   17.66719   17.59534   18.25965   18.34414   19.26295   19.76851   19.54149   19.98738   19.53350   19.24807   20.42892   20.54120   19.21462   19.98489   20.06515   20.50011   19.24507   17.92271   16.36150   14.20540    9.90871    5.19914    2.36539 
   12.75725   11.95547   12.28458   13.24526   12.34970   13.08329   13.26962   12.66311   14.61431   13.39035   14.35026   13.36852   13.55533   22.37194   22.26830   21.37905   24.59892   19.16728   19.87267   20.59682   20.30492   20.47348   21.64943   21.39983   21.43183   20.48546   19.17163   18.40028   17.08392   14.24025   10.33629    5.74979    3.03386    1.81590    1.26145    1.02669    2.05489    0.35970    0.39833    0.40133    0.42962    0.46042    0.45473    0.52050    0.59823    0.69593    0.86397    0.21045    0.22317    0.15445    0.18141 
   13.04922   12.64694   11.91380   12.71795   13.25366   11.75472   13.78271   12.85095   13.70574   13.38865   12.87551   13.94805   13.78713   14.00774   14.34758   14.53787   15.33534   14.29065   14.52061   15.38769   14.10382   15.05552   15.06177   15.49116   15.83890   17.27779   16.78443   16.77497   17.67553   15.55729   17.98336   17.07036   17.17275   19.15639   18.99147   17.27266   19.70798   19.89116   19.05202   19.47378   19.50359   20.31183   19.40696   20.25583   19.38652   18.75361   17.90024   16.07471   13.02181    8.54958    4.07823 
   12.71958   13.42381   12.47924   12.92141   13.20143   12.43754   12.96229   12.65341   12.44251   13.97086   13.42939   14.09087   14.60785   13.92713   14.26009   15.61723   14.19482   14.96737   14.76615   14.60500   14.49046   15.33845   15.93509   14.96373   16.85191   15.62129   16.77017   16.67582   16.99175   17.74277   17.30019   18.23984   17.45860   18.94220   17.60097   20.55282   18.47001   19.85716   20.15633   18.06070   20.64684   19.89329   20.40990   19.47537   19.44473   18.65827   17.04449   15.52345   12.14139    7.23694    3.27068 
   12.72259   13.01122   12.96827   13.03403   13.15594   13.11524   13.44878   14.04158   14.00965   14.07008   13.76649   13.26917   13.51770   15.32108   14.97481   14.65342   14.62749   14.46474   15.28896   14.81868   15.30405   15.11675   16.18571   17.42166   16.69031   16.30140   15.57216   16.98306   16.97141   17.11436   18.99813   17.00231   17.53652   19.02888   18.90792   18.84475   19.74777   19.60869   19.57104   18.71429   20.45571   21.51166   18.94217   19.13186   18.98287   17.79180   16.41454   14.44087   10.40172    5.48041    2.60337 
   13.09130   12.22376   12.84016   13.06094   13.09410   12.13155   12.70386   13.04630   14.45959   13.50200   13.95413   14.93709   13.31298   13.95276   13.92600   14.59681   14.63055   16.49759   14.77807   15.53011   16.45061   17.01978   15.50291   15.71589   16.77548   16.36125   16.89925   15.62330   16.29393   17.45692   16.60861   17.96161   17.65291   19.11927   18.96375   17.58102   20.64296   19.01598   18.73649   18.18853   19.99089   20.18225   19.09295   21.11493   19.83661   18.15609   16.50800   14.82686   11.71105    6.48435    3.01146 
   12.19117   12.66918   12.54026   13.42482   12.42691   13.27214   13.06237   12.50047   12.86782   13.21284   12.94950   12.98242   14.48261   13.66100   14.66377   14.03582   15.68553   15.14498   14.95856   15.05485   16.75869   17.02193   15.34173   15.94722   17.67142   15.57055   16.68434   16.66642   15.92367   17.01294   17.03935   18.10007   18.54981   17.23037   17.77797   18.84252   18.59664   19.64105   19.32870   18.18288   20.15440   20.27084   19.31991   20.03136   19.68040   19.20027   17.35789   15.87943   12.59974    7.50967    3.51581 
   11.91528   12.30842   12.90032   12.73436   12.83781   12.57354   13.07963   13.85108   14.41038   13.59526   12.97661   14.59604   13.32279   12.84986   14.07224   14.42021   12.92101   15.62417   15.00359   16.87027   16.76243   15.96280   15.22665   16.64741   16.14360   15.63968   14.42422   14.75220   16.13639   17.61385   18.02839   18.53457   17.13238   18.24610   19.92327   19.49365   18.45534   18.06832   18.18558   19.41035   19.63333   18.98960   20.19916   20.21797   20.27131   19.49384   17.83378   15.64166   12.96446    8.07812    3.92752 
   11.64342   13.10173   12.52884   14.18396   13.30452   13.23646   13.21059   13.19846   13.90248   13.07650   12.88172   14.59256   13.75693   14.32254   14.78313   15.08885   16.34522   14.51701   15.70932   15.56290   15.07393   16.22868   15.44480   16.24750   15.55190   16.57254   17.83006   16.85547   18.00732   18.21453   18.92625   19.72915   18.30961   19.44006   19.02809   19.57820   17.48314   19.51183   19.43061   19.91575   19.11428   20.59064   19.83209   20.02120   19.10186   17.66586   16.09765   13.20620    8.66534    4.17443    1.94350 
