   14.66356   15.19432   15.39470   14.58015   14.69272   14.72817   15.29565   15.41147   17.17535   16.27329   16.14669   17.05106   15.94311   16.44912   16.63017   17.70264   16.59153   17.75597   18.30072   18.79267   19.02106   19.40564   19.89449   18.60814   20.27311   19.89685   19.36827   20.06778   19.37499   19.30783   19.41222   17.08793   15.46644   12.39349    7.46988    3.43636    1.67432    1.31615    1.75197    0.00000    0.00000    0.00000    0.00000    0.00000    0.00000    0.00000    0.00000    0.00000    0.00000    0.00000    0.00000 
   14.56098   14.25440   15.40277   15.79279   15.68851   15.59250   15.41414   15.76077   15.04235   15.27030   16.47868   17.37009   16.39671   18.54752   17.43059   17.52903   18.13951   20.40963   18.55543   17.88361   20.13038   20.46108   19.29441   18.40260   19.96389   20.37916   19.85503   19.62070   19.58551   19.85915   18.01405   16.74019   14.30980   10.25429    5.29904    2.53549    1.37613    0.79633    0.48736    0.49474    0.62038    0.00000    0.00000    0.00000    0.00000    0.00000    0.00000    0.00000    0.00000    0.00000    0.00000 
   14.45554   15.30799   14.46420   15.20186   15.08157   15.75809   15.54794   15.01837   16.01301   14.38917   18.02905   16.96259   17.51570   15.96732   17.33182   18.16786   18.44169   19.83955   18.01973   18.08845   17.57133   18.91949   18.07509   19.82496   19.26322   20.39691   20.57647   18.73233   18.55154   17.95711   15.38908   12.05107    8.67945    5.31322    3.16497    2.06580    1.33083    0.99022    0.82003    0.72188    0.64626    1.06977    1.42872    0.15817    0.15215    0.16302    0.20146    0.18885    0.20405    0.20342    0.21526 
   14.32287   14.03060   14.55336   14.48478   15.32366   15.46910   15.20004   16.32746   17.08257   17.61723   15.48647   16.65034   16.38051   17.21803   18.06411   17.44349   16.70933   18.96848   19.26314   19.67619   18.03403   18.90537   19.19148   17.28241   19.69598   20.74974   20.04730   21.05849   18.93857   18.80868   18.57344   16.88181   14.96012   11.89152    6.89420    3.24061    1.58987    0.91969    0.68714    1.37777    0.00000    0.00000    0.00000    0.00000    0.00000    0.00000    0.00000    0.00000    0.00000    0.00000    0.00000 
   14.30792   14.01263   14.56289   14.70495   14.45274   14.52065   14.12473   15.14897   16.93040   15.86782   16.22709   17.00968   17.74305   17.07101   18.08805   17.70813   18.64758   17.38190   18.53337   18.50505   19.55484   19.50360   20.40173   18.70215   19.98459   18.82070   21.01807   20.67267   20.29499   19.33196   18.64948   17.00587   15.09567   11.70415    6.59644    2.90659    1.48648    0.84768    0.80922    1.06453    0.00000    0.00000    0.00000    0.00000    0.00000    0.00000    0.00000    0.00000    0.00000    0.00000    0.00000 
   15.16093   15.07954   15.87110   14.52153   15.65332   14.34822   14.67998   16.21974   17.39302   16.83760   16.88318   16.76406   15.16202   17.32633   17.66178   17.56862   17.86148   18.29720   19.79753   18.53873   20.08793   20.47277   20.15786   18.13881   19.06979   19.71619   21.76581   19.80069   20.05895   18.92258   18.12865   15.93496   14.06715   10.30020    5.39805    2.43470    1.30825    1.53777    1.07297    0.00000    0.00000    0.00000    0.00000    0.00000    0.00000    0.00000    0.00000    0.00000    0.00000    0.00000    0.00000 
   14.98146   13.70874   15.00776   14.67170   14.50714   15.90582   15.03724   16.08147   15.93427   16.07767   15.90263   17.34523   17.09234   16.70415   17.91452   17.67961   17.24504   16.74846   16.40486   18.08072   17.89042   19.67105   18.82310   18.87684   20.58207   20.02093   20.04672   20.97191   20.20757   19.52880   18.61817   17.52594   15.76929   13.47741   11.45317    3.50577    0.00000    0.00000    0.00000    0.00000    0.00000    0.00000    0.00000    0.00000    0.00000    0.00000    0.00000    0.00000    0.00000    0.00000    0.00000 
   15.23332   14.31645   15.95389   15.35056   14.85898   15.48207   15.72029   14.64380   17.15363   16.40639   16.88235   16.03591   14.54891   17.24343   17.41497   18.61012   19.09839   19.03411   19.06510   18.22177   20.81065   19.14415   17.36002   20.98093   20.93469   20.14270   19.71998   20.84263   19.87832   19.02491   18.41914   16.37672   13.98629    9.95579    5.06203    2.33605    1.26018    0.73750    1.27162    0.48126    0.00000    0.00000    0.00000    0.00000    0.00000    0.00000    0.00000    0.00000    0.00000    0.00000    0.00000 
   13.93557   15.61814   12.84082   14.99293   14.88288   15.05269   15.20891   15.43145   15.13816   16.57402   16.57255   17.70329   17.54271   17.81217   17.67069   18.20513   19.36519   18.26204   17.95042   20.07928   18.85602   18.74778   19.04976   20.11609   21.15732   19.16037   19.62625   19.20457   19.80863   19.34832   18.35894   16.72034   14.96738   10.99471    6.07558    2.77648    1.44890    0.98429    0.70796    1.05127    0.00000    0.00000    0.00000    0.00000    0.00000    0.00000    0.00000    0.00000    0.00000    0.00000    0.00000 
   15.44445   14.86339   14.90096   17.34206   14.77509   14.72395   14.76480   15.90612   16.19974   16.89147   16.33629   16.33401   18.50795   17.61680   16.32156   16.30993   17.76334   18.52500   17.65540   17.94013   19.69822   18.81430   18.57411   20.01615   19.15190   20.36807   20.56347   19.67755   19.75707   20.19546   17.76847   17.11480   14.64852   11.24585    6.20110    2.86264    1.47970    1.76522    0.97497    0.00000    0.00000    0.00000    0.00000    0.00000    0.00000    0.00000    0.00000    0.00000    0.00000    0.00000    0.00000 
   15.46072   14.52518   14.80843   15.71544   15.06639   15.50909   15.16522   16.10566   15.28324   16.34674   16.51318   17.40613   16.61357   16.22232   18.80137   18.33708   18.74119   19.10698   18.19391   18.27355   19.94622   16.31523   19.82182   19.60825   18.21390   19.00080   20.62114   19.75910   20.03199   18.91070   18.36813   17.04858   15.05124   11.45153    6.39714    2.91889    1.51717    1.30001    1.52276    0.00000    0.00000    0.00000    0.00000    0.00000    0.00000    0.00000    0.00000    0.00000    0.00000    0.00000    0.00000 
   14.64842   15.65670   15.24000   15.14629   15.65142   15.64495   16.12114   16.27835   16.20157   15.00825   16.30122   14.89390   17.00096   17.47707   17.89615   18.51717   18.33670   17.61010   19.41610   18.26025   18.82248   20.09111   18.90476   19.20935   22.09771   21.48015   20.46236   19.76354   20.00525   19.51621   17.88520   16.11410   13.80381    9.70586    4.84942    2.33133    1.20623    0.76588    0.50850    0.45665    0.71338    0.00000    0.00000    0.00000    0.00000    0.00000    0.00000    0.00000    0.00000    0.00000    0.00000 
   14.67478   15.24251   15.45563   16.18353   14.76152   15.82735   16.48408   15.38934   15.95814   16.27691   16.71173   16.83848   16.24927   17.03289   19.04248   18.16718   16.86330   19.25400   19.06612   18.41218   19.05624   20.72479   18.26747   21.29043   20.95593   18.81291   20.19199   20.09880   21.06078   19.08631   17.90454   16.29746   13.19162    9.17377    4.46663    2.09288    1.11041    0.66954    0.55040    1.10565    0.00000    0.00000    0.00000    0.00000    0.00000    0.00000    0.00000    0.00000    0.00000    0.00000    0.00000 
   14.86004   14.08012   15.36176   15.85183   14.96214   15.20808   15.92805   16.66910   16.68038   15.29489   15.63984   16.99973   16.51716   18.03850   18.16081   18.85467   19.27200   18.83637   18.08896   19.50741   19.77303   20.11458   18.86469   18.96023   19.83003   20.07546   21.21048   19.68126   19.63429   19.70480   17.81826   16.40004   13.92865    9.18003    4.63722    2.02745    1.04708    0.65958    0.73352    0.90746    0.00000    0.00000    0.00000    0.00000    0.00000    0.00000    0.00000    0.00000    0.00000    0.00000    0.00000 
   14.21674   13.91184   15.20864   15.50814   14.98777   16.82349   14.63796   14.56601   16.20226   16.51070   16.01412   16.16443   17.20030   15.75257   17.44645   17.58017   19.62307   18.05115   18.67290   18.70382   18.12840   18.77139   20.00811   19.01477   21.12983   19.58476   20.72366   19.78462   20.54182   20.03748   18.78019   16.79993   14.80404   11.18856    5.93481    2.78187    1.48376    0.85382    0.57415    0.42128    0.87019    0.00000    0.00000    0.00000    0.00000    0.00000    0.00000    0.00000    0.00000    0.00000    0.00000 
   14.69800   14.52510   15.04795   15.59020   15.17962   14.96485   15.72287   16.69659   16.60916   16.31006   17.76087   16.56446   16.69908   17.68594   17.84158   18.49194   17.55307   18.57779   18.47219   17.93543   18.75220   20.59589   19.66984   19.24022   19.73662   19.38370   19.46749   20.32311   18.91984   19.96921   18.09444   16.39688   14.20458   10.38946    5.59138    2.47613    1.33770    1.66753    0.85702    0.00000    0.00000    0.00000    0.00000    0.00000    0.00000    0.00000    0.00000    0.00000    0.00000    0.00000    0.00000 
   14.44629   14.41805   15.64913   15.16791   15.51937   16.35121   15.85570   14.97861   16.22165   16.74769   18.58000   16.62599   17.68074   16.96534   18.03305   17.45352   17.14867   17.44489   18.46861   18.31659   18.99892   18.84809   19.18259   19.85597   19.38422   17.87198   19.92811   20.82431   18.77234   19.72520   18.55880   17.17180   14.75011   11.03388    6.03667    2.83221    1.55251    0.76792    0.52272    0.75287    0.55577    0.00000    0.00000    0.00000    0.00000    0.00000    0.00000    0.00000    0.00000    0.00000    0.00000 
   14.43372   13.71373   14.52474   15.84357   15.96265   15.67999   16.95788   14.48875   16.44255   16.03090   15.94150   16.02748   16.87689   18.68199   16.74558   16.72073   18.30252   17.30183   18.15068   19.07556   18.64074   18.20466   18.45684   18.18937   19.74553   19.88367   20.01313   20.22602   20.38612   19.13689   18.73673   17.25545   15.28463   12.56743    7.34620    3.39553    1.75581    1.08399    0.55423    1.06974    0.16404    0.00000    0.00000    0.00000    0.00000    0.00000    0.00000    0.00000    0.00000    0.00000    0.00000 
   13.77971   14.53114   14.51810   15.88637   15.86509   15.45334   15.21391   15.80239   16.04384   16.04797   16.92392   17.72284   16.63339   16.91623   18.85557   18.12418   18.89370   19.24234   18.04574   18.97104   19.09499   20.91919   17.66209   18.91514   19.82976   19.32451   20.43564   21.17886   19.35460   19.36550   18.21785   16.13979   14.35588   10.27068    5.21672    2.43337    1.43060    2.38402    0.00000    0.00000    0.00000    0.00000    0.00000    0.00000    0.00000    0.00000    0.00000    0.00000    0.00000    0.00000    0.00000 
   14.06117   15.20538   15.03594   15.08420   14.22818   14.87301   15.16177   16.46897   16.05559   16.80244   17.03581   15.81572   15.49311   16.27316   17.84549   17.21015   18.82496   18.52824   18.15704   17.85127   20.48516   18.26030   20.23651   18.14860   20.46154   20.58891   20.37631   19.04945   20.15461   19.30698   18.85061   17.55476   15.06336   11.69909    6.41581    3.03690    1.45193    0.97566    1.87193    0.00000    0.00000    0.00000    0.00000    0.00000    0.00000    0.00000    0.00000    0.00000    0.00000    0.00000    0.00000 
   13.81614   13.98870   15.20509   14.59952   15.62847   16.26118   14.22536   14.72044   15.47293   16.42918   16.65366   18.02545   16.16659   16.20556   17.27597   16.84485   17.79277   18.04809   19.22533   17.82676   18.92826   17.87957   17.23165   19.21770   21.56520   18.31201   19.16699   19.09774   19.39384   19.35799   19.93179   17.68157   15.66399   13.33948    8.97574    4.37695    2.05631    1.10895    0.81971    0.52820    0.95430    0.00000    0.00000    0.00000    0.00000    0.00000    0.00000    0.00000    0.00000    0.00000    0.00000 
   14.23196   15.04881   15.60604   15.11951   15.05631   15.56753   15.17337   15.34757   17.35811   14.85999   17.31653   17.34516   17.47984   17.69956   16.71954   17.32057   18.80634   17.80396   18.44151   18.41851   17.57486   19.32658   20.63307   19.97366   19.55589   18.40991   20.59650   20.84072   19.18893   19.91737   18.05126   16.35961   14.66105   11.30059    5.93157    2.80552    1.38266    0.85912    0.61238    0.50034    0.79768    0.00000    0.00000    0.00000    0.00000    0.00000    0.00000    0.00000    0.00000    0.00000    0.00000 
   14.07925   14.20720   14.69371   15.53453   14.69900   15.31892   16.20996   16.40140   16.47664   16.12018   16.73812   16.19936   16.69764   17.22144   16.77081   16.84408   18.80095   17.75541   18.43418   19.77330   19.59692   18.70830   20.03483   19.18133   19.25886   21.14986   19.93064   18.96909   20.67522   19.50678   18.36454   16.59979   14.61007   11.41741    5.99570    2.88858    1.39590    0.84631    0.61584    1.27796    0.00000    0.00000    0.00000    0.00000    0.00000    0.00000    0.00000    0.00000    0.00000    0.00000    0.00000 
   14.49834   15.17097   14.86767   14.87209   15.79142   15.09913   15.64165   14.81753   15.60660   17.08837   14.87603   17.05129   17.36845   16.86235   17.33395   17.46267   18.57976   18.40221   18.32808   18.68423   19.40162   19.32845   20.94871   20.01304   18.71652   17.64757   19.79428   20.56511   19.78017   19.53205   18.77812   16.82576   14.97934   11.38334    6.51663    3.01963    1.44355    0.92913    0.63324    0.55176    0.80918    0.00000    0.00000    0.00000    0.00000    0.00000    0.00000    0.00000    0.00000    0.00000    0.00000 
   13.84943   13.47571   15.01186   13.99350   15.79996   15.12175   14.90034   15.19489   15.24720   16.99455   16.05383   16.80354   16.61845   17.16099   16.78127   19.89462   16.50990   18.22803   17.90292   18.08646   18.47094   21.29272   18.96769   20.66955   19.15502   19.07572   20.01893   19.47038   21.08593   19.92728   18.51120   17.37121   15.38076   12.25738    7.01661    3.22648    1.59436    1.32143    1.55723    0.00000    0.00000    0.00000    0.00000    0.00000    0.00000    0.00000    0.00000    0.00000    0.00000    0.00000    0.00000 
   14.24114   14.52644   14.53924   15.55067   14.14764   15.71498   15.97976   15.11207   15.59367   15.73186   15.35566   16.95365   15.84620   17.85722   17.19563   17.54375   16.13298   17.25906   19.56782   19.87506   18.35822   21.44162   20.63701   19.03733   20.99785   18.21221   19.90207   20.16041   20.34689   20.02190   18.15494   16.81305   14.86329   11.95139    6.86780    3.09111    2.57420    1.84422    0.00000    0.00000    0.00000    0.00000    0.00000    0.00000    0.00000    0.00000    0.00000    0.00000    0.00000    0.00000    0.00000 
   13.65526   14.82666   15.71515   15.22070   14.63744   13.34663   15.52539   15.14637   16.43417   15.93323   17.19720   17.74507   16.18704   17.83654   17.03217   17.14782   17.79416   18.50424   17.20314   18.95372   18.22523   18.78511   20.59277   18.72403   21.45728   20.54052   19.80750   19.69506   19.74124   19.76419   18.61287   16.96666   14.96111   11.87910    6.67247    3.05810    1.56550    0.88950    0.56933    1.45032    0.00000    0.00000    0.00000    0.00000    0.00000    0.00000    0.00000    0.00000    0.00000    0.00000    0.00000 
   15.93080   14.45873   15.05517   15.62451   14.72371   15.60169   15.87836   16.37832   16.59035   15.42449   15.96036   16.05162   16.87490   17.70340   17.07440   17.08881   17.43360   17.25958   17.67362   17.35714   18.60955   19.12835   16.85863   19.61545   20.31541   20.12764   19.10900   18.83018   19.52448   20.63936   19.53706   16.78344   15.66188   12.44705    8.64496    3.69568    1.58022    1.98818    0.75991    0.00000    0.00000    0.00000    0.00000    0.00000    0.00000    0.00000    0.00000    0.00000    0.00000    0.00000    0.00000 
   14.98170   15.36446   13.96285   14.90666   14.20476   16.28973   14.98673   16.26990   15.35621   15.72930   16.51089   17.39494   16.36227   16.84677   17.16521   18.01058   18.06831   18.50224   19.38784   17.58555   19.72247   20.62238   20.18388   19.29350   20.38196   19.74603   20.53092   21.18337   20.40161   19.99523   18.08895   16.39784   13.98674   10.15886    5.71063    3.09264    2.19554    0.42057    0.00000    0.00000    0.00000    0.00000    0.00000    0.00000    0.00000    0.00000    0.00000    0.00000    0.00000    0.00000    0.00000 
   13.85674   14.67895   15.27078   15.17880   14.78497   14.29904   14.44014   16.34950   16.01263   16.94825   16.28192   16.51475   17.25445   17.43181   17.66331   17.59064   17.60424   17.36695   18.92337   20.47093   19.99598   19.43201   19.39614   19.18279   19.43573   19.00750   19.83124   19.78289   20.28434   19.04969   18.63212   16.76326   15.04198   11.63033    6.47913    2.93187    1.49233    2.70853    0.00000    0.00000    0.00000    0.00000    0.00000    0.00000    0.00000    0.00000    0.00000    0.00000    0.00000    0.00000    0.00000 
   15.00923   15.16258   14.38112   16.46007   15.22923   14.70415   14.84164   16.82429   15.95810   16.14217   15.78864   17.23941   16.95697   17.87176   18.66776   17.90464   19.29268   16.83767   18.59753   18.89585   19.24196   20.34666   18.82461   19.43373   19.54908   19.29692   20.94178   20.42171   20.65151   19.28840   18.01509   16.41706   14.04708    9.83314    4.95308    2.29530    1.25795    0.73344    0.46731    0.53348    0.68522    0.00000    0.00000    0.00000    0.00000    0.00000    0.00000    0.00000    0.00000    0.00000    0.00000 
   13.72674   14.64845   14.79735   14.31024   15.14550   15.91240   15.39274   16.10879   15.62894   16.37886   16.57207   16.59013   17.67706   17.47783   16.13567   17.77630   18.92863   17.87913   18.51866   20.20431   18.95342   19.25485   19.68637   18.86066   19.54160   19.64494   20.66512   19.61849   19.48351   20.93887   18.44033   16.90941   14.39154   10.89318    6.05782    4.71140    2.13868    0.00000    0.00000    0.00000    0.00000    0.00000    0.00000    0.00000    0.00000    0.00000    0.00000    0.00000    0.00000    0.00000    0.00000 
   14.81103   14.60657   15.06238   14.51238   14.77567   14.53136   14.95755   17.05504   16.38420   16.89903   18.17009   16.47762   17.10115   17.14555   17.10332   18.98009   18.39133   18.02761   19.87825   18.35843   19.14156   19.17999   18.84458   20.06115   17.72957   19.93260   19.81907   21.50404   19.70763   19.58784   18.15327   16.72366   14.34279   10.24985    5.40847    2.56391    1.33845    0.71219    0.69633    0.56921    0.50518    0.00000    0.00000    0.00000    0.00000    0.00000    0.00000    0.00000    0.00000    0.00000    0.00000 
   13.36892   15.66301   15.45298   15.75870   16.54317   15.40777   16.49385   15.88913   15.54315   16.31215   16.85138   17.39526   17.78337   14.93306   16.56950   17.99958   16.95950   18.14756   18.33718   18.50036   20.27992   19.87528   18.96976   21.39163   20.51583   19.51355   20.36773   20.42915   19.84590   19.49417   18.00569   16.56771   13.87202    9.90117    5.09667    2.31109    2.41681    1.23633    0.00000    0.00000    0.00000    0.00000    0.00000    0.00000    0.00000    0.00000    0.00000    0.00000    0.00000    0.00000    0.00000 
   14.50725   14.22420   14.55293   14.91165   15.53609   15.08122   14.97142   14.23324   15.12239   16.55201   15.75245   16.62142   17.28078   16.34014   19.24059   18.49077   18.94518   17.68524   18.27374   19.08180   18.11708   19.83439   18.94588   20.46237   19.27835   18.57904   21.21075   20.88563   20.39805   19.37495   18.81130   16.79763   14.71923   11.67215    6.45251    2.83757    1.60236    0.93516    1.68109    0.00000    0.00000    0.00000    0.00000    0.00000    0.00000    0.00000    0.00000    0.00000    0.00000    0.00000    0.00000 
   14.02719   14.74697   14.65015   13.84845   15.89530   14.80914   14.40470   16.79483   15.81098   15.02915   16.01617   16.56929   16.52098   18.19293   17.51937   16.91180   18.40379   17.91736   19.04821   19.80454   19.49758   19.27565   17.91140   19.99126   19.82702   19.53523   21.75804   20.36927   20.43468   19.48540   17.79461   17.33839   14.73722   11.39828    6.42782    3.03728    1.69447    1.88114    0.68394    0.00000    0.00000    0.00000    0.00000    0.00000    0.00000    0.00000    0.00000    0.00000    0.00000    0.00000    0.00000 
   13.76669   14.52798   14.87931   15.24193   15.49782   15.07911   14.61129   14.90715   16.49960   15.86778   16.43879   16.63593   16.79886   17.26481   17.28729   18.44212   18.10171   18.10034   18.90172   17.81868   18.21188   20.09419   19.96465   18.01998   21.27387   18.79553   19.35893   18.86895   19.88735   19.83121   18.43824   17.42041   15.49498   12.26406    7.37123    3.36945    1.67066    1.00957    0.65744    1.32849    0.00000    0.00000    0.00000    0.00000    0.00000    0.00000    0.00000    0.00000    0.00000    0.00000    0.00000 
   14.96770   14.97764   16.02416   14.32292   14.22715   14.34172   15.30591   16.16312   16.39050   16.77209   16.45846   17.11958   17.59340   17.97897   16.25299   17.08011   16.74083   18.03582   18.67793   18.64797   18.77172   19.71088   19.75832   18.10294   20.64762   19.70401   19.72511   21.09238   19.80157   20.43405   17.99957   16.86536   14.64417   11.29793    6.62836    2.92089    1.36259    0.75050    0.83580    0.86727    0.00000    0.00000    0.00000    0.00000    0.00000    0.00000    0.00000    0.00000    0.00000    0.00000    0.00000 
   15.18197   13.89115   15.18426   14.47915   14.30809   14.92342   15.93021   15.68833   16.06685   16.43241   17.06340   17.92896   17.99886   17.75488   17.15654   18.98490   18.73475   18.59646   18.41982   18.96231   20.92365   19.85855   19.20942   18.23597   19.70428   20.00030   20.16137   19.14991   20.16189   18.98445   18.66993   16.40467   13.85046    9.83606    5.04613    2.46937    1.41263    0.72791    0.69147    0.81489    0.00000    0.00000    0.00000    0.00000    0.00000    0.00000    0.00000    0.00000    0.00000    0.00000    0.00000 
   14.10698   14.93645   14.77478   15.91390   14.84268   15.18536   16.58088   15.61581   15.32297   16.28357   15.16892   16.45638   17.35007   17.96204   17.25392   18.32466   15.76879   16.87785   19.00288   20.16024   19.48358   19.81820   19.59259   20.56448   19.94411   19.41521   19.19902   19.45059   19.69886   19.83226   18.09415   16.66620   14.67364   11.64067    6.65465    3.05360    1.64463    1.65437    1.03009    0.00000    0.00000    0.00000    0.00000    0.00000    0.00000    0.00000    0.00000    0.00000    0.00000    0.00000    0.00000 
   15.45253   15.05222   14.64563   16.01217   15.67219   14.33258   14.53758   15.48063   15.81471   14.96002   15.69002   16.50072   17.90145   17.88638   17.15606   16.61523   17.08116   17.60358   18.50684   17.74961   17.71838   19.47150   17.72654   18.46062   18.99318   21.72006   19.88027   20.37994   19.94841   20.16155   18.50658   17.81403   15.71163   12.55598    7.70919    3.59598    1.90692    1.05769    0.69611    1.33413    0.00000    0.00000    0.00000    0.00000    0.00000    0.00000    0.00000    0.00000    0.00000    0.00000    0.00000 
   15.01067   16.02875   15.39122   15.42500   16.18643   16.09227   14.69184   14.14854   14.89779   15.78330   17.27264   15.87744   17.25778   17.16293   18.48656   18.25954   18.17772   17.57269   20.70368   18.56192   17.96111   20.17896   20.08858   17.71604   18.36903   19.65449   19.48036   20.68711   19.62810   19.16892   18.44996   17.15766   14.87268   11.02117    5.78179    2.77147    1.43098    0.83878    0.55998    1.19414    0.00000    0.00000    0.00000    0.00000    0.00000    0.00000    0.00000    0.00000    0.00000    0.00000    0.00000 
   13.90009   14.76962   14.47311   15.90197   15.87188   15.08902   15.66694   16.55366   15.60816   16.59890   16.66628   16.72272   17.06771   17.07397   18.17694   16.90942   18.06696   18.32686   17.26504   18.86195   19.25471   20.89799   18.86756   20.44316   19.26605   20.25604   20.41098   20.69340   19.45489   18.59923   17.95833   16.93390   14.54707   10.77184    5.63919    2.49894    1.32430    1.12825    0.93032    0.55264    0.00000    0.00000    0.00000    0.00000    0.00000    0.00000    0.00000    0.00000    0.00000    0.00000    0.00000 
   15.20612   14.62201   15.14925   16.00024   15.59758   14.33854   16.12232   15.08835   16.02532   15.46313   16.87359   16.94056   16.25644   17.90117   17.91467   17.58265   18.17784   17.18522   17.28899   17.65269   17.36183   19.27619   19.04179   19.22076   20.11500   20.42639   20.05658   19.94799   19.93647   20.34552   18.24618   16.78014   14.80495   11.93879    7.11900    3.41999    1.61014    1.01131    0.84857    1.10573    0.00000    0.00000    0.00000    0.00000    0.00000    0.00000    0.00000    0.00000    0.00000    0.00000    0.00000 
   15.09728   15.02044   14.75689   15.26366   15.63927   16.59766   15.84375   16.21297   15.38166   16.00542   15.37379   16.75983   17.90601   18.14569   16.04024   17.70970   19.44691   18.78159   18.05406   18.79660   19.19744   19.14818   19.05302   19.15561   18.79029   21.19370   20.63823   19.91325   19.78053   20.00609   18.29445   16.14197   14.25198   10.12896    5.27081    2.38509    1.27267    0.72135    0.53337    0.56846    0.72113    0.00000    0.00000    0.00000    0.00000    0.00000    0.00000    0.00000    0.00000    0.00000    0.00000 
   14.63766   15.55343   15.71158   15.33728   14.43914   14.96963   14.28319   16.12262   15.12786   17.25544   18.09041   17.42595   16.79632   18.05579   16.79616   19.07425   18.24683   18.90775   18.58691   17.97041   19.11754   19.74613   18.70197   20.03277   20.01748   20.34951   20.06476   20.07808   19.84876   19.57249   17.91137   15.82169   14.14454    9.93124    5.07410    2.42544    1.27156    0.76637    0.55449    1.18110    0.00000    0.00000    0.00000    0.00000    0.00000    0.00000    0.00000    0.00000    0.00000    0.00000    0.00000 
   13.78920   14.84181   14.20607   14.46277   16.14583   14.55779   15.64887   15.22970   15.99593   15.21748   15.51558   16.59264   17.37899   16.72373   16.41674   17.14088   18.72546   18.76211   18.51608   17.89184   18.18441   21.08186   20.37731   19.19074   21.05800   19.54240   19.09100   20.40954   19.76121   18.80521   19.33225   17.13861   15.04567   12.05384    7.18380    3.34073    1.62758    0.93645    0.57733    1.23934    0.26320    0.00000    0.00000    0.00000    0.00000    0.00000    0.00000    0.00000    0.00000    0.00000    0.00000 
   13.18277   14.85922   15.72694   16.00113   14.03783   15.40085   15.12046   15.07175   15.14826   18.01284   15.42452   17.07487   17.07096   18.31274   16.62344   17.85647   17.36847   18.56326   18.53081   20.35397   19.73989   19.03813   19.18471   20.12349   20.62273   20.44941   20.37239   20.13876   19.51973   19.32250   18.39294   16.65428   14.36439   10.45479    5.48042    2.47951    1.30510    0.83427    0.68057    1.10047    0.00000    0.00000    0.00000    0.00000    0.00000    0.00000    0.00000    0.00000    0.00000    0.00000    0.00000 
   14.82804   14.80777   13.31914   15.03117   14.46391   14.99683   15.00728   14.67565   16.52601   14.60764   16.18549   15.61297   17.06713   16.68805   17.96024   17.37778   18.01779   18.65094   18.90740   18.24351   18.02604   17.50597   21.16156   18.65433   20.64389   20.05868   20.29496   20.67142   19.26790   20.06641   18.47491   17.31680   15.57314   12.62090    7.90939    3.81521    1.75995    1.02683    1.62651    0.55046    0.00000    0.00000    0.00000    0.00000    0.00000    0.00000    0.00000    0.00000    0.00000    0.00000    0.00000 
   14.44882   14.93657   14.69092   14.43555   16.58478   15.78738   15.42995   15.82622   15.66450   15.30995   16.36515   16.63698   16.20157   16.95749   17.14586   17.44910   16.60655   17.41921   19.92566   18.85279   18.05236   18.42480   19.01294   21.69892   19.57155   19.65910   20.09224   20.55455   20.29940   19.69922   17.61110   17.19149   15.18294   11.75924    6.80367    3.19059    1.59467    1.02011    0.83507    0.77243    0.29860    0.00000    0.00000    0.00000    0.00000    0.00000    0.00000    0.00000    0.00000    0.00000    0.00000 
   15.13754   15.16028   15.77328   15.26369   15.00407   14.91805   16.08323   16.21871   17.18613   16.54994   16.28889   16.49411   15.28080   16.56186   19.56986   17.70932   19.54446   18.96080   19.15469   18.68608   20.21270   18.75697   20.36892   18.58209   19.22950   19.38292   21.37476   19.86430   20.49265   19.06131   18.11204   15.54287   13.59338    9.56696    4.57939    2.12179    1.17424    1.06323    1.21217    0.16203    0.00000    0.00000    0.00000    0.00000    0.00000    0.00000    0.00000    0.00000    0.00000    0.00000    0.00000 
   15.31957   15.52485   15.04154   15.16608   15.78288   15.16750   15.47661   17.52443   14.89992   15.51033   15.91646   16.15147   18.60284   18.66434   18.45498   18.24364   17.02015   16.77856   17.82341   18.11103   18.19844   20.45225   19.86479   20.01114   20.22541   18.71447   20.21215   20.16477   19.92715   19.02620   18.05420   16.86673   14.18517   10.73145    5.69143    2.60071    1.39378    0.75982    0.70675    0.43304    0.59955    0.00000    0.00000    0.00000    0.00000    0.00000    0.00000    0.00000    0.00000    0.00000    0.00000 
   15.24807   15.54564   15.21073   15.18287   14.01183   15.73812   14.03003   16.48966   15.81784   16.20950   16.42957   16.76996   17.40187   18.05046   17.44133   19.46807   18.80151   16.99795   19.12582   17.15324   19.26423   20.24488   19.64935   19.69020   20.09149   20.18344   20.82724   20.14785   19.88507   15.07686   11.83246    7.95025    5.01868    3.00699    1.96196    1.32586    0.94944    0.79489    0.90487    0.93719    0.84086    1.19528    0.16977    0.16888    0.17476    0.17771    0.16896    0.23965    0.21049    0.17972    0.21316 
   14.80333   13.71802   15.90545   15.20114   14.73313   15.62512   17.75842   15.94235   16.35329   17.03701   16.41465   16.55166   16.59825   16.34089   17.38582   17.79023   17.69841   18.15691   16.91152   18.94492   18.91598   18.10827   18.98801   19.72118   20.54219   20.88234   18.81255   19.83631   19.89790   20.14936   18.71805   17.26697   14.50553   10.84884    6.09062    2.90881    1.51464    1.34528    1.07665    0.00000    0.00000    0.00000    0.00000    0.00000    0.00000    0.00000    0.00000    0.00000    0.00000    0.00000    0.00000 
   13.98149   13.82335   15.44493   14.49145   16.02631   15.76504   14.95709   15.88773   15.32296   15.16242   17.66124   17.45832   17.70815   16.25498   17.26703   18.50690   16.20999   18.78078   17.57650   17.98423   17.82236   17.88170   19.60046   20.11521   20.35606   20.26626   20.30906   20.83743   20.15578   19.73773   18.49278   17.26020   15.00884   11.64542    7.20016    4.11826    2.22520    0.69619    0.00000    0.00000    0.00000    0.00000    0.00000    0.00000    0.00000    0.00000    0.00000    0.00000    0.00000    0.00000    0.00000 
   14.45773   15.02117   13.99937   16.23010   15.87336   15.63188   16.03465   15.15249   16.00213   15.77926   15.79884   17.32285   15.74185   17.94194   17.55111   16.03663   17.57282   18.38882   18.48640   18.91055   19.27357   19.57870   19.19403   18.70660   19.23849   21.66579   19.98685   20.88603   21.01424   20.06908   17.89891   16.76490   14.78268   10.67096    5.91933    2.58139    1.46747    0.85881    1.50824    0.00000    0.00000    0.00000    0.00000    0.00000    0.00000    0.00000    0.00000    0.00000    0.00000    0.00000    0.00000 
   15.83913   15.36810   15.28219   14.90185   15.81874   14.89260   15.19532   15.19604   16.13839   17.58857   15.98862   16.80121   17.85631   17.04764   17.52615   18.13728   16.64033   17.68745   17.96460   18.48703   19.31813   18.53077   19.26632   21.16196   18.82822   19.75034   20.28244   19.64648   19.94486   19.05488   18.66688   17.02852   14.38467   11.01441    5.93101    2.73081    1.40519    0.84584    0.95114    0.89959    0.00000    0.00000    0.00000    0.00000    0.00000    0.00000    0.00000    0.00000    0.00000    0.00000    0.00000 
   14.76594   14.04632   15.50331   15.99584   15.71317   15.22215   15.70906   16.31236   15.62296   17.00004   17.25102   17.83568   16.69137   18.12286   17.25214   17.09358   18.62855   17.41347   18.74496   16.56190   18.75505   18.32403   18.33193   18.91812   20.57656   20.25744   19.66823   20.49111   19.20900   19.62415   18.60475   17.09714   14.72794   11.11834    5.97504    2.73089    1.38786    0.85497    0.57511    1.28564    0.00000    0.00000    0.00000    0.00000    0.00000    0.00000    0.00000    0.00000    0.00000    0.00000    0.00000 
   15.14927   15.26654   14.56488   14.97965   14.51170   16.28832   14.76756   15.65920   15.65536   16.21146   17.13987   16.01419   16.89165   17.93246   18.60122   17.21556   18.54182   16.76288   18.34510   19.24209   18.25830   18.11092   19.01452   18.08530   19.38057   20.54343   20.59968   20.41779   19.94792   19.68359   18.74265   16.90868   14.95106   11.47153    6.71560    3.03923    1.55191    0.89911    1.18197    0.75544    0.00000    0.00000    0.00000    0.00000    0.00000    0.00000    0.00000    0.00000    0.00000    0.00000    0.00000 
   14.26610   14.75397   14.85768   14.76218   16.21517   15.58107   14.70259   16.01310   16.19742   15.94370   17.07796   15.94450   16.90535   17.46641   16.12757   16.60328   17.90659   18.66414   18.21983   18.33154   19.19898   19.51568   18.62364   17.80462   19.17381   20.03611   19.91357   20.27460   18.82655   19.36143   19.10776   17.49003   15.67051   12.49760    7.61019    3.57866    1.63574    1.06699    0.99008    0.88766    0.19565    0.00000    0.00000    0.00000    0.00000    0.00000    0.00000    0.00000    0.00000    0.00000    0.00000 
   14.99293   15.26601   15.12992   14.95727   14.84502   15.12221   16.15080   15.48468   15.34048   17.17635   16.76704   16.37523   16.82656   19.18736   16.48955   17.18567   16.67611   17.47512   17.90788   18.12460   16.78877   19.66997   18.91492   20.48918   21.34239   18.67729   20.47025   20.42800   20.12826   19.88987   18.53236   16.87128   14.92821   11.46267    6.58782    2.98732    1.46907    0.87418    2.00744    0.00000    0.00000    0.00000    0.00000    0.00000    0.00000    0.00000    0.00000    0.00000    0.00000    0.00000    0.00000 
   13.17465   15.11465   14.61639   14.81722   16.57494   15.49073   16.13656   16.80531   15.75843   15.19435   16.45872   17.40351   16.41467   17.26923   17.68044   16.55391   18.91267   17.87573   17.87154   19.79299   19.50909   18.29768   18.40622   17.59303   19.41781   19.90680   19.17085   20.26816   19.36300   18.98695   18.26168   17.73477   15.46886   12.33223    8.83722    3.06233    1.12519    0.76916    1.33167    0.24065    0.00000    0.00000    0.00000    0.00000    0.00000    0.00000    0.00000    0.00000    0.00000    0.00000    0.00000 
   14.76160   13.76645   14.44458   15.35131   14.83197   13.91510   16.36503   15.13811   16.35433   17.09549   16.28330   15.23108   18.38061   18.02758   16.91059   16.54980   15.75794   18.28141   18.78742   19.73938   16.71763   19.64371   19.81322   21.57979   19.11020   20.60274   20.05482   19.05931   19.17518   20.52090   18.66280   17.05305   15.26391   11.94872    7.01148    3.26190    1.64966    0.93609    0.64136    0.79562    0.52482    0.00000    0.00000    0.00000    0.00000    0.00000    0.00000    0.00000    0.00000    0.00000    0.00000 
   14.80697   14.73386   14.50779   15.46359   15.08523   15.35800   15.10469   15.76661   16.24891   16.96018   16.33780   17.90837   17.70746   17.54529   17.37011   17.66077   19.20353   17.37138   17.97715   19.07013   20.04056   19.47449   20.97306   19.08858   19.18833   21.14648   20.05372   20.15842   19.17186   19.51107   18.57063   16.31828   13.93817    9.64136    4.68984    2.21106    1.17886    0.70909    0.57380    1.17451    0.00000    0.00000    0.00000    0.00000    0.00000    0.00000    0.00000    0.00000    0.00000    0.00000    0.00000 
   15.59493   15.58724   14.89703   13.74670   14.52510   16.38844   15.13780   16.48151   16.75929   16.39438   16.01981   17.46156   18.69369   17.47837   17.81738   15.88503   18.40624   19.84469   19.03055   18.78966   19.89647   20.18706   19.65945   20.61056   21.46559   17.62040   19.88273   19.74850   20.13096   18.81695   17.66127   15.88683   13.80037    9.30343    4.66120    2.14399    1.16549    0.73100    0.46792    1.22041    0.00000    0.00000    0.00000    0.00000    0.00000    0.00000    0.00000    0.00000    0.00000    0.00000    0.00000 
   14.34248   15.46062   14.93428   15.47264   15.46973   14.06894   15.49635   16.16490   15.37007   15.12689   15.79311   18.79815   17.00086   17.16627   16.65937   16.66500   18.03282   17.68282   19.20560   18.35439   20.60429   19.38447   19.28374   19.52006   21.51836   20.94952   20.73061   20.59279   19.38662   20.00482   17.96066   16.50549   14.26018   10.37491    5.35654    2.52376    1.42793    0.76939    0.47298    0.67628    0.43129    0.00000    0.00000    0.00000    0.00000    0.00000    0.00000    0.00000    0.00000    0.00000    0.00000 
   15.18724   14.41979   13.70295   14.96747   16.69835   15.37036   14.49371   16.04464   15.75259   16.36492   16.49036   16.78944   16.54337   17.34689   16.90310   18.54909   14.50794   19.28487   18.02209   17.87519   18.27361   20.20533   19.45911   20.10870   18.83158   20.28023   20.14418   20.32774   19.34514   19.55230   18.60893   17.36676   15.38676   12.61483    7.02255    3.00972    1.55442    0.75229    0.53757    0.67025    0.63367    0.00000    0.00000    0.00000    0.00000    0.00000    0.00000    0.00000    0.00000    0.00000    0.00000 
   14.83150   15.48489   15.10919   15.60588   14.49566   14.26090   16.15559   16.63961   17.28916   15.88172   16.58220   16.56053   17.75373   15.98375   17.49548   18.52184   18.29267   17.58879   17.86570   20.49313   19.23475   18.34510   19.79830   20.65446   18.76561   20.58106   20.09824   19.03956   19.43832   18.87160   18.05385   16.86293   14.50583   10.65746    5.67090    2.58319    1.34630    0.84975    0.87637    0.87452    0.00000    0.00000    0.00000    0.00000    0.00000    0.00000    0.00000    0.00000    0.00000    0.00000    0.00000 
   14.51667   15.41878   15.73265   13.85332   15.69917   15.39124   15.44741   15.89623   14.25979   15.48017   16.14149   17.72504   17.00861   16.63856   16.92599   18.46824   18.38998   17.93913   18.07553   18.48453   19.12013   19.54366   19.82265   19.38382   18.73982   19.29289   21.03078   18.91614   19.89542   19.64274   18.55589   17.53409   15.46980   11.57964    6.55107    3.07101    1.53803    0.84405    0.55267    1.10498    0.31821    0.00000    0.00000    0.00000    0.00000    0.00000    0.00000    0.00000    0.00000    0.00000    0.00000 
   14.38433   13.58724   15.72913   14.17876   16.04473   15.52640   16.34900   16.46106   15.19090   15.62394   16.51186   17.23421   16.50299   16.58681   16.78580   17.71022   18.65080   17.87327   18.26906   18.71094   19.72865   18.16376   19.07733   20.56190   19.01048   19.95761   20.29138   18.94668   20.81080   19.91718   18.10806   16.87196   14.83087   11.69906    6.62769    3.06278    1.60530    0.88207    1.93496    0.00000    0.00000    0.00000    0.00000    0.00000    0.00000    0.00000    0.00000    0.00000    0.00000    0.00000    0.00000 
   15.75838   15.29086   14.54716   15.64395   15.10163   16.87661   16.47091   16.69757   15.85328   16.82409   17.03323   16.25466   17.07488   17.29910   18.26024   18.59804   18.15452   16.99998   19.31644   18.49282   20.18831   17.93751   18.51882   19.91534   19.72766   20.99791   20.15397   20.15156   19.26353   18.34167   17.96705   16.26389   13.72392    9.73321    4.77334    2.21275    1.15948    0.69527    0.51048    0.50518    0.71081    0.00000    0.00000    0.00000    0.00000    0.00000    0.00000    0.00000    0.00000    0.00000    0.00000 
   15.07934   14.67768   14.44529   15.32620   15.54988   15.42729   16.61731   15.08654   16.72893   15.60640   16.12606   17.03594   18.23623   16.24011   17.22326   17.67786   19.53969   18.02914   18.14275   19.12390   18.47372   18.87092   19.48583   18.88360   18.51367   19.71706   21.45131   20.31462   20.34034   19.65983   18.81242   16.18896   14.21962   10.71183    5.72689    2.64084    1.38114    0.79767    0.56691    0.58303    0.73998    0.00000    0.00000    0.00000    0.00000    0.00000    0.00000    0.00000    0.00000    0.00000    0.00000 
   15.21721   16.33569   14.83937   14.39953   15.11705   14.66655   15.82617   14.80318   15.94079   14.63471   15.52186   15.99563   18.15796   16.82774   17.68862   17.88577   17.33947   17.37035   20.13191   18.99535   20.79989   18.06876   19.11572   19.54167   19.58492   20.06530   20.59460   20.11552   19.63619   18.47348   18.78137   17.06972   14.98808   11.62531    6.48174    3.07011    2.12809    2.16462    0.00000    0.00000    0.00000    0.00000    0.00000    0.00000    0.00000    0.00000    0.00000    0.00000    0.00000    0.00000    0.00000 
   14.89263   15.36367   14.78863   14.24192   14.33682   15.89896   14.87198   16.22890   16.53016   15.66163   17.34608   16.35727   18.03233   15.52376   17.15639   18.06253   16.76868   18.78554   19.38990   18.59184   19.44463   18.97952   19.10334   19.38669   20.22570   20.65393   19.98746   20.13560   19.93184   19.68278   18.80177   17.03029   14.49746   10.71518    5.75012    2.70936    1.37544    0.87965    0.73633    0.92681    0.21649    0.00000    0.00000    0.00000    0.00000    0.00000    0.00000    0.00000    0.00000    0.00000    0.00000 
   14.34714   15.58592   14.70195   14.67347   15.39769   15.14422   15.94590   16.85373   16.51233   15.63999   16.39861   15.26687   17.14492   17.71129   18.47386   16.77403   17.94639   18.12463   19.16792   19.28795   18.10777   18.67753   19.02383   19.65527   19.30469   20.00698   20.05451   19.66799   19.52484   18.81525   18.63582   17.09216   14.58761   11.71149    6.71101    3.06472    1.53890    0.87622    0.72670    0.46826    0.64965    0.00000    0.00000    0.00000    0.00000    0.00000    0.00000    0.00000    0.00000    0.00000    0.00000 
   13.74606   14.88764   14.71333   16.04026   15.22038   14.80787   14.87446   17.27128   15.53969   16.01118   17.36529   16.42287   16.20106   16.89843   16.84376   16.68996   17.28820   18.60758   19.56533   17.40174   18.39341   19.14338   19.53215   19.28499   18.56915   21.29428   20.03382   20.66604   19.05452   19.05852   18.62709   16.94295   15.67320   12.17045    7.24991    3.33552    1.61288    0.92312    0.68203    0.71042    0.64576    0.00000    0.00000    0.00000    0.00000    0.00000    0.00000    0.00000    0.00000    0.00000    0.00000 
   15.07642   14.87429   14.90028   15.93192   14.94097   15.16142   16.40446   15.75243   16.73147   16.66945   17.04774   17.42206   16.24183   16.72453   16.53732   17.37291   16.22507   17.70342   17.74232   17.94306   17.44878   19.64072   19.49253   20.27119   19.67722   20.08318   20.27865   20.17567   20.23698   20.48763   18.08983   16.88568   14.74510   11.54128    6.34083    3.59800    3.60340    0.00000    0.00000    0.00000    0.00000    0.00000    0.00000    0.00000    0.00000    0.00000    0.00000    0.00000    0.00000    0.00000    0.00000 
   14.10681   14.95401   15.17471   15.77590   13.39940   15.24546   14.38676   15.61298   16.92182   15.43488   16.12602   15.69483   17.48837   15.78639   17.40179   17.62217   17.37352   17.20472   18.05118   18.78183   18.53214   20.22676   19.55691   20.36292   19.84392   20.64490   19.99455   20.25535   19.63319   19.91319   18.81011   17.08611   15.29922   12.30930    7.21829    3.33345    1.59043    0.88372    0.58101    0.46595    0.91502    0.00000    0.00000    0.00000    0.00000    0.00000    0.00000    0.00000    0.00000    0.00000    0.00000 
   14.30599   14.35933   14.98658   15.73804   15.25209   15.12146   15.09751   16.54611   15.82450   14.72447   17.68172   16.46662   16.95091   16.98021   15.10164   17.63702   18.25901   17.35003   19.44506   21.29637   19.03825   17.83523   19.09261   21.09659   19.74704   20.26274   19.65710   19.85067   19.64866   19.45172   18.33840   16.81249   14.68370   11.56405    6.47851    3.00190    1.54227    0.92670    0.70860    1.13812    0.00000    0.00000    0.00000    0.00000    0.00000    0.00000    0.00000    0.00000    0.00000    0.00000    0.00000 
   14.61965   13.98985   15.77578   16.33725   15.95426   16.00206   15.45599   15.28029   15.40595   16.36738   16.38287   18.78084   17.30840   18.91948   16.54327   17.21560   19.42318   18.83000   19.04247   20.35841   18.68791   17.53078   19.01926   18.91749   19.45616   19.69283   19.10713   20.29924   19.97635   19.61314   18.05942   16.50376   14.10031    9.79803    5.16145    2.34471    1.87499    1.23955    0.62449    0.00000    0.00000    0.00000    0.00000    0.00000    0.00000    0.00000    0.00000    0.00000    0.00000    0.00000    0.00000 
   14.73062   15.15250   14.62515   14.36680   14.90568   14.78291   14.00897   16.09167   16.59606   15.74607   15.56851   16.16746   17.24047   15.92519   17.85826   17.88520   18.15945   18.20386   18.46985   18.15802   19.34443   18.74746   17.59713   21.06266   19.01710   19.47750   19.86806   19.95077   20.07253   18.71549   18.74253   17.59099   15.83251   12.76415    7.83190    3.76412    2.05133    1.05994    0.58932    0.49038    0.78697    0.00000    0.00000    0.00000    0.00000    0.00000    0.00000    0.00000    0.00000    0.00000    0.00000 
   15.88754   14.39731   15.09318   16.02211   15.49926   15.40229   15.58770   17.52414   15.38107   15.34247   15.87733   16.84262   17.01480   18.38590   16.69415   17.19468   17.31099   17.39952   18.11641   17.91913   18.79524   19.64800   18.50107   20.99990   19.95229   19.87418   21.52367   20.93555   20.06866   19.63430   18.26514   16.92087   14.20353   10.26475    5.29254    2.46648    1.76964    1.47365    0.51795    0.00000    0.00000    0.00000    0.00000    0.00000    0.00000    0.00000    0.00000    0.00000    0.00000    0.00000    0.00000 
   15.39300   14.34254   14.87839   15.41757   15.96401   14.61286   16.35842   16.23876   16.81615   16.27313   18.03195   16.80857   16.20655   16.68830   17.47705   17.05602   18.62476   17.85712   20.44786   17.41314   18.54124   19.55119   19.59572   19.33920   19.99090   19.31718   19.91227   20.10400   20.44410   19.50432   18.44460   16.33889   14.17237   10.24571    5.38656    2.38846    1.30423    0.92750    1.58540    0.00000    0.00000    0.00000    0.00000    0.00000    0.00000    0.00000    0.00000    0.00000    0.00000    0.00000    0.00000 
   16.49924   15.10081   15.17407   15.39775   14.09562   16.29220   15.28852   15.53981   16.21452   16.17123   16.59854   17.39265   18.06115   17.59277   17.16198   17.72566   18.77944   17.94055   18.96171   20.10685   19.06707   20.13536   19.96403   19.93329   20.12398   20.73955   20.20469   18.86109   19.32342   19.40463   17.93001   16.00813   13.23208    9.02969    4.37921    2.08497    1.18061    0.79587    1.50724    0.00000    0.00000    0.00000    0.00000    0.00000    0.00000    0.00000    0.00000    0.00000    0.00000    0.00000    0.00000 
   15.53197   15.51018   16.10774   15.11355   16.00620   16.36741   15.80364   16.72528   15.29466   16.90510   16.41956   18.34271   16.82215   18.29169   17.57692   16.74076   18.62066   18.21889   19.20231   17.63683   17.75665   19.62430   18.87599   20.97610   20.35548   20.76186   19.79910   19.09975   19.50314   19.07350   17.80196   16.45665   13.44736    9.19137    4.54074    2.17228    1.03077    0.64043    1.65436    0.00000    0.00000    0.00000    0.00000    0.00000    0.00000    0.00000    0.00000    0.00000    0.00000    0.00000    0.00000 
   15.28663   14.33766   15.27455   14.61334   14.78320   14.44947   15.10478   15.83333   16.43833   16.43422   16.50704   17.20002   16.14800   17.61778   16.94439   18.86205   17.44313   18.15350   18.10716   17.14002   19.23092   20.09940   19.58101   19.91179   20.12711   18.38764   19.28621   20.08245   20.12748   20.07192   19.14619   17.27224   14.81871   11.26386    6.55173    2.99282    1.59614    0.87421    0.67914    0.51814    0.70228    0.00000    0.00000    0.00000    0.00000    0.00000    0.00000    0.00000    0.00000    0.00000    0.00000 
   14.80855   15.28085   15.44591   12.99017   14.95297   15.06029   14.57801   16.25558   15.69405   16.53346   16.48997   16.85711   18.02326   16.57714   16.89904   17.48466   19.25116   18.77405   18.11357   18.19226   18.52665   18.89230   18.50610   19.21436   20.29595   20.53761   20.89226   20.82363   20.02778   19.72177   19.43136   16.63089   14.82796   10.88076    5.85338    2.81449    1.32851    1.17046    0.49103    0.87069    0.00000    0.00000    0.00000    0.00000    0.00000    0.00000    0.00000    0.00000    0.00000    0.00000    0.00000 
   15.96905   15.11473   16.70734   14.91774   15.17440   15.64245   16.43928   15.42818   15.12842   15.59412   17.30116   16.91405   18.10517   16.19649   18.40873   17.25448   18.75782   19.49883   18.94391   16.65788   19.06667   19.87077   19.29916   19.02807   19.84708   20.18226   20.08761   20.54717   18.94986   19.35570   17.96015   16.52954   14.04385    9.94124    5.17483    2.63223    1.18613    0.59314    0.44322    1.10709    0.00000    0.00000    0.00000    0.00000    0.00000    0.00000    0.00000    0.00000    0.00000    0.00000    0.00000 
   14.05404   15.36953   16.15349   14.35475   15.50435   15.16612   15.66461   17.16967   16.28487   15.52435   16.22551   15.53194   17.21506   17.02549   17.16419   17.76606   16.63273   16.50216   17.97968   18.57358   18.57251   20.71703   20.67742   19.28919   19.77893   20.05018   19.47169   19.02569   19.52088   19.21244   18.61722   17.01208   15.98476   13.57826    8.32590    4.30367    0.00000    0.00000    0.00000    0.00000    0.00000    0.00000    0.00000    0.00000    0.00000    0.00000    0.00000    0.00000    0.00000    0.00000    0.00000 
   15.39137   14.94391   15.07509   16.15468   15.89939   16.00295   14.23814   15.78620   16.10410   17.21774   16.05733   16.79571   17.19259   17.34136   18.48187   18.54037   19.23277   19.22797   17.72070   19.19204   17.98789   18.14481   20.14426   19.61834   20.07269   20.24721   20.77497   20.33635   19.46910   19.30804   18.08340   16.21252   13.56648    9.14371    4.67782    2.08552    1.10641    0.79871    0.85175    0.77374    0.00000    0.00000    0.00000    0.00000    0.00000    0.00000    0.00000    0.00000    0.00000    0.00000    0.00000 
   15.07510   16.68957   14.89262   14.50268   15.39128   14.38107   16.36498   15.70839   16.01228   16.88537   15.98010   16.76826   17.07828   17.17974   17.50511   18.02882   18.07385   17.03885   17.87880   16.89344   18.01191   18.67070   19.47057   18.63241   21.02787   19.64721   20.32594   20.69807   19.90111   19.19339   18.88731   17.13653   14.83520   11.44106    6.46492    3.07083    1.53992    1.75490    0.96157    0.00000    0.00000    0.00000    0.00000    0.00000    0.00000    0.00000    0.00000    0.00000    0.00000    0.00000    0.00000 
   13.66459   14.67670   14.42536   15.71726   14.88356   16.02211   15.52569   16.76022   16.03986   15.34505   16.33670   16.38416   16.82060   17.33804   17.01286   16.41674   17.77965   16.82884   18.86081   18.89711   20.45396   19.13578   19.38648   20.76378   21.38622   21.06078   20.55646   20.12478   20.71548   19.35690   18.34764   16.63623   14.09317   10.45246    5.40441    2.51376    1.30423    0.84855    1.72299    0.00000    0.00000    0.00000    0.00000    0.00000    0.00000    0.00000    0.00000    0.00000    0.00000    0.00000    0.00000 
   15.93887   15.31646   14.53413   15.45583   15.41627   15.13758   16.07339   16.15443   16.42798   16.95541   16.84932   17.24365   16.51522   16.80038   17.97815   17.96926   17.08654   19.44556   17.96028   16.90549   19.76464   21.49137   19.19626   19.05081   19.25176   20.66459   19.46508   20.41415   19.48448   19.61833   17.71767   16.88366   13.98124    9.93151    5.01911    2.31019    1.35967    0.72626    0.63420    0.87083    0.00000    0.00000    0.00000    0.00000    0.00000    0.00000    0.00000    0.00000    0.00000    0.00000    0.00000 
   15.09895   14.30527   15.58131   15.20102   14.59720   15.49655   15.98723   16.96673   15.31274   14.53543   16.58214   17.26476   15.57502   16.25699   18.76703   17.76702   19.72675   17.83742   18.72188   19.67527   20.52650   21.67259   20.39265   20.71733   21.10140   20.05475   18.84404   20.14614   19.08826   19.32385   17.73682   15.91819   13.77248    9.41483    4.48682    2.11555    1.20892    1.56271    0.65947    0.00000    0.00000    0.00000    0.00000    0.00000    0.00000    0.00000    0.00000    0.00000    0.00000    0.00000    0.00000 
   13.35045   12.63615   15.76645   14.49168   16.29183   15.87310   15.00846   15.03645   16.05539   16.30153   15.71065   16.51855   17.08893   17.38468   17.04100   18.23313   17.82966   18.14772   19.56843   18.79843   19.31688   18.23523   20.67925   19.47574   20.14778   19.57512   20.39619   18.60383   19.91648   20.12948   18.62662   16.78053   15.30821   11.63259    6.61613    3.02241    1.48248    0.92093    0.74680    0.79393    0.46072    0.00000    0.00000    0.00000    0.00000    0.00000    0.00000    0.00000    0.00000    0.00000    0.00000 
   13.62825   13.78815   15.09746   14.58771   14.81180   15.46006   15.73660   15.05328   16.81514   16.52096   16.70373   16.85944   17.85449   17.16932   15.99956   17.83759   18.06791   19.13592   18.06627   18.55347   17.23690   19.68961   20.15176   19.71996   19.42022   19.31034   19.81529   20.71459   20.56813   20.13821   18.63745   16.51180   14.72306   11.55698    6.54427    3.16242    1.64475    1.03395    1.36307    0.31012    0.00000    0.00000    0.00000    0.00000    0.00000    0.00000    0.00000    0.00000    0.00000    0.00000    0.00000 
   15.24624   15.16535   13.60863   16.41665   15.09637   14.83415   16.28300   16.59018   15.73593   15.74506   17.03052   16.78633   16.32412   18.63870   17.34250   17.10207   18.65208   18.15840   17.99347   17.59304   18.34505   19.04761   19.71772   18.35282   20.15420   19.98205   21.05936   20.95985   19.18692   19.36449   17.90937   16.47530   14.75259   11.33626    5.98915    2.84236    1.40546    0.83012    1.94652    0.00000    0.00000    0.00000    0.00000    0.00000    0.00000    0.00000    0.00000    0.00000    0.00000    0.00000    0.00000 
   14.72964   15.75331   15.67109   13.63477   14.73104   15.99217   14.35262   16.07696   15.67370   16.56578   17.62512   16.44995   16.73257   16.73857   17.87432   16.77507   16.64897   18.34779   18.90339   19.28104   18.50441   19.85895   19.37669   20.02042   21.48106   20.01476   19.57158   21.00790   19.62912   19.42547   18.60376   16.77329   14.24339   10.69863    5.67583    2.60828    1.30857    0.82534    1.35343    0.46124    0.00000    0.00000    0.00000    0.00000    0.00000    0.00000    0.00000    0.00000    0.00000    0.00000    0.00000 
   15.09033   13.67602   13.94606   14.91325   15.63340   14.34723   16.01463   14.08687   16.53725   15.81282   15.73633   17.00428   16.92125   16.48085   18.12767   16.64362   17.94695   18.46886   18.12828   19.70971   19.51175   18.25319   20.62502   20.26918   21.23451   19.17516   21.08267   20.95870   20.61351   19.87627   18.27059   16.68430   14.87159   10.90667    5.75261    2.64352    1.36163    0.81567    1.22278    0.64500    0.00000    0.00000    0.00000    0.00000    0.00000    0.00000    0.00000    0.00000    0.00000    0.00000    0.00000 
   14.13319   14.78634   15.30663   15.28322   15.76691   15.44491   14.53375   16.31810   15.36446   16.84411   16.76348   16.72657   17.44077   19.01510   15.83714   17.85895   19.04077   19.62396   18.27028   17.71466   17.15137   18.83733   19.66772   18.73416   20.73591   21.08115   20.24189   19.46047   19.95272   19.55014   18.27831   16.47991   14.38523   10.87730    5.83022    2.65159    1.42034    0.77295    1.42270    0.39529    0.00000    0.00000    0.00000    0.00000    0.00000    0.00000    0.00000    0.00000    0.00000    0.00000    0.00000 
