100000,E+03  9532,14E-05  8650,77E-09
200000,E+03  9691,87E-05  1278,83E-09
300000,E+03  9610,05E-05  1921,55E-09
400000,E+03  9837,55E-05  2571,65E-09
500000,E+03  1015,85E-04  4688,86E-09
600000,E+03  1010,60E-04  8045,05E-10
700000,E+03  1033,24E-04  3710,19E-08
800000,E+03  1015,52E-04  1353,16E-09
900000,E+03  1056,66E-04  1420,47E-09
100000,E+04  1064,79E-04  2196,06E-09
110000,E+04  1061,71E-04  1935,59E-09
120000,E+04  1067,05E-04  1178,63E-09
130000,E+04  1067,72E-04  1246,97E-09
140000,E+04  1102,99E-04  5081,01E-09
150000,E+04  1133,53E-04  8729,71E-10
160000,E+04  1128,47E-04  1977,99E-08
170000,E+04  1163,14E-04  1070,48E-09
180000,E+04  1143,92E-04  2544,07E-09
190000,E+04  1164,43E-04  1307,77E-09
200000,E+04  1179,76E-04  1233,02E-09
210000,E+04  1188,70E-04  3935,10E-08
220000,E+04  1239,69E-04  1136,87E-08
230000,E+04  1238,03E-04  1463,22E-09
240000,E+04  1304,60E-04  2161,17E-09
250000,E+04  1296,73E-04  1928,29E-09
260000,E+04  1266,79E-04  1725,09E-09
270000,E+04  1293,11E-04  1291,46E-09
280000,E+04  1314,24E-04  1301,95E-09
290000,E+04  1370,61E-04  8239,72E-09
300000,E+04  1369,14E-04  2075,09E-09
310000,E+04  1367,96E-04  6210,93E-09
320000,E+04  1416,95E-04  6348,83E-09
330000,E+04  1459,90E-04  2987,27E-09
340000,E+04  1489,01E-04  3957,37E-08
350000,E+04  1528,03E-04  1686,08E-09
360000,E+04  1551,26E-04  3782,74E-09
370000,E+04  1563,70E-04  3095,15E-09
380000,E+04  1618,99E-04  4982,16E-09
390000,E+04  1695,84E-04  1995,34E-09
400000,E+04  1716,76E-04  5590,72E-09
410000,E+04  1782,18E-04  8098,57E-08
420000,E+04  1843,35E-04  4677,62E-09
430000,E+04  1928,67E-04  1991,72E-07
440000,E+04  2006,23E-04  6888,99E-09
450000,E+04  2087,32E-04  9128,84E-08
460000,E+04  2186,85E-04  8272,38E-08
470000,E+04  2252,44E-04  8563,03E-09
480000,E+04  2483,48E-04  1828,50E-08
490000,E+04  2626,03E-04  9517,01E-09
500000,E+04  2836,66E-04  1963,79E-08
510000,E+04  3068,82E-04  5458,78E-08
520000,E+04  3145,21E-04  4183,82E-08
530000,E+04  2003,72E-04  3502,20E-07
540000,E+04  1133,50E-05  8049,16E-07
550000,E+04  0000,00E+00  0000,00E+00
560000,E+04  0000,00E+00  0000,00E+00
570000,E+04  0000,00E+00  0000,00E+00
580000,E+04  0000,00E+00  0000,00E+00
590000,E+04  0000,00E+00  0000,00E+00
600000,E+04  0000,00E+00  0000,00E+00
610000,E+04  0000,00E+00  0000,00E+00
620000,E+04  0000,00E+00  0000,00E+00
630000,E+04  0000,00E+00  0000,00E+00
640000,E+04  0000,00E+00  0000,00E+00
650000,E+04  0000,00E+00  0000,00E+00
660000,E+04  0000,00E+00  0000,00E+00
670000,E+04  0000,00E+00  0000,00E+00
680000,E+04  0000,00E+00  0000,00E+00
690000,E+04  0000,00E+00  0000,00E+00
700000,E+04  0000,00E+00  0000,00E+00
710000,E+04  0000,00E+00  0000,00E+00
720000,E+04  0000,00E+00  0000,00E+00
730000,E+04  0000,00E+00  0000,00E+00
740000,E+04  0000,00E+00  0000,00E+00
750000,E+04  0000,00E+00  0000,00E+00
760000,E+04  0000,00E+00  0000,00E+00
770000,E+04  0000,00E+00  0000,00E+00
780000,E+04  0000,00E+00  0000,00E+00
790000,E+04  0000,00E+00  0000,00E+00
800000,E+04  0000,00E+00  0000,00E+00
810000,E+04  0000,00E+00  0000,00E+00
820000,E+04  0000,00E+00  0000,00E+00
830000,E+04  0000,00E+00  0000,00E+00
840000,E+04  0000,00E+00  0000,00E+00
850000,E+04  0000,00E+00  0000,00E+00
860000,E+04  0000,00E+00  0000,00E+00
870000,E+04  0000,00E+00  0000,00E+00
880000,E+04  0000,00E+00  0000,00E+00
890000,E+04  0000,00E+00  0000,00E+00
900000,E+04  0000,00E+00  0000,00E+00
910000,E+04  0000,00E+00  0000,00E+00
920000,E+04  0000,00E+00  0000,00E+00
930000,E+04  0000,00E+00  0000,00E+00
940000,E+04  0000,00E+00  0000,00E+00
950000,E+04  0000,00E+00  0000,00E+00
960000,E+04  0000,00E+00  0000,00E+00
970000,E+04  0000,00E+00  0000,00E+00
980000,E+04  0000,00E+00  0000,00E+00
990000,E+04  0000,00E+00  0000,00E+00
100000,E+05  0000,00E+00  0000,00E+00