    0.14425    0.12897    0.13216    0.13576    0.14311    0.13970    0.14415    0.14281    0.14995    0.12527    0.12541    0.16206    0.14597    0.17650    0.17213    0.17751    0.16843    0.19642    0.17546    0.18685    0.18250    0.19150    0.19551    0.21677    0.21560    0.21493    0.21791    0.24836    0.24760    0.28112    0.27364    0.32111    0.32673    0.41376    0.49652    0.71449    0.16907    0.00000    0.00000    0.00000    0.00000    0.00000    0.00000    0.00000    0.00000    0.00000    0.00000    0.00000    0.00000    0.00000    0.00000 
    0.14318    0.15418    0.13582    0.14512    0.13676    0.15347    0.12413    0.15873    0.12790    0.11823    0.13930    0.14136    0.13825    0.15041    0.15492    0.14604    0.17232    0.18518    0.16877    0.17372    0.18909    0.21043    0.19143    0.22301    0.22437    0.23230    0.24518    0.22648    0.25419    0.26897    0.29704    0.29476    0.34090    0.37160    0.47076    0.65546    0.33623    0.00000    0.00000    0.00000    0.00000    0.00000    0.00000    0.00000    0.00000    0.00000    0.00000    0.00000    0.00000    0.00000    0.00000 
    0.15412    0.12195    0.12141    0.12881    0.13831    0.13114    0.16605    0.12707    0.15096    0.13550    0.16431    0.16517    0.17400    0.13935    0.15482    0.16870    0.16640    0.17205    0.15555    0.17119    0.17907    0.20386    0.21011    0.20259    0.20522    0.22012    0.24319    0.22578    0.26012    0.26374    0.27229    0.29400    0.35592    0.36942    0.44897    0.61498    0.42377    0.00000    0.00000    0.00000    0.00000    0.00000    0.00000    0.00000    0.00000    0.00000    0.00000    0.00000    0.00000    0.00000    0.00000 
    0.13190    0.13985    0.14113    0.15056    0.12984    0.12586    0.13250    0.15304    0.11670    0.14282    0.16340    0.15182    0.15841    0.14959    0.18439    0.17685    0.19893    0.18056    0.19487    0.19419    0.16075    0.19534    0.20865    0.19748    0.20994    0.21880    0.22055    0.26473    0.26604    0.28686    0.28356    0.30725    0.34515    0.40798    0.51803    0.76511    0.02662    0.00000    0.00000    0.00000    0.00000    0.00000    0.00000    0.00000    0.00000    0.00000    0.00000    0.00000    0.00000    0.00000    0.00000 
    0.10702    0.12206    0.14914    0.11106    0.12146    0.11781    0.15009    0.12600    0.13520    0.16067    0.14221    0.16243    0.15943    0.15053    0.18463    0.19407    0.16818    0.17982    0.15690    0.16008    0.20373    0.16985    0.20164    0.22384    0.19898    0.20977    0.21638    0.23860    0.25839    0.25805    0.26138    0.30375    0.32094    0.36314    0.42049    0.55219    0.64008    0.00000    0.00000    0.00000    0.00000    0.00000    0.00000    0.00000    0.00000    0.00000    0.00000    0.00000    0.00000    0.00000    0.00000 
    0.11337    0.13837    0.14287    0.11526    0.13362    0.13399    0.15210    0.12893    0.18659    0.15521    0.15694    0.15223    0.15524    0.17130    0.14657    0.16376    0.21519    0.14780    0.17568    0.15405    0.17308    0.18585    0.21837    0.20104    0.19067    0.21580    0.24332    0.22297    0.25919    0.29193    0.27453    0.27837    0.33215    0.34373    0.43831    0.60286    0.48874    0.00000    0.00000    0.00000    0.00000    0.00000    0.00000    0.00000    0.00000    0.00000    0.00000    0.00000    0.00000    0.00000    0.00000 
    0.11685    0.15407    0.14196    0.11825    0.12600    0.13771    0.12872    0.15650    0.16686    0.13827    0.15426    0.16734    0.15882    0.16577    0.15529    0.15817    0.16445    0.20117    0.18820    0.17656    0.18876    0.18559    0.20718    0.19288    0.20148    0.19192    0.25633    0.22679    0.25803    0.28371    0.28750    0.32949    0.34046    0.38021    0.47060    0.70364    0.22023    0.00000    0.00000    0.00000    0.00000    0.00000    0.00000    0.00000    0.00000    0.00000    0.00000    0.00000    0.00000    0.00000    0.00000 
    0.13949    0.11489    0.15211    0.14264    0.13631    0.13387    0.13346    0.13219    0.11107    0.14992    0.14669    0.12350    0.15814    0.14902    0.18744    0.17916    0.17395    0.17262    0.18436    0.18256    0.17956    0.17647    0.19684    0.20305    0.20005    0.21537    0.22868    0.24500    0.22805    0.25012    0.24965    0.31162    0.34452    0.37101    0.43770    0.51965    0.63929    0.00000    0.00000    0.00000    0.00000    0.00000    0.00000    0.00000    0.00000    0.00000    0.00000    0.00000    0.00000    0.00000    0.00000 
    0.12251    0.13951    0.13001    0.09925    0.13645    0.15663    0.13826    0.15742    0.17162    0.15535    0.14760    0.14969    0.15411    0.14444    0.13402    0.14218    0.16527    0.14728    0.18699    0.17008    0.19301    0.20708    0.20233    0.19822    0.21492    0.22963    0.21771    0.24315    0.26484    0.25243    0.29635    0.30271    0.31767    0.36173    0.42805    0.59428    0.52722    0.00000    0.00000    0.00000    0.00000    0.00000    0.00000    0.00000    0.00000    0.00000    0.00000    0.00000    0.00000    0.00000    0.00000 
    0.13194    0.15135    0.13326    0.10158    0.14989    0.15094    0.12580    0.14297    0.15534    0.14729    0.15872    0.13043    0.17285    0.15681    0.17844    0.17965    0.19246    0.17395    0.18344    0.19367    0.16911    0.17998    0.20146    0.21848    0.21089    0.23647    0.22908    0.26011    0.25880    0.27863    0.30121    0.33829    0.35312    0.43309    0.52688    0.69361    0.00000    0.00000    0.00000    0.00000    0.00000    0.00000    0.00000    0.00000    0.00000    0.00000    0.00000    0.00000    0.00000    0.00000    0.00000 
    0.12688    0.15210    0.15503    0.15975    0.13819    0.10949    0.12437    0.12179    0.15379    0.17411    0.14406    0.14192    0.16033    0.18328    0.17932    0.18799    0.17778    0.16755    0.16854    0.18390    0.18425    0.19997    0.20010    0.19276    0.24582    0.23460    0.24652    0.25139    0.28323    0.29447    0.32214    0.34738    0.38377    0.46844    0.65795    0.37703    0.00000    0.00000    0.00000    0.00000    0.00000    0.00000    0.00000    0.00000    0.00000    0.00000    0.00000    0.00000    0.00000    0.00000    0.00000 
    0.11596    0.14187    0.13585    0.11488    0.12410    0.13958    0.14899    0.14174    0.14677    0.15237    0.16392    0.13068    0.14175    0.17417    0.14903    0.18257    0.16288    0.17218    0.16242    0.17731    0.17942    0.19247    0.17765    0.20039    0.18008    0.20800    0.24138    0.24563    0.25313    0.26980    0.29872    0.31269    0.32347    0.34891    0.42905    0.57385    0.58634    0.00000    0.00000    0.00000    0.00000    0.00000    0.00000    0.00000    0.00000    0.00000    0.00000    0.00000    0.00000    0.00000    0.00000 
    0.12664    0.11187    0.14811    0.13822    0.15490    0.14834    0.13059    0.15670    0.14081    0.16009    0.12373    0.15677    0.17088    0.17746    0.18145    0.15845    0.18481    0.16709    0.15796    0.17045    0.18292    0.20432    0.20409    0.20539    0.20888    0.23814    0.25933    0.25666    0.23506    0.25419    0.27846    0.29335    0.35996    0.38489    0.49741    0.71013    0.16154    0.00000    0.00000    0.00000    0.00000    0.00000    0.00000    0.00000    0.00000    0.00000    0.00000    0.00000    0.00000    0.00000    0.00000 
    0.13620    0.15186    0.12683    0.14485    0.13682    0.12469    0.14172    0.14219    0.11693    0.14261    0.12656    0.13796    0.16477    0.15429    0.16211    0.16337    0.17025    0.18932    0.16039    0.17467    0.19256    0.19786    0.18115    0.20591    0.21437    0.23595    0.24228    0.23658    0.23864    0.26545    0.27843    0.30489    0.32578    0.38093    0.45203    0.58358    0.49523    0.00000    0.00000    0.00000    0.00000    0.00000    0.00000    0.00000    0.00000    0.00000    0.00000    0.00000    0.00000    0.00000    0.00000 
    0.12027    0.15863    0.13894    0.15062    0.13689    0.12165    0.14304    0.13701    0.14513    0.15178    0.15318    0.16796    0.13711    0.17095    0.18519    0.18060    0.18656    0.18198    0.18427    0.16622    0.18399    0.16814    0.17653    0.19059    0.21484    0.21580    0.21003    0.24191    0.24189    0.25929    0.28341    0.28924    0.35721    0.38044    0.46345    1.00528    0.00000    0.00000    0.00000    0.00000    0.00000    0.00000    0.00000    0.00000    0.00000    0.00000    0.00000    0.00000    0.00000    0.00000    0.00000 
    0.13455    0.16000    0.13241    0.13040    0.12663    0.16819    0.14149    0.14792    0.13360    0.15167    0.16623    0.13817    0.16687    0.18042    0.14394    0.15776    0.17773    0.17443    0.14501    0.19927    0.17462    0.16882    0.20098    0.20731    0.20082    0.21722    0.23673    0.21100    0.26572    0.27459    0.29655    0.32467    0.34462    0.39601    0.49769    0.74205    0.16392    0.00000    0.00000    0.00000    0.00000    0.00000    0.00000    0.00000    0.00000    0.00000    0.00000    0.00000    0.00000    0.00000    0.00000 
    0.12751    0.09118    0.13171    0.15319    0.16511    0.11910    0.14698    0.14755    0.13164    0.15603    0.16211    0.16139    0.13057    0.16327    0.18458    0.15676    0.19601    0.16006    0.18155    0.16765    0.18407    0.20125    0.18323    0.19298    0.22745    0.22089    0.21799    0.26327    0.24531    0.27562    0.27478    0.32538    0.33625    0.39000    0.45917    0.68499    0.28340    0.00000    0.00000    0.00000    0.00000    0.00000    0.00000    0.00000    0.00000    0.00000    0.00000    0.00000    0.00000    0.00000    0.00000 
    0.11366    0.12504    0.11206    0.13092    0.14625    0.12965    0.14744    0.16040    0.16351    0.17625    0.14116    0.15674    0.14686    0.13601    0.16733    0.17435    0.17204    0.16570    0.16318    0.20673    0.18919    0.20979    0.20769    0.20543    0.22366    0.22515    0.23750    0.25635    0.26304    0.28746    0.28815    0.29419    0.33984    0.39935    0.49289    0.75848    0.08654    0.00000    0.00000    0.00000    0.00000    0.00000    0.00000    0.00000    0.00000    0.00000    0.00000    0.00000    0.00000    0.00000    0.00000 
    0.13692    0.12321    0.13563    0.14065    0.13582    0.14107    0.16349    0.14469    0.14423    0.15488    0.15824    0.14802    0.15549    0.16604    0.16970    0.17021    0.16169    0.18096    0.19237    0.17872    0.17399    0.18864    0.17996    0.19471    0.22966    0.23965    0.26485    0.25088    0.24099    0.26984    0.28286    0.32446    0.35417    0.41164    0.50772    0.75466    0.02931    0.00000    0.00000    0.00000    0.00000    0.00000    0.00000    0.00000    0.00000    0.00000    0.00000    0.00000    0.00000    0.00000    0.00000 
    0.12933    0.12221    0.15315    0.16275    0.13313    0.13914    0.12963    0.14535    0.14284    0.15182    0.14210    0.14570    0.16408    0.14633    0.16378    0.16709    0.19618    0.16997    0.19965    0.18363    0.19992    0.18523    0.19557    0.22132    0.20600    0.22602    0.24959    0.22547    0.25746    0.26070    0.29879    0.33870    0.36418    0.42924    0.50832    0.72224    0.02339    0.00000    0.00000    0.00000    0.00000    0.00000    0.00000    0.00000    0.00000    0.00000    0.00000    0.00000    0.00000    0.00000    0.00000 
    0.12924    0.13323    0.12135    0.13804    0.13752    0.12072    0.13744    0.14931    0.13609    0.12721    0.14704    0.17513    0.15458    0.17355    0.16149    0.15811    0.16180    0.16741    0.20541    0.18686    0.19900    0.19335    0.19132    0.23511    0.21128    0.21434    0.24464    0.26309    0.25061    0.27270    0.29494    0.30605    0.34652    0.37639    0.50286    0.74646    0.12980    0.00000    0.00000    0.00000    0.00000    0.00000    0.00000    0.00000    0.00000    0.00000    0.00000    0.00000    0.00000    0.00000    0.00000 
    0.13917    0.14706    0.12047    0.13799    0.12259    0.14970    0.12979    0.12050    0.16578    0.14919    0.15501    0.15518    0.17391    0.14069    0.17192    0.15442    0.16751    0.18200    0.15805    0.19098    0.18174    0.19468    0.19166    0.22624    0.19797    0.23430    0.23121    0.24400    0.26240    0.25022    0.28024    0.32072    0.35844    0.40271    0.47619    0.70038    0.21501    0.00000    0.00000    0.00000    0.00000    0.00000    0.00000    0.00000    0.00000    0.00000    0.00000    0.00000    0.00000    0.00000    0.00000 
    0.13818    0.14305    0.14946    0.12468    0.15108    0.13573    0.15802    0.14801    0.14115    0.13331    0.15334    0.13942    0.17587    0.16847    0.17593    0.18167    0.17530    0.17531    0.19576    0.19050    0.16270    0.20973    0.20514    0.22610    0.23683    0.26155    0.23775    0.27505    0.28867    0.28297    0.29590    0.34142    0.37691    0.48931    0.67247    0.28329    0.00000    0.00000    0.00000    0.00000    0.00000    0.00000    0.00000    0.00000    0.00000    0.00000    0.00000    0.00000    0.00000    0.00000    0.00000 
    0.14395    0.14309    0.12864    0.15127    0.12546    0.14547    0.16502    0.14255    0.14145    0.15617    0.15842    0.13849    0.16279    0.17267    0.17016    0.17528    0.17344    0.17842    0.17233    0.21550    0.17993    0.20537    0.21665    0.19546    0.20854    0.23458    0.24599    0.25952    0.27793    0.29516    0.30669    0.37597    0.35637    0.45605    0.68272    0.34250    0.00000    0.00000    0.00000    0.00000    0.00000    0.00000    0.00000    0.00000    0.00000    0.00000    0.00000    0.00000    0.00000    0.00000    0.00000 
    0.14984    0.14737    0.13502    0.16074    0.14511    0.14673    0.13275    0.13456    0.12668    0.12092    0.15606    0.13081    0.15738    0.14981    0.17332    0.18126    0.16292    0.19617    0.16799    0.19318    0.18591    0.19761    0.17966    0.21377    0.19785    0.22759    0.24347    0.25295    0.25411    0.27944    0.28599    0.32586    0.33336    0.41870    0.49147    0.75123    0.09244    0.00000    0.00000    0.00000    0.00000    0.00000    0.00000    0.00000    0.00000    0.00000    0.00000    0.00000    0.00000    0.00000    0.00000 
    0.13705    0.14495    0.13146    0.14670    0.12439    0.12911    0.13374    0.14583    0.13431    0.14575    0.13621    0.14659    0.15021    0.13149    0.16912    0.20257    0.13744    0.16748    0.16960    0.20154    0.20039    0.18013    0.20139    0.23471    0.20404    0.23794    0.23306    0.25359    0.26184    0.27822    0.30029    0.31715    0.32555    0.39417    0.47260    0.73548    0.18391    0.00000    0.00000    0.00000    0.00000    0.00000    0.00000    0.00000    0.00000    0.00000    0.00000    0.00000    0.00000    0.00000    0.00000 
    0.12965    0.13041    0.12074    0.14636    0.15907    0.14925    0.13555    0.14775    0.12048    0.14372    0.16262    0.17904    0.16179    0.15504    0.17045    0.16560    0.18404    0.17943    0.19858    0.20559    0.18620    0.20340    0.22529    0.21104    0.26954    0.19696    0.25391    0.26950    0.26484    0.29264    0.29838    0.32776    0.40906    0.46873    0.67957    0.29801    0.00000    0.00000    0.00000    0.00000    0.00000    0.00000    0.00000    0.00000    0.00000    0.00000    0.00000    0.00000    0.00000    0.00000    0.00000 
    0.12688    0.14585    0.14142    0.11662    0.10808    0.13974    0.15074    0.15912    0.13076    0.13257    0.14882    0.13548    0.15820    0.15341    0.16077    0.16248    0.16326    0.17493    0.15182    0.19230    0.19923    0.20663    0.18499    0.22652    0.21090    0.21164    0.24211    0.25289    0.26721    0.27287    0.28963    0.31948    0.36315    0.38657    0.47456    0.66577    0.27259    0.00000    0.00000    0.00000    0.00000    0.00000    0.00000    0.00000    0.00000    0.00000    0.00000    0.00000    0.00000    0.00000    0.00000 
    0.11321    0.11479    0.11992    0.15327    0.12488    0.12692    0.13403    0.14262    0.14585    0.12492    0.15373    0.18403    0.14810    0.14123    0.15051    0.15968    0.14466    0.18692    0.13937    0.17778    0.16109    0.17543    0.19276    0.19123    0.21389    0.21564    0.21639    0.24729    0.22929    0.23990    0.26265    0.27599    0.32889    0.36190    0.40111    0.45559    0.70442    0.24010    0.00000    0.00000    0.00000    0.00000    0.00000    0.00000    0.00000    0.00000    0.00000    0.00000    0.00000    0.00000    0.00000 
    0.13630    0.14587    0.11944    0.13799    0.12491    0.14813    0.14779    0.14046    0.15425    0.16090    0.15995    0.16138    0.12828    0.15589    0.17569    0.16133    0.18077    0.17518    0.17001    0.18768    0.19804    0.19696    0.20230    0.21297    0.19076    0.21590    0.24915    0.22938    0.24838    0.28665    0.29010    0.33058    0.34669    0.40146    0.48720    0.75973    0.08156    0.00000    0.00000    0.00000    0.00000    0.00000    0.00000    0.00000    0.00000    0.00000    0.00000    0.00000    0.00000    0.00000    0.00000 
    0.13558    0.12546    0.14458    0.12940    0.13101    0.15371    0.17880    0.14774    0.14628    0.17073    0.14973    0.14938    0.17944    0.16586    0.17130    0.16656    0.18920    0.19907    0.15751    0.18386    0.21757    0.20859    0.21760    0.20442    0.22863    0.23949    0.23662    0.25646    0.29304    0.30290    0.31593    0.36095    0.40247    0.48759    0.75807    0.09449    0.00000    0.00000    0.00000    0.00000    0.00000    0.00000    0.00000    0.00000    0.00000    0.00000    0.00000    0.00000    0.00000    0.00000    0.00000 
    0.14052    0.12497    0.13521    0.13309    0.15060    0.14322    0.12243    0.15103    0.13831    0.13534    0.15523    0.16514    0.15885    0.15140    0.16719    0.17448    0.18517    0.14805    0.19654    0.17829    0.21107    0.17928    0.21056    0.20589    0.21401    0.21745    0.21853    0.23196    0.27855    0.25523    0.28478    0.33349    0.34671    0.38986    0.48971    0.74551    0.13239    0.00000    0.00000    0.00000    0.00000    0.00000    0.00000    0.00000    0.00000    0.00000    0.00000    0.00000    0.00000    0.00000    0.00000 
    0.14556    0.12455    0.12962    0.13452    0.13261    0.15967    0.12572    0.13772    0.14350    0.16901    0.15417    0.16986    0.15531    0.14368    0.14669    0.18017    0.14700    0.17736    0.17072    0.18236    0.18734    0.20333    0.20397    0.21751    0.21743    0.23176    0.24069    0.26292    0.27851    0.26779    0.31615    0.30271    0.37370    0.41889    0.54664    0.70088    0.00000    0.00000    0.00000    0.00000    0.00000    0.00000    0.00000    0.00000    0.00000    0.00000    0.00000    0.00000    0.00000    0.00000    0.00000 
    0.12348    0.11555    0.14818    0.11368    0.14233    0.13896    0.15233    0.13076    0.13183    0.12903    0.14464    0.14798    0.17687    0.14220    0.15595    0.17490    0.18381    0.15853    0.18575    0.16911    0.20062    0.18451    0.19831    0.20645    0.21808    0.20879    0.21602    0.24208    0.25786    0.25599    0.28868    0.28607    0.32138    0.40107    0.42986    0.58009    0.53831    0.00000    0.00000    0.00000    0.00000    0.00000    0.00000    0.00000    0.00000    0.00000    0.00000    0.00000    0.00000    0.00000    0.00000 
    0.12922    0.12710    0.10026    0.13292    0.15587    0.12595    0.12742    0.15417    0.12987    0.14371    0.16278    0.15499    0.13944    0.14768    0.18144    0.16353    0.17969    0.16271    0.18770    0.18801    0.19988    0.22699    0.20108    0.18361    0.22269    0.20711    0.23394    0.23547    0.26420    0.27578    0.28502    0.30838    0.36404    0.41061    0.48455    0.70394    0.19822    0.00000    0.00000    0.00000    0.00000    0.00000    0.00000    0.00000    0.00000    0.00000    0.00000    0.00000    0.00000    0.00000    0.00000 
    0.12589    0.13439    0.11403    0.15692    0.14270    0.15881    0.16870    0.14152    0.15097    0.13165    0.14579    0.14704    0.11808    0.16615    0.14001    0.16151    0.16667    0.16961    0.19233    0.18906    0.19533    0.19365    0.20382    0.19335    0.22622    0.23321    0.23116    0.24682    0.23788    0.26384    0.29617    0.30830    0.37496    0.39379    0.48774    0.72102    0.17091    0.00000    0.00000    0.00000    0.00000    0.00000    0.00000    0.00000    0.00000    0.00000    0.00000    0.00000    0.00000    0.00000    0.00000 
    0.12895    0.14244    0.15555    0.14222    0.14528    0.15043    0.16732    0.13598    0.14689    0.14925    0.14534    0.16664    0.14607    0.15093    0.18600    0.18061    0.19468    0.16144    0.19012    0.16658    0.19866    0.20753    0.20519    0.21625    0.20106    0.22299    0.25591    0.27244    0.24382    0.28762    0.32586    0.36687    0.40047    0.46759    0.65099    0.32403    0.00000    0.00000    0.00000    0.00000    0.00000    0.00000    0.00000    0.00000    0.00000    0.00000    0.00000    0.00000    0.00000    0.00000    0.00000 
    0.15466    0.13726    0.13816    0.14453    0.12623    0.14887    0.14785    0.14934    0.15362    0.12134    0.16911    0.16027    0.16524    0.16688    0.14308    0.16333    0.16400    0.17806    0.17948    0.18718    0.18265    0.20442    0.19889    0.21946    0.21808    0.23265    0.22365    0.22471    0.24903    0.27947    0.29787    0.32159    0.36330    0.40767    0.50996    0.76809    0.00000    0.00000    0.00000    0.00000    0.00000    0.00000    0.00000    0.00000    0.00000    0.00000    0.00000    0.00000    0.00000    0.00000    0.00000 
    0.12986    0.13650    0.14075    0.14083    0.12943    0.13462    0.12805    0.11278    0.15213    0.16128    0.14460    0.13191    0.15650    0.14610    0.14856    0.15807    0.16412    0.18919    0.16610    0.17978    0.17497    0.20008    0.20899    0.19972    0.22778    0.22868    0.21693    0.24645    0.24986    0.25340    0.27933    0.30351    0.32956    0.36219    0.41832    0.57080    0.57827    0.00000    0.00000    0.00000    0.00000    0.00000    0.00000    0.00000    0.00000    0.00000    0.00000    0.00000    0.00000    0.00000    0.00000 
    0.13150    0.11536    0.10695    0.16627    0.15104    0.15316    0.14161    0.13160    0.14172    0.16326    0.16212    0.16258    0.16082    0.14264    0.16920    0.17683    0.14781    0.17649    0.18191    0.17618    0.17703    0.19842    0.20196    0.21401    0.22687    0.22034    0.22543    0.25088    0.23232    0.27621    0.30007    0.30838    0.33513    0.42634    0.47803    0.71370    0.15582    0.00000    0.00000    0.00000    0.00000    0.00000    0.00000    0.00000    0.00000    0.00000    0.00000    0.00000    0.00000    0.00000    0.00000 
    0.12483    0.10939    0.14670    0.13665    0.13282    0.13369    0.12445    0.16990    0.14865    0.16580    0.15616    0.15685    0.16375    0.17895    0.17244    0.18426    0.18530    0.15698    0.19136    0.19150    0.19966    0.16380    0.20601    0.20721    0.21866    0.21285    0.23762    0.24566    0.25222    0.28233    0.31110    0.32968    0.35545    0.42154    0.52890    0.69687    0.00000    0.00000    0.00000    0.00000    0.00000    0.00000    0.00000    0.00000    0.00000    0.00000    0.00000    0.00000    0.00000    0.00000    0.00000 
    0.14245    0.14090    0.13601    0.16032    0.11673    0.13104    0.14536    0.14918    0.14822    0.14602    0.14312    0.15287    0.16750    0.13858    0.16497    0.15502    0.18152    0.20159    0.19076    0.20087    0.21175    0.20239    0.20491    0.21896    0.23160    0.21632    0.24270    0.24641    0.26021    0.30715    0.29312    0.32250    0.36714    0.43859    0.60553    0.51764    0.00000    0.00000    0.00000    0.00000    0.00000    0.00000    0.00000    0.00000    0.00000    0.00000    0.00000    0.00000    0.00000    0.00000    0.00000 
    0.13846    0.13275    0.15284    0.12183    0.13101    0.12470    0.14959    0.16911    0.16153    0.13958    0.14404    0.15446    0.12533    0.17137    0.16140    0.15095    0.17382    0.17857    0.17228    0.19325    0.19666    0.19983    0.19524    0.21177    0.21045    0.22670    0.24329    0.22625    0.25828    0.26680    0.27465    0.30474    0.32959    0.40263    0.45576    0.65193    0.29854    0.00000    0.00000    0.00000    0.00000    0.00000    0.00000    0.00000    0.00000    0.00000    0.00000    0.00000    0.00000    0.00000    0.00000 
    0.13526    0.13225    0.13139    0.10250    0.13750    0.15064    0.14458    0.17261    0.15584    0.14335    0.13933    0.14222    0.15042    0.15336    0.18858    0.17359    0.16944    0.19998    0.19227    0.20174    0.18341    0.18684    0.20293    0.22970    0.20107    0.22305    0.23984    0.26777    0.25933    0.30967    0.29270    0.33429    0.35609    0.44685    0.58227    0.56734    0.00000    0.00000    0.00000    0.00000    0.00000    0.00000    0.00000    0.00000    0.00000    0.00000    0.00000    0.00000    0.00000    0.00000    0.00000 
    0.13230    0.10068    0.13607    0.12587    0.12987    0.13674    0.12109    0.14266    0.14201    0.15799    0.14356    0.13558    0.15412    0.14460    0.13449    0.17066    0.16775    0.15140    0.18410    0.18031    0.16523    0.22247    0.21551    0.21142    0.22122    0.21596    0.22657    0.25301    0.23189    0.26209    0.27443    0.31542    0.29558    0.37647    0.45221    0.57684    0.59181    0.00000    0.00000    0.00000    0.00000    0.00000    0.00000    0.00000    0.00000    0.00000    0.00000    0.00000    0.00000    0.00000    0.00000 
    0.13220    0.10936    0.12989    0.13110    0.14501    0.14256    0.15067    0.16614    0.16093    0.12809    0.12652    0.15108    0.15501    0.18933    0.18952    0.16068    0.17988    0.16487    0.19430    0.18927    0.15807    0.22631    0.22199    0.20109    0.22213    0.21816    0.25397    0.24914    0.25661    0.28273    0.29982    0.32394    0.35599    0.41889    0.53968    0.67507    0.00000    0.00000    0.00000    0.00000    0.00000    0.00000    0.00000    0.00000    0.00000    0.00000    0.00000    0.00000    0.00000    0.00000    0.00000 
    0.12407    0.11947    0.15099    0.13659    0.12520    0.13663    0.17243    0.15399    0.14927    0.16321    0.13324    0.15269    0.15776    0.15609    0.15198    0.18348    0.17662    0.18823    0.18098    0.18401    0.17574    0.19707    0.18424    0.21205    0.20995    0.23789    0.21648    0.24927    0.27491    0.28524    0.29030    0.33275    0.35719    0.41394    0.52502    0.73386    0.00717    0.00000    0.00000    0.00000    0.00000    0.00000    0.00000    0.00000    0.00000    0.00000    0.00000    0.00000    0.00000    0.00000    0.00000 
    0.11910    0.14725    0.13098    0.13531    0.12729    0.13184    0.15487    0.14552    0.14571    0.15500    0.14693    0.15675    0.14256    0.15859    0.14997    0.16372    0.17498    0.17531    0.16926    0.17089    0.18704    0.18445    0.20804    0.21823    0.20952    0.22400    0.22210    0.26478    0.23137    0.22969    0.26188    0.30929    0.31058    0.36162    0.40250    0.56228    0.61080    0.00000    0.00000    0.00000    0.00000    0.00000    0.00000    0.00000    0.00000    0.00000    0.00000    0.00000    0.00000    0.00000    0.00000 
    0.13537    0.15691    0.12095    0.11013    0.13755    0.13282    0.16667    0.13309    0.15608    0.17484    0.15667    0.16582    0.17199    0.16913    0.17345    0.16839    0.15900    0.17317    0.18904    0.18131    0.20542    0.19118    0.18499    0.20743    0.24049    0.22477    0.24896    0.26626    0.27616    0.28885    0.32391    0.36177    0.42796    0.49369    0.72172    0.20405    0.00000    0.00000    0.00000    0.00000    0.00000    0.00000    0.00000    0.00000    0.00000    0.00000    0.00000    0.00000    0.00000    0.00000    0.00000 
    0.13652    0.14232    0.11888    0.10090    0.15512    0.13158    0.15278    0.15417    0.14375    0.14022    0.14165    0.17619    0.16969    0.14265    0.15780    0.15030    0.15453    0.18664    0.17417    0.16493    0.17794    0.17023    0.18844    0.21918    0.21480    0.21975    0.24594    0.23288    0.25489    0.26502    0.28146    0.31664    0.31300    0.38176    0.46285    0.57561    0.48481    0.00000    0.00000    0.00000    0.00000    0.00000    0.00000    0.00000    0.00000    0.00000    0.00000    0.00000    0.00000    0.00000    0.00000 
    0.14076    0.13069    0.12514    0.11195    0.12421    0.13801    0.12628    0.12964    0.15483    0.15600    0.13915    0.14808    0.14834    0.14810    0.16920    0.18091    0.17289    0.16496    0.16215    0.19823    0.19682    0.19798    0.18912    0.22021    0.20280    0.23745    0.21533    0.24288    0.27161    0.25470    0.28322    0.32867    0.34178    0.38255    0.46389    0.67617    0.32531    0.00000    0.00000    0.00000    0.00000    0.00000    0.00000    0.00000    0.00000    0.00000    0.00000    0.00000    0.00000    0.00000    0.00000 
    0.11020    0.15943    0.14855    0.13954    0.14851    0.13569    0.13272    0.13287    0.16449    0.15178    0.16387    0.15187    0.17105    0.15831    0.15436    0.13560    0.16450    0.16033    0.21117    0.17406    0.19373    0.20196    0.21032    0.21870    0.18224    0.19613    0.23439    0.25074    0.25359    0.25211    0.27812    0.30777    0.33824    0.38643    0.48879    0.69203    0.24582    0.00000    0.00000    0.00000    0.00000    0.00000    0.00000    0.00000    0.00000    0.00000    0.00000    0.00000    0.00000    0.00000    0.00000 
    0.15407    0.13816    0.13459    0.13407    0.13473    0.15191    0.13597    0.14423    0.12855    0.14092    0.15020    0.16355    0.13976    0.15855    0.17676    0.17276    0.17523    0.18131    0.18843    0.18482    0.19025    0.18179    0.17602    0.20209    0.21838    0.21735    0.22696    0.24109    0.26052    0.25039    0.29077    0.32777    0.34567    0.37144    0.47083    0.67897    0.26116    0.00000    0.00000    0.00000    0.00000    0.00000    0.00000    0.00000    0.00000    0.00000    0.00000    0.00000    0.00000    0.00000    0.00000 
    0.13227    0.12172    0.13049    0.14185    0.14405    0.13188    0.14180    0.15523    0.13900    0.13236    0.13302    0.15065    0.15899    0.13867    0.18088    0.19065    0.16626    0.15628    0.17377    0.21665    0.20648    0.19941    0.17608    0.23284    0.23891    0.23523    0.20559    0.22610    0.26913    0.28342    0.30363    0.35446    0.35866    0.40304    0.52718    0.74340    0.00000    0.00000    0.00000    0.00000    0.00000    0.00000    0.00000    0.00000    0.00000    0.00000    0.00000    0.00000    0.00000    0.00000    0.00000 
    0.14724    0.11948    0.13190    0.13562    0.15802    0.12574    0.13419    0.13689    0.14324    0.17100    0.18884    0.14769    0.14815    0.14940    0.15957    0.15660    0.18067    0.19321    0.17443    0.17544    0.21095    0.19087    0.21573    0.19644    0.21115    0.20152    0.24483    0.25426    0.25334    0.24935    0.28797    0.32407    0.35972    0.41649    0.51767    0.72670    0.06164    0.00000    0.00000    0.00000    0.00000    0.00000    0.00000    0.00000    0.00000    0.00000    0.00000    0.00000    0.00000    0.00000    0.00000 
    0.11144    0.10356    0.13338    0.12417    0.14311    0.12929    0.13761    0.14860    0.15220    0.14339    0.16695    0.14233    0.16452    0.16038    0.17239    0.14760    0.17028    0.20345    0.17891    0.18776    0.20629    0.20660    0.21702    0.22392    0.21090    0.21874    0.22730    0.25057    0.24649    0.26400    0.27270    0.32749    0.35036    0.38106    0.49787    0.73181    0.14556    0.00000    0.00000    0.00000    0.00000    0.00000    0.00000    0.00000    0.00000    0.00000    0.00000    0.00000    0.00000    0.00000    0.00000 
    0.13482    0.15061    0.10845    0.13222    0.13509    0.15036    0.13526    0.14499    0.16326    0.13819    0.16999    0.15950    0.15417    0.14760    0.17230    0.16027    0.16462    0.17725    0.18632    0.16790    0.18616    0.18583    0.21776    0.18774    0.17963    0.24611    0.22818    0.23530    0.24952    0.27794    0.28805    0.30550    0.36400    0.38814    0.45342    0.68282    0.27072    0.00000    0.00000    0.00000    0.00000    0.00000    0.00000    0.00000    0.00000    0.00000    0.00000    0.00000    0.00000    0.00000    0.00000 
    0.12330    0.13433    0.14115    0.12689    0.11639    0.14500    0.16663    0.14334    0.12925    0.14680    0.14002    0.13688    0.15775    0.17139    0.15241    0.14824    0.16518    0.17291    0.16334    0.15886    0.18675    0.22614    0.19318    0.21081    0.21662    0.22314    0.23611    0.21484    0.25350    0.24396    0.29062    0.30469    0.32580    0.36096    0.46703    0.59563    0.51017    0.00000    0.00000    0.00000    0.00000    0.00000    0.00000    0.00000    0.00000    0.00000    0.00000    0.00000    0.00000    0.00000    0.00000 
    0.12611    0.15115    0.11636    0.11240    0.14880    0.13714    0.12989    0.14697    0.13314    0.15491    0.14553    0.15816    0.14308    0.14810    0.15653    0.17282    0.17986    0.15202    0.16280    0.16535    0.20010    0.20781    0.20772    0.20892    0.20374    0.23025    0.24663    0.23256    0.26186    0.26070    0.27078    0.33581    0.32373    0.38137    0.45590    0.62825    0.40277    0.00000    0.00000    0.00000    0.00000    0.00000    0.00000    0.00000    0.00000    0.00000    0.00000    0.00000    0.00000    0.00000    0.00000 
    0.13302    0.13550    0.11623    0.14136    0.12810    0.11025    0.11894    0.16827    0.16010    0.14254    0.14397    0.13726    0.14609    0.15656    0.13026    0.18324    0.17505    0.17887    0.16522    0.19897    0.20537    0.20418    0.21684    0.19030    0.21205    0.22082    0.20470    0.23110    0.24214    0.23648    0.30587    0.31120    0.33874    0.35523    0.45374    0.63093    0.47051    0.00000    0.00000    0.00000    0.00000    0.00000    0.00000    0.00000    0.00000    0.00000    0.00000    0.00000    0.00000    0.00000    0.00000 
    0.12010    0.13572    0.14876    0.13476    0.14473    0.11127    0.12123    0.11423    0.13249    0.12622    0.15481    0.16122    0.14602    0.16947    0.16200    0.15323    0.18214    0.17479    0.17925    0.16690    0.19669    0.21183    0.19664    0.21789    0.21005    0.21378    0.22247    0.22700    0.22578    0.24431    0.26897    0.30621    0.32915    0.39058    0.42428    0.55784    0.61718    0.00000    0.00000    0.00000    0.00000    0.00000    0.00000    0.00000    0.00000    0.00000    0.00000    0.00000    0.00000    0.00000    0.00000 
    0.13773    0.12430    0.17205    0.13161    0.15036    0.15670    0.14088    0.14490    0.16281    0.14746    0.15421    0.15940    0.14789    0.16234    0.14466    0.15281    0.16890    0.17363    0.18945    0.17529    0.16491    0.18211    0.18470    0.20829    0.21379    0.21767    0.25149    0.24784    0.27430    0.24929    0.28465    0.31825    0.34899    0.39750    0.49472    0.75048    0.11365    0.00000    0.00000    0.00000    0.00000    0.00000    0.00000    0.00000    0.00000    0.00000    0.00000    0.00000    0.00000    0.00000    0.00000 
    0.12797    0.12156    0.11842    0.11370    0.12381    0.14484    0.11972    0.12689    0.14849    0.13322    0.13486    0.15245    0.14073    0.14063    0.16201    0.16657    0.17573    0.17734    0.18516    0.17549    0.17162    0.18190    0.18604    0.20074    0.21371    0.21527    0.23398    0.22657    0.26075    0.27406    0.28708    0.31987    0.32107    0.36100    0.39843    0.52605    0.73228    0.00000    0.00000    0.00000    0.00000    0.00000    0.00000    0.00000    0.00000    0.00000    0.00000    0.00000    0.00000    0.00000    0.00000 
    0.11409    0.13929    0.15330    0.12743    0.14078    0.14069    0.16818    0.13510    0.14655    0.15497    0.16795    0.16404    0.16863    0.15525    0.15495    0.14271    0.17384    0.16145    0.18901    0.18166    0.18713    0.18716    0.17401    0.21915    0.21094    0.20264    0.24911    0.25008    0.27200    0.30087    0.30884    0.33117    0.34004    0.41059    0.49739    0.76639    0.01262    0.00000    0.00000    0.00000    0.00000    0.00000    0.00000    0.00000    0.00000    0.00000    0.00000    0.00000    0.00000    0.00000    0.00000 
    0.12549    0.11952    0.11364    0.12563    0.13928    0.13470    0.15817    0.13450    0.13410    0.16853    0.15916    0.15672    0.14679    0.16487    0.14649    0.15032    0.16461    0.18921    0.16811    0.17987    0.18110    0.19333    0.19578    0.19807    0.22384    0.21583    0.25886    0.21646    0.25269    0.26030    0.28084    0.29310    0.30942    0.36855    0.45318    0.57342    0.54552    0.00000    0.00000    0.00000    0.00000    0.00000    0.00000    0.00000    0.00000    0.00000    0.00000    0.00000    0.00000    0.00000    0.00000 
    0.11578    0.12904    0.13698    0.13054    0.13278    0.14853    0.14970    0.14358    0.13706    0.16369    0.14721    0.15970    0.16381    0.14220    0.16994    0.16308    0.18181    0.14167    0.18069    0.19508    0.21700    0.19047    0.19348    0.20019    0.20813    0.23032    0.25170    0.24249    0.27917    0.27682    0.28365    0.31834    0.36332    0.40581    0.51560    0.75387    0.03679    0.00000    0.00000    0.00000    0.00000    0.00000    0.00000    0.00000    0.00000    0.00000    0.00000    0.00000    0.00000    0.00000    0.00000 
    0.10898    0.15306    0.13544    0.15121    0.14130    0.13536    0.13336    0.12556    0.13404    0.15602    0.13051    0.12394    0.15706    0.14950    0.17319    0.18121    0.16597    0.16611    0.15416    0.16015    0.19287    0.18229    0.18844    0.20336    0.21007    0.21139    0.21720    0.20747    0.24319    0.27233    0.26067    0.29804    0.35058    0.38624    0.43907    0.57310    0.62758    0.00000    0.00000    0.00000    0.00000    0.00000    0.00000    0.00000    0.00000    0.00000    0.00000    0.00000    0.00000    0.00000    0.00000 
    0.12893    0.14253    0.15141    0.17208    0.14990    0.15236    0.15342    0.14073    0.15985    0.14604    0.15573    0.15363    0.18257    0.15493    0.19730    0.17195    0.17111    0.17519    0.21601    0.18694    0.22032    0.19336    0.20903    0.22766    0.22497    0.22470    0.24366    0.23913    0.27952    0.27994    0.33718    0.35422    0.42070    0.52929    0.73723    0.01651    0.00000    0.00000    0.00000    0.00000    0.00000    0.00000    0.00000    0.00000    0.00000    0.00000    0.00000    0.00000    0.00000    0.00000    0.00000 
    0.11317    0.11746    0.15233    0.12842    0.13301    0.11896    0.14205    0.16159    0.14881    0.14443    0.12033    0.15763    0.13606    0.16389    0.18005    0.16504    0.16212    0.17231    0.18615    0.18534    0.19885    0.17589    0.19664    0.18112    0.21438    0.23059    0.22927    0.22960    0.24272    0.28071    0.26918    0.29887    0.33648    0.36895    0.44745    0.59969    0.51047    0.00000    0.00000    0.00000    0.00000    0.00000    0.00000    0.00000    0.00000    0.00000    0.00000    0.00000    0.00000    0.00000    0.00000 
    0.15063    0.14373    0.14067    0.13034    0.14996    0.13048    0.13781    0.14777    0.15844    0.12356    0.16403    0.15233    0.14780    0.15002    0.15708    0.15024    0.17502    0.18610    0.14538    0.18862    0.18844    0.16906    0.17986    0.18357    0.21989    0.21127    0.22416    0.22833    0.25956    0.26173    0.28375    0.29788    0.32871    0.35438    0.43481    0.60619    0.53841    0.00000    0.00000    0.00000    0.00000    0.00000    0.00000    0.00000    0.00000    0.00000    0.00000    0.00000    0.00000    0.00000    0.00000 
    0.12315    0.10625    0.14117    0.15697    0.11723    0.15566    0.13193    0.16300    0.17047    0.15529    0.14970    0.14476    0.12311    0.16601    0.15776    0.17760    0.16248    0.19788    0.16713    0.19887    0.19200    0.17505    0.22170    0.19867    0.21604    0.21649    0.24071    0.24549    0.27701    0.26911    0.28067    0.32367    0.37416    0.41036    0.51693    0.77420    0.00132    0.00000    0.00000    0.00000    0.00000    0.00000    0.00000    0.00000    0.00000    0.00000    0.00000    0.00000    0.00000    0.00000    0.00000 
    0.13158    0.11762    0.14561    0.12618    0.15445    0.13959    0.14070    0.13539    0.16436    0.16301    0.13468    0.16139    0.15766    0.16040    0.15047    0.13943    0.17160    0.16697    0.23162    0.19345    0.18255    0.18477    0.19314    0.20490    0.19446    0.20989    0.22964    0.26693    0.24132    0.25442    0.30038    0.30573    0.32248    0.39080    0.47772    0.77612    0.17859    0.00000    0.00000    0.00000    0.00000    0.00000    0.00000    0.00000    0.00000    0.00000    0.00000    0.00000    0.00000    0.00000    0.00000 
    0.12020    0.14206    0.14039    0.13035    0.13428    0.16296    0.13891    0.14777    0.14001    0.13472    0.13761    0.12608    0.14591    0.14337    0.18951    0.16149    0.17750    0.15630    0.16913    0.17544    0.21731    0.19601    0.20642    0.19851    0.19536    0.22090    0.23170    0.22616    0.24938    0.26228    0.28858    0.29879    0.35122    0.36467    0.45718    0.60943    0.45213    0.00000    0.00000    0.00000    0.00000    0.00000    0.00000    0.00000    0.00000    0.00000    0.00000    0.00000    0.00000    0.00000    0.00000 
    0.12044    0.13133    0.12197    0.13999    0.15288    0.10890    0.13955    0.13810    0.15847    0.13051    0.14595    0.15416    0.13461    0.15616    0.15280    0.12577    0.17411    0.14479    0.17394    0.17822    0.18959    0.17038    0.20120    0.20403    0.20501    0.22639    0.22380    0.21956    0.24454    0.26770    0.28655    0.28571    0.30299    0.35364    0.42152    0.51479    0.75145    0.04848    0.00000    0.00000    0.00000    0.00000    0.00000    0.00000    0.00000    0.00000    0.00000    0.00000    0.00000    0.00000    0.00000 
    0.12118    0.13931    0.12759    0.12552    0.13109    0.14198    0.12053    0.15408    0.15184    0.16391    0.17091    0.14475    0.17755    0.17022    0.15100    0.17944    0.15682    0.16717    0.21118    0.18010    0.19671    0.18961    0.20921    0.18639    0.22595    0.21658    0.24825    0.24610    0.25728    0.25870    0.27511    0.28785    0.34769    0.39858    0.46667    0.75838    0.14477    0.00000    0.00000    0.00000    0.00000    0.00000    0.00000    0.00000    0.00000    0.00000    0.00000    0.00000    0.00000    0.00000    0.00000 
    0.12850    0.12387    0.14358    0.15746    0.14864    0.15160    0.13828    0.14448    0.16412    0.16681    0.15693    0.16867    0.14312    0.16462    0.15124    0.18544    0.18355    0.17286    0.15612    0.17494    0.21139    0.18959    0.21038    0.19760    0.19849    0.23619    0.22930    0.24852    0.25304    0.29443    0.29295    0.34684    0.39194    0.42595    0.55799    0.59056    0.00000    0.00000    0.00000    0.00000    0.00000    0.00000    0.00000    0.00000    0.00000    0.00000    0.00000    0.00000    0.00000    0.00000    0.00000 
    0.14080    0.12194    0.11506    0.13697    0.17462    0.12467    0.13123    0.14620    0.17597    0.14903    0.14242    0.15823    0.17445    0.18534    0.15307    0.16155    0.15646    0.18652    0.18129    0.17904    0.17050    0.19581    0.20119    0.21148    0.20741    0.22988    0.22935    0.23378    0.26989    0.28716    0.30975    0.30438    0.35776    0.40220    0.51425    0.74610    0.03426    0.00000    0.00000    0.00000    0.00000    0.00000    0.00000    0.00000    0.00000    0.00000    0.00000    0.00000    0.00000    0.00000    0.00000 
    0.14838    0.15332    0.15369    0.14655    0.13750    0.11699    0.13022    0.16969    0.12217    0.13505    0.16316    0.13656    0.14713    0.15297    0.17637    0.17789    0.17284    0.19418    0.18499    0.16844    0.17339    0.19288    0.20739    0.19622    0.20594    0.23983    0.22474    0.26159    0.26301    0.27046    0.27937    0.33842    0.35123    0.42383    0.47405    0.76881    0.04078    0.00000    0.00000    0.00000    0.00000    0.00000    0.00000    0.00000    0.00000    0.00000    0.00000    0.00000    0.00000    0.00000    0.00000 
    0.11999    0.14785    0.11443    0.15863    0.12226    0.13128    0.11470    0.15630    0.16466    0.13375    0.14336    0.15305    0.14732    0.16716    0.16040    0.15484    0.18651    0.13786    0.16623    0.17520    0.19511    0.17841    0.19187    0.21145    0.21245    0.22309    0.23256    0.22577    0.26962    0.24554    0.30344    0.28819    0.33660    0.36296    0.42748    0.55019    0.58948    0.00000    0.00000    0.00000    0.00000    0.00000    0.00000    0.00000    0.00000    0.00000    0.00000    0.00000    0.00000    0.00000    0.00000 
    0.13293    0.15094    0.13262    0.12669    0.14597    0.15438    0.14150    0.15831    0.15535    0.16255    0.14586    0.17013    0.15880    0.18408    0.16620    0.20655    0.17205    0.18299    0.18616    0.18159    0.19225    0.21016    0.18819    0.21685    0.21954    0.22434    0.24355    0.23902    0.25522    0.27589    0.33348    0.32641    0.36021    0.47542    0.67299    0.35081    0.00000    0.00000    0.00000    0.00000    0.00000    0.00000    0.00000    0.00000    0.00000    0.00000    0.00000    0.00000    0.00000    0.00000    0.00000 
    0.13311    0.12737    0.13309    0.14633    0.12785    0.15869    0.14281    0.15587    0.12883    0.15962    0.14530    0.16845    0.15609    0.16827    0.16163    0.16122    0.15595    0.15079    0.18853    0.17125    0.17427    0.20244    0.20334    0.17713    0.20029    0.22856    0.25044    0.24872    0.23147    0.27252    0.29144    0.30227    0.33841    0.41148    0.46841    0.74037    0.21740    0.00000    0.00000    0.00000    0.00000    0.00000    0.00000    0.00000    0.00000    0.00000    0.00000    0.00000    0.00000    0.00000    0.00000 
    0.12960    0.11328    0.14986    0.12957    0.13854    0.14431    0.14925    0.15970    0.13289    0.12106    0.16485    0.15346    0.16268    0.17752    0.15835    0.17474    0.16493    0.15924    0.17934    0.16288    0.19551    0.19121    0.19435    0.21713    0.20666    0.20712    0.22459    0.25094    0.24812    0.26264    0.27395    0.31046    0.34937    0.37724    0.43930    0.62173    0.40363    0.00000    0.00000    0.00000    0.00000    0.00000    0.00000    0.00000    0.00000    0.00000    0.00000    0.00000    0.00000    0.00000    0.00000 
    0.13978    0.13038    0.11567    0.10715    0.15022    0.15383    0.13108    0.16313    0.12788    0.17031    0.14775    0.17029    0.15189    0.15520    0.14266    0.15804    0.19336    0.15148    0.16536    0.19253    0.18382    0.17351    0.20456    0.21086    0.21356    0.21474    0.23799    0.22800    0.26356    0.25455    0.31293    0.32801    0.33163    0.39331    0.45361    0.65236    0.32503    0.00000    0.00000    0.00000    0.00000    0.00000    0.00000    0.00000    0.00000    0.00000    0.00000    0.00000    0.00000    0.00000    0.00000 
    0.11599    0.12750    0.13073    0.14539    0.12128    0.14748    0.13737    0.14304    0.14012    0.15294    0.14016    0.15537    0.14497    0.15352    0.16718    0.16246    0.14968    0.16553    0.16656    0.15141    0.17625    0.17951    0.22424    0.18797    0.19484    0.21941    0.23024    0.23842    0.23880    0.25823    0.25498    0.27938    0.34314    0.35415    0.38859    0.53344    0.75340    0.02635    0.00000    0.00000    0.00000    0.00000    0.00000    0.00000    0.00000    0.00000    0.00000    0.00000    0.00000    0.00000    0.00000 
    0.12995    0.12254    0.12711    0.11669    0.14586    0.14780    0.11124    0.15177    0.13706    0.15114    0.16453    0.16663    0.16047    0.17291    0.17471    0.16505    0.16457    0.19128    0.19248    0.17700    0.19454    0.19477    0.19015    0.23055    0.20480    0.23605    0.23839    0.26686    0.25755    0.27900    0.28206    0.32244    0.33593    0.40789    0.51235    0.73188    0.04399    0.00000    0.00000    0.00000    0.00000    0.00000    0.00000    0.00000    0.00000    0.00000    0.00000    0.00000    0.00000    0.00000    0.00000 
    0.14123    0.12601    0.12436    0.13370    0.13710    0.14146    0.13112    0.14912    0.18507    0.13939    0.16494    0.14196    0.17183    0.16749    0.13488    0.15549    0.17575    0.17023    0.16597    0.17507    0.17616    0.17732    0.19817    0.22466    0.22910    0.22719    0.24051    0.25796    0.27811    0.29174    0.29220    0.33606    0.36650    0.42369    0.55675    0.69173    0.00000    0.00000    0.00000    0.00000    0.00000    0.00000    0.00000    0.00000    0.00000    0.00000    0.00000    0.00000    0.00000    0.00000    0.00000 
    0.13095    0.16515    0.13209    0.13894    0.12332    0.12485    0.12727    0.14712    0.12476    0.13665    0.13121    0.15329    0.15989    0.16388    0.16981    0.17332    0.19827    0.19581    0.16401    0.19165    0.17349    0.19717    0.19616    0.21985    0.20420    0.24865    0.23234    0.24804    0.25689    0.27333    0.28299    0.30579    0.36366    0.42397    0.52153    0.77353    0.02620    0.00000    0.00000    0.00000    0.00000    0.00000    0.00000    0.00000    0.00000    0.00000    0.00000    0.00000    0.00000    0.00000    0.00000 
    0.12219    0.12327    0.14376    0.12074    0.15013    0.14227    0.15003    0.14629    0.14554    0.15796    0.14523    0.13382    0.15378    0.16711    0.14110    0.15727    0.18474    0.16007    0.16420    0.17019    0.17485    0.20568    0.20204    0.23404    0.21660    0.21779    0.24657    0.25094    0.25000    0.29130    0.28976    0.28095    0.33218    0.39306    0.45991    0.66354    0.31110    0.00000    0.00000    0.00000    0.00000    0.00000    0.00000    0.00000    0.00000    0.00000    0.00000    0.00000    0.00000    0.00000    0.00000 
    0.12125    0.13120    0.12361    0.12880    0.12116    0.14452    0.13664    0.14754    0.14628    0.16962    0.15584    0.12204    0.16663    0.15713    0.16204    0.16450    0.15334    0.16847    0.18805    0.19909    0.17806    0.17010    0.18842    0.21199    0.21275    0.22109    0.25463    0.23576    0.27246    0.24570    0.26375    0.30370    0.34401    0.38524    0.46681    0.65457    0.38324    0.00000    0.00000    0.00000    0.00000    0.00000    0.00000    0.00000    0.00000    0.00000    0.00000    0.00000    0.00000    0.00000    0.00000 
    0.13446    0.11888    0.11927    0.13308    0.14547    0.15327    0.15839    0.14549    0.14658    0.14957    0.15466    0.14828    0.15903    0.15562    0.14432    0.16347    0.17096    0.17815    0.16246    0.20235    0.20739    0.19810    0.19080    0.19162    0.22424    0.21852    0.22756    0.24158    0.26782    0.27353    0.30363    0.32212    0.34579    0.40040    0.50003    0.74015    0.10298    0.00000    0.00000    0.00000    0.00000    0.00000    0.00000    0.00000    0.00000    0.00000    0.00000    0.00000    0.00000    0.00000    0.00000 
    0.13535    0.10218    0.14223    0.14174    0.13296    0.13532    0.14019    0.15110    0.15539    0.16638    0.16900    0.14644    0.15126    0.14436    0.13045    0.15329    0.14738    0.17450    0.18132    0.18899    0.17390    0.18056    0.21940    0.19078    0.20575    0.25111    0.24335    0.23891    0.25837    0.26495    0.30145    0.31765    0.32418    0.40829    0.47693    0.70185    0.25270    0.00000    0.00000    0.00000    0.00000    0.00000    0.00000    0.00000    0.00000    0.00000    0.00000    0.00000    0.00000    0.00000    0.00000 
    0.14779    0.14234    0.12640    0.14299    0.13666    0.14749    0.14933    0.14957    0.16785    0.15521    0.15795    0.17568    0.18031    0.15085    0.18761    0.19328    0.18691    0.18015    0.18745    0.23098    0.20848    0.18814    0.21555    0.22692    0.23538    0.25602    0.24883    0.26145    0.26621    0.32003    0.32868    0.39364    0.45441    0.58004    0.51944    0.00000    0.00000    0.00000    0.00000    0.00000    0.00000    0.00000    0.00000    0.00000    0.00000    0.00000    0.00000    0.00000    0.00000    0.00000    0.00000 
    0.13860    0.11543    0.09500    0.10802    0.13565    0.12755    0.11969    0.14201    0.14398    0.12627    0.15509    0.17678    0.16371    0.16346    0.15056    0.16870    0.16905    0.17616    0.16135    0.18212    0.19474    0.19453    0.20850    0.19808    0.19504    0.21618    0.23899    0.22469    0.26785    0.25502    0.25750    0.29702    0.32666    0.37713    0.41363    0.50889    0.70636    0.00000    0.00000    0.00000    0.00000    0.00000    0.00000    0.00000    0.00000    0.00000    0.00000    0.00000    0.00000    0.00000    0.00000 
    0.15712    0.14240    0.14923    0.12626    0.16296    0.15797    0.13888    0.15024    0.14249    0.17824    0.14489    0.16309    0.15209    0.14848    0.17127    0.15540    0.16983    0.19031    0.18032    0.18356    0.17600    0.21792    0.19287    0.23248    0.24508    0.22965    0.24559    0.27017    0.25439    0.28967    0.31136    0.36257    0.39253    0.45745    0.71921    0.23806    0.00000    0.00000    0.00000    0.00000    0.00000    0.00000    0.00000    0.00000    0.00000    0.00000    0.00000    0.00000    0.00000    0.00000    0.00000 
    0.12585    0.14030    0.13198    0.15135    0.12666    0.11803    0.16569    0.13031    0.15473    0.15597    0.14323    0.14153    0.13293    0.16759    0.16683    0.14710    0.16823    0.16725    0.17842    0.17583    0.18738    0.21209    0.19814    0.20342    0.20494    0.18974    0.24973    0.23330    0.25074    0.28118    0.29812    0.31040    0.36768    0.38997    0.48072    0.70084    0.25180    0.00000    0.00000    0.00000    0.00000    0.00000    0.00000    0.00000    0.00000    0.00000    0.00000    0.00000    0.00000    0.00000    0.00000 
    0.14640    0.12787    0.12447    0.14274    0.13884    0.14930    0.12005    0.14485    0.11792    0.16356    0.14560    0.14517    0.13811    0.13907    0.13657    0.18450    0.15769    0.16318    0.16973    0.18329    0.17828    0.18343    0.19891    0.20898    0.22176    0.20986    0.22820    0.25525    0.25461    0.28081    0.27220    0.29544    0.34858    0.36395    0.44156    0.58376    0.53552    0.00000    0.00000    0.00000    0.00000    0.00000    0.00000    0.00000    0.00000    0.00000    0.00000    0.00000    0.00000    0.00000    0.00000 
    0.12403    0.10607    0.14244    0.11032    0.12753    0.13420    0.14686    0.13468    0.14978    0.14964    0.15428    0.12219    0.15264    0.16518    0.14243    0.16053    0.16133    0.16838    0.17501    0.16800    0.20593    0.17318    0.18108    0.20956    0.21699    0.21165    0.23826    0.25065    0.22049    0.25063    0.24360    0.28911    0.32866    0.36865    0.41679    0.51475    0.74637    0.03812    0.00000    0.00000    0.00000    0.00000    0.00000    0.00000    0.00000    0.00000    0.00000    0.00000    0.00000    0.00000    0.00000 
    0.12208    0.13100    0.14841    0.12851    0.13494    0.10747    0.12548    0.14731    0.13488    0.13720    0.15943    0.16150    0.16829    0.15605    0.16789    0.17885    0.18024    0.19373    0.18512    0.17026    0.19825    0.17957    0.21509    0.21672    0.20312    0.22609    0.24891    0.23483    0.25565    0.25125    0.30768    0.32051    0.34525    0.37441    0.49058    0.71828    0.17516    0.00000    0.00000    0.00000    0.00000    0.00000    0.00000    0.00000    0.00000    0.00000    0.00000    0.00000    0.00000    0.00000    0.00000 
    0.14308    0.11954    0.10429    0.15051    0.13086    0.14918    0.13604    0.15050    0.15241    0.14610    0.15296    0.12857    0.14740    0.15179    0.15922    0.15152    0.20001    0.18218    0.17815    0.19874    0.19809    0.20768    0.19920    0.20841    0.21421    0.21330    0.22675    0.24517    0.25578    0.29265    0.28809    0.32439    0.35065    0.40360    0.50832    0.71613    0.11458    0.00000    0.00000    0.00000    0.00000    0.00000    0.00000    0.00000    0.00000    0.00000    0.00000    0.00000    0.00000    0.00000    0.00000 
    0.13911    0.14268    0.13467    0.11333    0.15605    0.14043    0.14999    0.15231    0.12707    0.15320    0.15272    0.17189    0.16280    0.15817    0.15259    0.15750    0.16272    0.20537    0.16507    0.19256    0.21989    0.18535    0.19871    0.22033    0.21476    0.23466    0.24577    0.26026    0.26460    0.26763    0.30596    0.33259    0.36843    0.44855    0.58056    0.56169    0.00000    0.00000    0.00000    0.00000    0.00000    0.00000    0.00000    0.00000    0.00000    0.00000    0.00000    0.00000    0.00000    0.00000    0.00000 
