100000,E+03  9615,97E-05  2305,29E-08
200000,E+03  9696,26E-05  1621,23E-08
300000,E+03  9796,13E-05  5840,36E-09
400000,E+03  9872,16E-05  1140,39E-07
500000,E+03  9957,49E-05  4787,86E-09
600000,E+03  1006,93E-04  1091,27E-08
700000,E+03  1016,63E-04  5546,78E-09
800000,E+03  1026,99E-04  6252,58E-09
900000,E+03  1035,62E-04  2990,44E-08
100000,E+04  1047,00E-04  4969,40E-09
110000,E+04  1059,83E-04  6688,14E-09
120000,E+04  1072,07E-04  8269,38E-09
130000,E+04  1083,63E-04  8262,93E-09
140000,E+04  1095,30E-04  2876,19E-08
150000,E+04  1108,96E-04  8070,45E-09
160000,E+04  1120,55E-04  2973,52E-08
170000,E+04  1134,10E-04  4776,13E-09
180000,E+04  1146,90E-04  1309,61E-08
190000,E+04  1161,87E-04  2248,13E-08
200000,E+04  1177,66E-04  1054,73E-08
210000,E+04  1192,15E-04  1202,14E-07
220000,E+04  1210,10E-04  7171,83E-06
230000,E+04  1228,26E-04  1152,61E-08
240000,E+04  1245,57E-04  7349,89E-09
250000,E+04  1263,83E-04  8765,70E-09
260000,E+04  1282,31E-04  2005,40E-08
270000,E+04  1304,54E-04  8380,28E-09
280000,E+04  1324,79E-04  7856,32E-08
290000,E+04  1347,25E-04  9572,42E-09
300000,E+04  1372,06E-04  9470,62E-09
310000,E+04  1398,23E-04  1590,75E-08
320000,E+04  1423,43E-04  1835,78E-08
330000,E+04  1451,22E-04  1096,26E-08
340000,E+04  1483,13E-04  1007,39E-08
350000,E+04  1512,84E-04  1215,72E-08
360000,E+04  1541,22E-04  8514,35E-08
370000,E+04  1573,12E-04  4319,00E-08
380000,E+04  1611,29E-04  6249,47E-08
390000,E+04  1655,31E-04  1139,05E-08
400000,E+04  1703,88E-04  5821,61E-08
410000,E+04  1757,05E-04  1190,19E-08
420000,E+04  1814,50E-04  3820,87E-08
430000,E+04  1881,63E-04  1284,82E-08
440000,E+04  1955,50E-04  1130,09E-07
450000,E+04  2043,18E-04  2544,58E-08
460000,E+04  2144,67E-04  2010,13E-08
470000,E+04  2266,09E-04  2983,07E-07
480000,E+04  2407,34E-04  6931,85E-08
490000,E+04  2577,04E-04  2140,87E-07
500000,E+04  2779,90E-04  9088,26E-08
510000,E+04  3002,46E-04  6811,04E-07
520000,E+04  3129,70E-04  2373,06E-07
530000,E+04  2431,96E-04  1543,77E-06
540000,E+04  3008,51E-05  2398,30E-06
550000,E+04  0000,00E+00  0000,00E+00
560000,E+04  0000,00E+00  0000,00E+00
570000,E+04  0000,00E+00  0000,00E+00
580000,E+04  0000,00E+00  0000,00E+00
590000,E+04  0000,00E+00  0000,00E+00
600000,E+04  0000,00E+00  0000,00E+00
610000,E+04  0000,00E+00  0000,00E+00
620000,E+04  0000,00E+00  0000,00E+00
630000,E+04  0000,00E+00  0000,00E+00
640000,E+04  0000,00E+00  0000,00E+00
650000,E+04  0000,00E+00  0000,00E+00
660000,E+04  0000,00E+00  0000,00E+00
670000,E+04  0000,00E+00  0000,00E+00
680000,E+04  0000,00E+00  0000,00E+00
690000,E+04  0000,00E+00  0000,00E+00
700000,E+04  0000,00E+00  0000,00E+00
710000,E+04  0000,00E+00  0000,00E+00
720000,E+04  0000,00E+00  0000,00E+00
730000,E+04  0000,00E+00  0000,00E+00
740000,E+04  0000,00E+00  0000,00E+00
750000,E+04  0000,00E+00  0000,00E+00
760000,E+04  0000,00E+00  0000,00E+00
770000,E+04  0000,00E+00  0000,00E+00
780000,E+04  0000,00E+00  0000,00E+00
790000,E+04  0000,00E+00  0000,00E+00
800000,E+04  0000,00E+00  0000,00E+00
810000,E+04  0000,00E+00  0000,00E+00
820000,E+04  0000,00E+00  0000,00E+00
830000,E+04  0000,00E+00  0000,00E+00
840000,E+04  0000,00E+00  0000,00E+00
850000,E+04  0000,00E+00  0000,00E+00
860000,E+04  0000,00E+00  0000,00E+00
870000,E+04  0000,00E+00  0000,00E+00
880000,E+04  0000,00E+00  0000,00E+00
890000,E+04  0000,00E+00  0000,00E+00
900000,E+04  0000,00E+00  0000,00E+00
910000,E+04  0000,00E+00  0000,00E+00
920000,E+04  0000,00E+00  0000,00E+00
930000,E+04  0000,00E+00  0000,00E+00
940000,E+04  0000,00E+00  0000,00E+00
950000,E+04  0000,00E+00  0000,00E+00
960000,E+04  0000,00E+00  0000,00E+00
970000,E+04  0000,00E+00  0000,00E+00
980000,E+04  0000,00E+00  0000,00E+00
990000,E+04  0000,00E+00  0000,00E+00
100000,E+05  0000,00E+00  0000,00E+00
