Calc. Date= 04-27-2023. Time= 14:43:08
============================== SRIM-2013.00 ==============================
 =====================================================================
 =                   Ion Energy vs Position File                     =
 =====================================================================
 =   AXIS DEFINITIONS: X=Depth. Y.Z= Lateral plane of target surface.=
 =   (If beam enters target at an angle. this tilt is in Y direction)=
 =   Shown are: Ion Number. Energy (keV). X. Y. Z Position           =
 ==================  CALCULATION   DATA  =============================
  Ion Data: Name. Mass.   Energy . Energy Interval
           Sr     080.00  1200000keV    23529411eV
 =====================================================================
Ion       Energy     Depth (X)     Y           Z       Electronic   Energy Lost to
Number    (keV)    (Angstrom)  (Angstrom)  (Angstrom)  Stop.(eV/A)  Last Recoil(eV)
------- ----------- ---------- ----------- ----------- -----------  ---------------
0000001 1.2000E+06  0.0000E+00  0.0000E+00  0.0000E+00  5.1093E-01  0.0000E+00
0000001 1.1762E+06  4.7465E+07  1.8298E+04 -7.2725E+03  5.1664E-01  4.5331E+00
0000001 1.1528E+06  9.2054E+07  5.6789E+04 -1.6683E+04  5.2233E-01  5.1152E+00
0000001 1.1292E+06  1.3730E+08  1.0404E+05 -3.9768E+04  5.2819E-01  1.0316E+02
0000001 1.1057E+06  1.8254E+08  1.3471E+05 -1.5422E+04  5.3413E-01  5.1078E+00
0000001 1.0822E+06  2.2536E+08  1.5258E+05  1.5832E+04  5.4016E-01  9.3465E+00
0000001 1.0587E+06  2.6817E+08  1.9072E+05  1.5132E+04  5.4632E-01  5.5444E+01
0000001 1.0353E+06  3.1037E+08  2.4359E+05 -1.7446E+04  5.5257E-01  3.6240E+02
0000001 1.0117E+06  3.5254E+08  2.9865E+05 -6.3615E+04  5.5897E-01  4.0702E+01
0000001 9.8814E+05  3.9464E+08  3.6551E+05 -1.3117E+05  5.6552E-01  5.8582E+00
0000001 9.6438E+05  4.3666E+08  4.3355E+05 -2.7815E+05  5.7223E-01  5.0798E+00
0000001 9.4105E+05  4.7692E+08  5.0492E+05 -4.0963E+05  5.7897E-01  2.1722E+01
0000001 9.1745E+05  5.1763E+08  6.0359E+05 -5.1009E+05  5.8592E-01  1.6974E+03
0000001 8.9395E+05  5.5714E+08  7.1424E+05 -5.2953E+05  5.9298E-01  9.3397E+00
0000001 8.7052E+05  5.9651E+08  8.7610E+05 -5.3471E+05  6.0020E-01  2.2492E+01
0000001 8.4697E+05  6.3573E+08  1.0299E+06 -5.3174E+05  6.0761E-01  8.8038E+00
0000001 8.2347E+05  6.7425E+08  1.1802E+06 -5.2865E+05  6.1517E-01  1.4604E+01
0000001 7.9974E+05  7.1357E+08  1.3467E+06 -5.0352E+05  6.2302E-01  4.1933E+01
0000001 7.7622E+05  7.5069E+08  1.5250E+06 -4.7937E+05  6.3097E-01  4.8249E+01
0000001 7.5277E+05  7.8808E+08  1.7233E+06 -4.1162E+05  6.3912E-01  6.1326E+00
0000001 7.2931E+05  8.2472E+08  1.8878E+06 -3.4129E+05  6.4749E-01  1.2607E+01
0000001 7.0577E+05  8.6109E+08  2.0273E+06 -3.1107E+05  6.5613E-01  2.3824E+02
0000001 6.8222E+05  8.9671E+08  2.1319E+06 -2.8248E+05  6.6501E-01  4.1928E+02
0000001 6.5876E+05  9.3155E+08  2.2228E+06 -2.7331E+05  6.7413E-01  1.1903E+01
0000001 6.3527E+05  9.6606E+08  2.2903E+06 -2.6748E+05  6.8354E-01  4.0570E+00
0000001 6.1157E+05  1.0010E+09  2.3597E+06 -2.8364E+05  6.9334E-01  2.2751E+01
0000001 5.8799E+05  1.0352E+09  2.4516E+06 -3.7473E+05  7.0339E-01  7.8073E+00
0000001 5.6465E+05  1.0677E+09  2.5197E+06 -4.6072E+05  7.1367E-01  1.3502E+01
0000001 5.4101E+05  1.1002E+09  2.6393E+06 -5.1901E+05  7.2444E-01  1.0834E+01
0000001 5.1746E+05  1.1325E+09  2.8692E+06 -4.3087E+05  7.3551E-01  6.5889E+00
0000001 4.9393E+05  1.1640E+09  3.0928E+06 -3.4896E+05  7.4694E-01  4.7788E+00
0000001 4.7030E+05  1.1952E+09  3.3308E+06 -2.8742E+05  7.5877E-01  6.1797E+00
0000001 4.4691E+05  1.2263E+09  3.5931E+06 -2.3109E+05  7.7083E-01  8.7633E+00
0000001 4.2327E+05  1.2567E+09  3.8088E+06 -1.5323E+05  7.8334E-01  6.7122E+00
0000001 3.9996E+05  1.2860E+09  4.1601E+06 -1.1435E+05  7.9597E-01  2.9949E+01
0000001 3.7629E+05  1.3153E+09  4.5479E+06 -6.8000E+04  8.0901E-01  4.5919E+00
0000001 3.5285E+05  1.3441E+09  4.9498E+06 -2.4153E+04  8.2203E-01  4.1640E+01
0000001 3.2934E+05  1.3726E+09  5.3048E+06 -3.8288E+04  8.3505E-01  6.5283E+00
0000001 3.0575E+05  1.4000E+09  5.6820E+06 -5.0682E+04  8.4784E-01  4.1300E+02
0000001 2.8210E+05  1.4275E+09  5.9894E+06  1.4862E+03  8.6006E-01  4.0211E+01
0000001 2.5864E+05  1.4541E+09  6.2115E+06  5.7405E+04  8.7112E-01  3.1541E+01
0000001 2.3529E+05  1.4806E+09  6.4170E+06  1.1615E+05  8.8044E-01  7.2702E+00
0000001 2.1157E+05  1.5076E+09  6.6368E+06  1.8436E+05  8.8727E-01  2.4003E+02
0000001 1.8821E+05  1.5341E+09  6.8278E+06  3.0525E+05  8.9207E-01  2.1757E+01
0000001 1.6467E+05  1.5601E+09  7.0334E+06  3.8566E+05  8.9110E-01  9.3143E+00
0000001 1.4107E+05  1.5865E+09  7.1911E+06  4.5794E+05  8.8144E-01  1.3743E+02
0000001 1.1751E+05  1.6139E+09  7.2016E+06  5.0363E+05  8.6365E-01  8.5014E+00
0000001 9.4113E+04  1.6410E+09  7.1567E+06  6.1277E+05  8.3078E-01  5.6528E+00
0000001 7.0570E+04  1.6701E+09  6.6824E+06  1.0801E+06  7.7619E-01  2.1834E+01
0000001 4.7029E+04  1.7021E+09  5.6130E+06  1.9327E+06  6.9039E-01  5.7975E+02
0000001 2.3476E+04  1.7400E+09  3.9364E+06  3.2120E+06  5.3602E-01  7.5031E+00
0000001 0.0000E+00  1.8261E+09 -2.8933E+06  8.8057E+06  0.0000E+00  5.5020E-01
