Calc. Date= 04-27-2023. Time= 14:54:28
============================== SRIM-2013.00 ==============================
 =====================================================================
 =                   Ion Energy vs Position File                     =
 =====================================================================
 =   AXIS DEFINITIONS: X=Depth. Y.Z= Lateral plane of target surface.=
 =   (If beam enters target at an angle. this tilt is in Y direction)=
 =   Shown are: Ion Number. Energy (keV). X. Y. Z Position           =
 ==================  CALCULATION   DATA  =============================
  Ion Data: Name. Mass.   Energy . Energy Interval
           Ca     040.00  600000keV    11764705eV
 =====================================================================
Ion       Energy     Depth (X)     Y           Z       Electronic   Energy Lost to
Number    (keV)    (Angstrom)  (Angstrom)  (Angstrom)  Stop.(eV/A)  Last Recoil(eV)
------- ----------- ---------- ----------- ----------- -----------  ---------------
0000001 6.0000E+05  0.0000E+00  0.0000E+00  0.0000E+00  1.6504E-01  0.0000E+00
0000001 5.8823E+05  7.0468E+07  5.4073E+04  2.8297E+03  1.6720E-01  6.8715E+00
0000001 5.7638E+05  1.3907E+08  1.1079E+05 -1.6064E+03  1.6943E-01  1.0173E+01
0000001 5.6452E+05  2.0950E+08  1.5071E+05  6.3527E+02  1.7172E-01  1.0544E+01
0000001 5.5288E+05  2.7751E+08  2.1053E+05 -4.1412E+04  1.7403E-01  2.5417E+01
0000001 5.4114E+05  3.4587E+08  2.7203E+05 -7.3571E+04  1.7641E-01  2.4851E+02
0000001 5.2937E+05  4.1049E+08  3.3738E+05 -3.5475E+04  1.7887E-01  5.1884E+02
0000001 5.1743E+05  4.7409E+08  4.0942E+05  2.6106E+04  1.8143E-01  1.3639E+01
0000001 5.0582E+05  5.3667E+08  4.0708E+05  1.1367E+05  1.8400E-01  5.7172E+00
0000001 4.9408E+05  5.9826E+08  3.7223E+05  2.3131E+05  1.8666E-01  5.3922E+00
0000001 4.8227E+05  6.6258E+08  3.3720E+05  3.3430E+05  1.8943E-01  6.5167E+00
0000001 4.7040E+05  7.2458E+08  3.0649E+05  4.2554E+05  1.9228E-01  3.9771E+00
0000001 4.5870E+05  7.8427E+08  2.3101E+05  5.0564E+05  1.9521E-01  5.9708E+00
0000001 4.4689E+05  8.4529E+08  1.6118E+05  5.7959E+05  1.9825E-01  4.0227E+01
0000001 4.3520E+05  9.0284E+08  1.5551E+05  5.4910E+05  2.0135E-01  1.7074E+02
0000001 4.2338E+05  9.6162E+08  2.7081E+05  5.3769E+05  2.0461E-01  4.2141E+00
0000001 4.1172E+05  1.0193E+09  3.3407E+05  5.4335E+05  2.0794E-01  1.2499E+01
0000001 3.9984E+05  1.0769E+09  3.2670E+05  5.1657E+05  2.1145E-01  4.5690E+00
0000001 3.8814E+05  1.1312E+09  3.3382E+05  4.3803E+05  2.1506E-01  5.1276E+00
0000001 3.7635E+05  1.1843E+09  2.9234E+05  3.3489E+05  2.1884E-01  1.5632E+01
0000001 3.6469E+05  1.2374E+09  1.9955E+05  2.4578E+05  2.2274E-01  4.3477E+00
0000001 3.5276E+05  1.2892E+09  7.5052E+04  1.3978E+05  2.2689E-01  2.1539E+01
0000001 3.4099E+05  1.3389E+09 -9.2766E+04  3.3254E+04  2.3118E-01  1.2139E+01
0000001 3.2930E+05  1.3894E+09 -2.5593E+05 -5.9923E+04  2.3565E-01  1.8156E+01
0000001 3.1743E+05  1.4395E+09 -4.2194E+05 -1.6602E+05  2.4041E-01  6.3479E+00
0000001 3.0578E+05  1.4875E+09 -6.0343E+05 -2.7509E+05  2.4531E-01  1.2137E+01
0000001 2.9400E+05  1.5352E+09 -7.7770E+05 -4.9967E+05  2.5053E-01  1.7106E+01
0000001 2.8218E+05  1.5815E+09 -8.9166E+05 -7.8301E+05  2.5605E-01  4.2322E+00
0000001 2.7041E+05  1.6266E+09 -9.9732E+05 -1.0647E+06  2.6186E-01  5.8522E+00
0000001 2.5876E+05  1.6703E+09 -1.0834E+06 -1.3198E+06  2.6794E-01  1.1638E+01
0000001 2.4686E+05  1.7144E+09 -1.1388E+06 -1.5666E+06  2.7452E-01  4.8064E+00
0000001 2.3524E+05  1.7554E+09 -1.1631E+06 -1.7331E+06  2.8134E-01  9.9779E+00
0000001 2.2349E+05  1.7974E+09 -1.3434E+06 -1.8323E+06  2.8866E-01  6.6251E+00
0000001 2.1159E+05  1.8379E+09 -1.6310E+06 -1.9313E+06  2.9656E-01  2.0289E+01
0000001 1.9997E+05  1.8762E+09 -1.9120E+06 -2.0486E+06  3.0476E-01  5.3977E+00
0000001 1.8814E+05  1.9144E+09 -2.1880E+06 -2.1219E+06  3.1365E-01  4.8057E+00
0000001 1.7645E+05  1.9510E+09 -2.4485E+06 -2.1651E+06  3.2300E-01  8.4687E+00
0000001 1.6456E+05  1.9879E+09 -2.6937E+06 -2.2020E+06  3.3311E-01  3.5729E+01
0000001 1.5286E+05  2.0219E+09 -2.8288E+06 -2.0660E+06  3.4367E-01  5.5153E+01
0000001 1.4115E+05  2.0560E+09 -2.9383E+06 -1.9797E+06  3.5484E-01  6.7014E+00
0000001 1.2939E+05  2.0887E+09 -3.0677E+06 -2.1723E+06  3.6661E-01  7.3105E+00
0000001 1.1761E+05  2.1206E+09 -3.1974E+06 -2.4285E+06  3.7890E-01  1.0551E+01
0000001 1.0588E+05  2.1509E+09 -3.3884E+06 -2.6660E+06  3.9143E-01  5.2126E+00
0000001 9.3954E+04  2.1809E+09 -3.8522E+06 -2.9937E+06  4.0513E-01  4.7009E+00
0000001 8.2338E+04  2.2089E+09 -4.3652E+06 -3.3924E+06  4.1786E-01  1.4327E+02
0000001 7.0461E+04  2.2368E+09 -4.8487E+06 -3.6494E+06  4.2944E-01  4.3767E+01
0000001 5.8747E+04  2.2638E+09 -5.3398E+06 -3.9407E+06  4.3995E-01  8.8412E+00
0000001 4.6950E+04  2.2904E+09 -5.8649E+06 -4.3496E+06  4.4630E-01  2.0136E+02
0000001 3.5265E+04  2.3163E+09 -6.5705E+06 -4.7203E+06  4.4459E-01  2.5922E+01
0000001 2.3510E+04  2.3431E+09 -7.3656E+06 -4.9399E+06  4.2658E-01  9.3090E+01
0000001 1.1738E+04  2.3725E+09 -7.7801E+06 -4.8352E+06  3.5977E-01  1.4385E+01
0000001 0.0000E+00  2.4338E+09 -8.0305E+06 -1.2544E+07  0.0000E+00  1.7900E+00
