Calc. Date= 04-25-2023. Time= 15:48:04
============================== SRIM-2013.00 ==============================
 =====================================================================
 =                   Ion Energy vs Position File                     =
 =====================================================================
 =   AXIS DEFINITIONS: X=Depth. Y.Z= Lateral plane of target surface.=
 =   (If beam enters target at an angle. this tilt is in Y direction)=
 =   Shown are: Ion Number. Energy (keV). X. Y. Z Position           =
 ==================  CALCULATION   DATA  =============================
  Ion Data: Name. Mass.   Energy . Energy Interval
           He     004.00  15000keV    294117eV
 =====================================================================
Ion       Energy     Depth (X)     Y           Z       Electronic   Energy Lost to
Number    (keV)    (Angstrom)  (Angstrom)  (Angstrom)  Stop.(eV/A)  Last Recoil(eV)
------- ----------- ---------- ----------- ----------- -----------  ---------------
0000001 1.5000E+04  0.0000E+00  0.0000E+00  0.0000E+00  5.6128E-03  0.0000E+00
0000001 1.4676E+04  5.5749E+07 -3.1935E+04 -2.3546E+04  5.7061E-03  3.6480E+00
0000001 1.4331E+04  1.1937E+08  2.1916E+05  1.3513E+05  5.8089E-03  1.5731E+01
0000001 1.4020E+04  1.6620E+08  4.8210E+05  4.4090E+05  5.9054E-03  3.6921E+00
0000001 1.3771E+04  2.1221E+08  6.1199E+05  8.0682E+05  5.9851E-03  1.8304E+01
0000001 1.3481E+04  2.5750E+08  6.9835E+05  1.2225E+06  6.0813E-03  3.5361E+00
0000001 1.3180E+04  3.0196E+08  6.3317E+05  1.6553E+06  6.1848E-03  2.4237E+01
0000001 1.2899E+04  3.4558E+08  6.0956E+05  2.0306E+06  6.2848E-03  4.5488E+00
0000001 1.2645E+04  3.8845E+08  6.6119E+05  2.3206E+06  6.3787E-03  9.2024E+00
0000001 1.2286E+04  4.4449E+08  4.8202E+05  2.5222E+06  6.5165E-03  2.0483E+01
0000001 1.2027E+04  4.8559E+08  4.1626E+05  2.6011E+06  6.6202E-03  6.1080E+00
0000001 1.1676E+04  5.3929E+08  6.1759E+05  2.9038E+06  6.7670E-03  5.4418E+00
0000001 1.1419E+04  5.7865E+08  1.1279E+06  3.2715E+06  6.8789E-03  4.9038E+00
0000001 1.1132E+04  6.1728E+08  1.6423E+06  3.5014E+06  7.0087E-03  4.8881E+01
0000001 1.0871E+04  6.5511E+08  2.2279E+06  3.8731E+06  7.1323E-03  4.3552E+00
0000001 1.0507E+04  7.0434E+08  2.8132E+06  4.4382E+06  7.3128E-03  3.2590E+00
0000001 1.0233E+04  7.4037E+08  3.2636E+06  4.8094E+06  7.4547E-03  8.0406E+00
0000001 9.9837E+03  7.7561E+08  3.6989E+06  5.1263E+06  7.5903E-03  9.1249E+00
0000001 9.6157E+03  8.2141E+08  4.1885E+06  5.5770E+06  7.8003E-03  8.1910E+00
0000001 9.3696E+03  8.5485E+08  4.6689E+06  5.9293E+06  7.9691E-03  2.2314E+00
0000001 9.0957E+03  8.8755E+08  5.1266E+06  6.3442E+06  8.1594E-03  5.9093E+00
0000001 8.7455E+03  9.2992E+08  5.6113E+06  6.8519E+06  8.4026E-03  3.0716E+00
0000001 8.4952E+03  9.6079E+08  6.0201E+06  7.2108E+06  8.5764E-03  5.1390E+00
0000001 8.1683E+03  1.0008E+09  6.7210E+06  7.8111E+06  8.8035E-03  1.3450E+01
0000001 7.9131E+03  1.0300E+09  7.1806E+06  8.1880E+06  8.9930E-03  5.0043E+00
0000001 7.5839E+03  1.0677E+09  7.7882E+06  8.7199E+06  9.2786E-03  3.7931E+00
0000001 7.3284E+03  1.0951E+09  8.3073E+06  9.1682E+06  9.5148E-03  7.1195E+00
0000001 6.9933E+03  1.1304E+09  9.0259E+06  9.7722E+06  9.8453E-03  5.0523E+00
0000001 6.7275E+03  1.1560E+09  9.6214E+06  1.0297E+07  1.0126E-02  3.3944E+00
0000001 6.4608E+03  1.1808E+09  1.0267E+07  1.0913E+07  1.0427E-02  2.4850E+01
0000001 6.1402E+03  1.2126E+09  1.1061E+07  1.1666E+07  1.0815E-02  4.9227E+00
0000001 5.8238E+03  1.2430E+09  1.1640E+07  1.2533E+07  1.1231E-02  4.5263E+00
0000001 5.5814E+03  1.2650E+09  1.2026E+07  1.3226E+07  1.1574E-02  4.5574E+00
0000001 5.2206E+03  1.2931E+09  1.2597E+07  1.4235E+07  1.2129E-02  3.0735E+00
0000001 4.9631E+03  1.3131E+09  1.3023E+07  1.4970E+07  1.2562E-02  7.3685E+00
0000001 4.6298E+03  1.3386E+09  1.3593E+07  1.5987E+07  1.3175E-02  2.8870E+00
0000001 4.3748E+03  1.3568E+09  1.4010E+07  1.6649E+07  1.3690E-02  4.0659E+00
0000001 4.0468E+03  1.3797E+09  1.4381E+07  1.7309E+07  1.4418E-02  3.5657E+00
0000001 3.8076E+03  1.3960E+09  1.4625E+07  1.7677E+07  1.5003E-02  1.0132E+01
0000001 3.4963E+03  1.4165E+09  1.4812E+07  1.8289E+07  1.5843E-02  2.1845E+01
0000001 3.1911E+03  1.4356E+09  1.4965E+07  1.8870E+07  1.6766E-02  1.3002E+02
0000001 2.8892E+03  1.4533E+09  1.5246E+07  1.9619E+07  1.7791E-02  3.8334E+00
0000001 2.6032E+03  1.4697E+09  1.5520E+07  2.0481E+07  1.8878E-02  1.0344E+01
0000001 2.3306E+03  1.4847E+09  1.5792E+07  2.1327E+07  2.0032E-02  6.4320E+00
0000001 2.0480E+03  1.4984E+09  1.6046E+07  2.2136E+07  2.1355E-02  1.3734E+01
0000001 1.7151E+03  1.5136E+09  1.6219E+07  2.2995E+07  2.3062E-02  6.6080E+00
0000001 1.4675E+03  1.5243E+09  1.6316E+07  2.3566E+07  2.4385E-02  2.4920E+00
0000001 1.1369E+03  1.5380E+09  1.6310E+07  2.4430E+07  2.6014E-02  5.4140E+00
0000001 8.3697E+02  1.5492E+09  1.6339E+07  2.5020E+07  2.6858E-02  5.5785E+00
0000001 5.7853E+02  1.5593E+09  1.6455E+07  2.5433E+07  2.6229E-02  5.9870E+00
0000001 2.9344E+02  1.5708E+09  1.6402E+07  2.2982E+07  2.2001E-02  8.6805E+00
0000001 0.0000E+00  1.5865E+09  1.6404E+07  1.6655E+07  0.0000E+00  3.0205E-01
