Calc. Date= 04-03-2023, Time= 10:17:09
============================== SRIM-2013.00 ==============================
 =====================================================================
 =                   Ion Energy vs Position File                     =
 =====================================================================
 =   AXIS DEFINITIONS: X=Depth, Y,Z= Lateral plane of target surface.=
 =   (If beam enters target at an angle, this tilt is in Y direction)=
 =   Shown are: Ion Number, Energy (keV), X, Y, Z Position           =
 ==================  CALCULATION   DATA  =============================
  Ion Data: Name, Mass,   Energy , Energy Interval
           He     004,00  5400keV    1000eV
 =====================================================================
Ion       Energy     Depth (X)     Y           Z       Electronic   Energy Lost to
Number    (keV)    (Angstrom)  (Angstrom)  (Angstrom)  Stop.(eV/A)  Last Recoil(eV)
------- ----------- ---------- ----------- ----------- -----------  ---------------
0000001 5,4000E+03  0,0000E+00  0,0000E+00  0,0000E+00  1,1845E-02  0,0000E+00
0000001 5,3847E+03  1,2794E+06  6,1676E-02 -8,1315E-02  1,1869E-02  8,0894E-01
0000001 5,3292E+03  5,4592E+06 -1,9728E+03  2,9026E+03  1,1956E-02  1,1084E+01
0000001 5,2548E+03  1,2360E+07  1,4797E+04 -6,3329E+02  1,2074E-02  2,1847E+00
0000001 5,1708E+03  1,9182E+07  3,8982E+04 -3,6435E+03  1,2210E-02  2,5047E+00
0000001 5,0853E+03  2,5916E+07  5,7320E+04 -1,2559E+04  1,2352E-02  1,1730E+01
0000001 5,0075E+03  3,2558E+07  5,9412E+04 -6,2730E+03  1,2485E-02  7,6866E+00
0000001 4,9305E+03  3,9118E+07  7,5296E+04  1,1016E+04  1,2619E-02  4,0890E+00
0000001 4,8471E+03  4,5595E+07  8,5640E+04  3,9783E+04  1,2768E-02  2,9015E+01
0000001 4,7736E+03  5,1984E+07  9,6935E+04  1,0220E+05  1,2903E-02  4,5922E+00
0000001 4,6948E+03  5,8293E+07  9,5556E+04  1,5886E+05  1,3050E-02  4,6571E+01
0000001 4,6163E+03  6,4518E+07  5,3384E+04  2,0212E+05  1,3201E-02  3,9491E+00
0000001 4,5383E+03  7,0658E+07  1,1954E+04  2,3241E+05  1,3355E-02  2,8112E+00
0000001 4,4627E+03  7,6714E+07 -3,6904E+04  2,6022E+05  1,3508E-02  3,4825E+00
0000001 4,3768E+03  8,2688E+07 -7,8010E+04  2,9342E+05  1,3686E-02  6,9515E+00
0000001 4,2927E+03  8,8569E+07 -1,2329E+05  3,1070E+05  1,3865E-02  3,0526E+00
0000001 4,2073E+03  9,4359E+07 -1,6306E+05  3,3719E+05  1,4052E-02  2,3025E+00
0000001 4,1240E+03  1,0006E+08 -1,9892E+05  3,6979E+05  1,4240E-02  1,2180E+01
0000001 4,0476E+03  1,0566E+08 -2,1502E+05  4,1038E+05  1,4417E-02  4,7336E+00
0000001 3,9721E+03  1,1118E+08 -2,2683E+05  4,6272E+05  1,4596E-02  4,8497E+00
0000001 3,8979E+03  1,1662E+08 -2,4217E+05  5,2684E+05  1,4776E-02  5,4954E+00
0000001 3,8217E+03  1,2197E+08 -2,6943E+05  5,9666E+05  1,4968E-02  3,3095E+00
0000001 3,7341E+03  1,2725E+08 -2,9941E+05  6,5515E+05  1,5193E-02  3,2988E+01
0000001 3,6593E+03  1,3242E+08 -3,2731E+05  6,7909E+05  1,5392E-02  4,3851E+00
0000001 3,5741E+03  1,3751E+08 -3,5822E+05  6,9099E+05  1,5625E-02  1,5258E+01
0000001 3,4956E+03  1,4251E+08 -3,6882E+05  6,9189E+05  1,5845E-02  4,2148E+00
0000001 3,4187E+03  1,4742E+08 -3,7280E+05  7,0261E+05  1,6068E-02  3,5670E+00
0000001 3,3490E+03  1,5224E+08 -3,7352E+05  7,0289E+05  1,6276E-02  2,8884E+01
0000001 3,2672E+03  1,5698E+08 -3,8611E+05  6,7525E+05  1,6526E-02  6,9092E+00
0000001 3,1965E+03  1,6163E+08 -4,1305E+05  6,4616E+05  1,6749E-02  7,8012E+00
0000001 3,1201E+03  1,6620E+08 -4,2398E+05  6,1762E+05  1,6996E-02  2,2317E+01
0000001 3,0427E+03  1,7068E+08 -4,2756E+05  6,0914E+05  1,7255E-02  9,7415E+00
0000001 2,9746E+03  1,7507E+08 -4,2964E+05  5,8375E+05  1,7489E-02  3,5955E+00
0000001 2,8985E+03  1,7939E+08 -4,3784E+05  5,6712E+05  1,7757E-02  9,1563E+00
0000001 2,8306E+03  1,8361E+08 -4,3152E+05  5,4296E+05  1,8004E-02  6,6248E+00
0000001 2,7639E+03  1,8776E+08 -4,1829E+05  5,0734E+05  1,8252E-02  3,4199E+00
0000001 2,6916E+03  1,9183E+08 -3,9860E+05  4,6515E+05  1,8529E-02  4,0425E+00
0000001 2,6232E+03  1,9582E+08 -3,7547E+05  4,3376E+05  1,8798E-02  3,3392E+00
0000001 2,5454E+03  1,9972E+08 -3,4446E+05  4,0775E+05  1,9113E-02  2,3289E+00
0000001 2,4735E+03  2,0353E+08 -3,1890E+05  3,7815E+05  1,9412E-02  3,3302E+00
0000001 2,3964E+03  2,0726E+08 -2,9531E+05  3,3989E+05  1,9743E-02  7,3358E+01
0000001 2,3191E+03  2,1090E+08 -2,6253E+05  2,6911E+05  2,0084E-02  5,0344E+00
0000001 2,2546E+03  2,1444E+08 -2,2301E+05  2,0862E+05  2,0375E-02  1,5249E+01
0000001 2,1898E+03  2,1791E+08 -1,8484E+05  1,2981E+05  2,0675E-02  6,2786E+01
0000001 2,1224E+03  2,2129E+08 -1,2347E+05  8,4162E+04  2,0995E-02  5,2089E+00
0000001 2,0520E+03  2,2460E+08 -6,5134E+04  5,0795E+04  2,1335E-02  4,1762E+00
0000001 1,9861E+03  2,2782E+08 -1,8279E+04  1,9217E+04  2,1662E-02  1,4416E+01
0000001 1,9184E+03  2,3095E+08  1,1413E+04 -2,3993E+03  2,2003E-02  8,8012E+00
0000001 1,8516E+03  2,3401E+08  5,0260E+04 -1,3222E+04  2,2346E-02  4,5102E+00
0000001 1,7827E+03  2,3698E+08  8,6957E+04 -3,3798E+04  2,2705E-02  8,8905E+00
0000001 1,7175E+03  2,3986E+08  1,2126E+05 -6,7754E+04  2,3049E-02  3,4580E+00
0000001 1,6547E+03  2,4267E+08  1,5113E+05 -9,4780E+04  2,3383E-02  4,2108E+00
0000001 1,5953E+03  2,4539E+08  1,7483E+05 -1,1321E+05  2,3701E-02  6,0796E+00
0000001 1,5370E+03  2,4804E+08  1,9296E+05 -1,2363E+05  2,4014E-02  2,4660E+01
0000001 1,4757E+03  2,5061E+08  2,2458E+05 -1,4484E+05  2,4341E-02  4,0114E+02
0000001 1,4127E+03  2,5310E+08  3,3660E+05 -2,0269E+05  2,4674E-02  4,8939E+00
0000001 1,3479E+03  2,5551E+08  4,3561E+05 -2,6161E+05  2,5010E-02  3,6303E+00
0000001 1,2844E+03  2,5783E+08  5,3929E+05 -3,1992E+05  2,5330E-02  2,9194E+00
0000001 1,2296E+03  2,6007E+08  6,3486E+05 -3,7221E+05  2,5595E-02  4,3878E+00
0000001 1,1740E+03  2,6223E+08  7,3098E+05 -4,1466E+05  2,5852E-02  1,6880E+01
0000001 1,1251E+03  2,6432E+08  8,1303E+05 -4,6919E+05  2,6063E-02  6,5352E+00
0000001 1,0778E+03  2,6634E+08  8,8391E+05 -5,2831E+05  2,6253E-02  3,6276E+00
0000001 1,0273E+03  2,6830E+08  9,4912E+05 -5,9259E+05  2,6436E-02  3,4287E+01
0000001 9,7740E+02  2,7019E+08  1,0101E+06 -6,3086E+05  2,6591E-02  3,9886E+00
0000001 9,2556E+02  2,7201E+08  1,0763E+06 -6,6493E+05  2,6723E-02  7,9568E+00
0000001 8,8035E+02  2,7376E+08  1,1333E+06 -6,9164E+05  2,6808E-02  3,8135E+00
0000001 8,3716E+02  2,7544E+08  1,1864E+06 -7,2477E+05  2,6858E-02  6,0274E+00
0000001 7,8973E+02  2,7706E+08  1,2424E+06 -7,5094E+05  2,6873E-02  1,0056E+01
0000001 7,4856E+02  2,7861E+08  1,3038E+06 -7,8516E+05  2,6846E-02  5,3801E+00
0000001 7,0403E+02  2,8010E+08  1,3566E+06 -8,1517E+05  2,6771E-02  9,1777E+00
0000001 6,6589E+02  2,8153E+08  1,4030E+06 -8,3336E+05  2,6662E-02  7,4428E+00
0000001 6,2797E+02  2,8289E+08  1,4537E+06 -8,5865E+05  2,6508E-02  2,0029E+01
0000001 5,9141E+02  2,8420E+08  1,5141E+06 -8,9379E+05  2,6311E-02  4,3040E+00
0000001 5,5628E+02  2,8545E+08  1,5779E+06 -9,3160E+05  2,6071E-02  8,8820E+00
0000001 5,2679E+02  2,8665E+08  1,6331E+06 -9,7360E+05  2,5828E-02  2,6604E+01
0000001 4,9940E+02  2,8780E+08  1,6901E+06 -1,0313E+06  2,5563E-02  5,4580E+00
0000001 4,7018E+02  2,8890E+08  1,7507E+06 -1,0813E+06  2,5237E-02  5,9822E+00
0000001 4,4072E+02  2,8996E+08  1,8133E+06 -1,1223E+06  2,4858E-02  6,7174E+00
0000001 4,1364E+02  2,9097E+08  1,8811E+06 -1,1585E+06  2,4460E-02  5,5568E+01
0000001 3,9109E+02  2,9193E+08  1,9403E+06 -1,1694E+06  2,4090E-02  2,8993E+01
0000001 3,6569E+02  2,9286E+08  1,9911E+06 -1,1635E+06  2,3627E-02  4,5819E+00
0000001 3,4318E+02  2,9374E+08  2,0346E+06 -1,1601E+06  2,3172E-02  3,1727E+00
0000001 3,2498E+02  2,9459E+08  2,0764E+06 -1,1524E+06  2,2772E-02  2,9866E+02
0000001 3,0748E+02  2,9540E+08  2,0632E+06 -1,1384E+06  2,2356E-02  5,3760E+00
0000001 2,8663E+02  2,9618E+08  2,0477E+06 -1,1184E+06  2,1820E-02  6,1756E+00
0000001 2,6749E+02  2,9693E+08  2,0401E+06 -1,1017E+06  2,1285E-02  1,2652E+01
0000001 2,5357E+02  2,9764E+08  2,0419E+06 -1,0802E+06  2,0869E-02  6,8300E+00
0000001 2,3844E+02  2,9832E+08  2,0391E+06 -1,0656E+06  2,0387E-02  9,4543E+00
0000001 2,2628E+02  2,9897E+08  2,0314E+06 -1,0592E+06  1,9977E-02  8,6419E+00
0000001 2,1263E+02  2,9960E+08  2,0229E+06 -1,0446E+06  1,9491E-02  1,0609E+01
0000001 1,9924E+02  3,0021E+08  2,0218E+06 -1,0368E+06  1,8985E-02  1,5486E+01
0000001 1,8833E+02  3,0079E+08  2,0197E+06 -1,0403E+06  1,8549E-02  7,6657E+01
0000001 1,7566E+02  3,0134E+08  2,0348E+06 -1,0610E+06  1,8017E-02  5,9147E+00
0000001 1,6468E+02  3,0187E+08  2,0541E+06 -1,0761E+06  1,7529E-02  7,8986E+00
0000001 1,5586E+02  3,0238E+08  2,0787E+06 -1,0950E+06  1,7118E-02  3,7141E+01
0000001 1,4590E+02  3,0286E+08  2,1028E+06 -1,1295E+06  1,6633E-02  1,4397E+01
0000001 1,3588E+02  3,0333E+08  2,1319E+06 -1,1545E+06  1,6121E-02  1,3177E+01
0000001 1,2972E+02  3,0377E+08  2,1510E+06 -1,1823E+06  1,5792E-02  7,1532E+00
0000001 1,2097E+02  3,0420E+08  2,1703E+06 -1,2023E+06  1,5307E-02  1,0444E+01
0000001 1,1599E+02  3,0461E+08  2,1953E+06 -1,2216E+06  1,5020E-02  1,2437E+02
0000001 1,0998E+02  3,0501E+08  2,2327E+06 -1,2218E+06  1,4663E-02  9,8618E+00
0000001 1,0533E+02  3,0539E+08  2,2732E+06 -1,2266E+06  1,4379E-02  1,0226E+02
0000001 9,9808E+01  3,0577E+08  2,3168E+06 -1,2063E+06  1,4031E-02  1,3420E+01
0000001 9,7045E+01  3,0612E+08  2,3675E+06 -1,1835E+06  1,3853E-02  5,4646E+00
0000001 9,0251E+01  3,0648E+08  2,4121E+06 -1,1636E+06  1,3402E-02  3,8057E+00
0000001 8,7291E+01  3,0681E+08  2,4553E+06 -1,1483E+06  1,3199E-02  5,9620E+00
0000001 8,2280E+01  3,0714E+08  2,4954E+06 -1,1279E+06  1,2847E-02  9,0409E+00
0000001 7,6238E+01  3,0746E+08  2,5305E+06 -1,1146E+06  1,2406E-02  7,5316E+00
0000001 7,3852E+01  3,0776E+08  2,5636E+06 -1,1085E+06  1,2227E-02  6,4754E+00
0000001 7,1296E+01  3,0806E+08  2,5998E+06 -1,0978E+06  1,2032E-02  6,1225E+02
0000001 6,9374E+01  3,0833E+08  2,6900E+06 -1,0714E+06  1,1882E-02  5,0993E+00
0000001 6,5302E+01  3,0860E+08  2,7751E+06 -1,0493E+06  1,1558E-02  6,1993E+00
0000001 6,2457E+01  3,0887E+08  2,8546E+06 -1,0332E+06  1,1324E-02  1,0589E+01
0000001 6,1183E+01  3,0912E+08  2,9366E+06 -1,0142E+06  1,1218E-02  1,0839E+01
0000001 6,0030E+01  3,0937E+08  3,0200E+06 -1,0027E+06  1,1120E-02  5,6080E+00
0000001 5,5465E+01  3,0961E+08  3,1073E+06 -9,8941E+05  1,0722E-02  2,4143E+01
0000001 5,0836E+01  3,0985E+08  3,1863E+06 -9,6626E+05  1,0298E-02  5,1109E+01
0000001 4,6731E+01  3,1007E+08  3,2488E+06 -9,4396E+05  9,9014E-03  6,8682E+00
0000001 4,2322E+01  3,1028E+08  3,3100E+06 -9,1741E+05  9,4492E-03  3,8617E+02
0000001 4,1100E+01  3,1048E+08  3,3802E+06 -9,2438E+05  9,3185E-03  5,4065E+00
0000001 3,8880E+01  3,1067E+08  3,4522E+06 -9,2724E+05  9,0746E-03  1,6152E+01
0000001 3,7083E+01  3,1085E+08  3,5294E+06 -9,2676E+05  8,8706E-03  2,3003E+01
0000001 3,6941E+01  3,1104E+08  3,5948E+06 -9,2799E+05  8,8541E-03  4,7092E+00
0000001 3,5091E+01  3,1122E+08  3,6615E+06 -9,2478E+05  8,6368E-03  9,9544E+02
0000001 3,2963E+01  3,1138E+08  3,7223E+06 -8,5529E+05  8,3779E-03  8,7638E+00
0000001 3,0029E+01  3,1153E+08  3,7856E+06 -7,8817E+05  8,0039E-03  2,0548E+01
0000001 2,7475E+01  3,1167E+08  3,8383E+06 -7,1813E+05  7,6605E-03  2,8450E+01
0000001 2,4799E+01  3,1194E+08  3,9465E+06 -5,7678E+05  7,2809E-03  1,3357E+01
0000001 2,2599E+01  3,1206E+08  3,9908E+06 -5,0664E+05  6,9513E-03  8,6712E+00
0000001 2,1254E+01  3,1219E+08  4,0305E+06 -4,4495E+05  6,7415E-03  7,3710E+00
0000001 1,9396E+01  3,1230E+08  4,0719E+06 -3,8329E+05  6,4397E-03  7,0834E+00
0000001 1,7708E+01  3,1241E+08  4,1064E+06 -3,2217E+05  6,1523E-03  1,3251E+01
0000001 1,6620E+01  3,1273E+08  4,2102E+06 -1,7003E+05  5,9596E-03  5,8162E+00
0000001 1,5192E+01  3,1284E+08  4,2379E+06 -1,2492E+05  5,6968E-03  1,2114E+01
0000001 1,3832E+01  3,1293E+08  4,2661E+06 -7,6252E+04  5,4347E-03  3,2470E+02
0000001 1,2649E+01  3,1302E+08  4,2663E+06 -2,0733E+04  5,1961E-03  2,3268E+01
0000001 1,1576E+01  3,1321E+08  4,2556E+06  6,3856E+04  4,9699E-03  7,2308E+00
0000001 1,0605E+01  3,1330E+08  4,2494E+06  9,7129E+04  4,7563E-03  1,2524E+01
0000001 9,6581E+00  3,1346E+08  4,2261E+06  1,8381E+05  4,5384E-03  5,4415E+00
0000001 8,9660E+00  3,1359E+08  4,1910E+06  2,8308E+05  4,3725E-03  9,8942E+00
0000001 7,8608E+00  3,1373E+08  4,1557E+06  3,6229E+05  4,0939E-03  1,7490E+01
0000001 6,4685E+00  3,1398E+08  4,0666E+06  5,0442E+05  3,7137E-03  5,2114E+01
0000001 5,7014E+00  3,1410E+08  4,0224E+06  5,5967E+05  3,4866E-03  3,2034E+02
0000001 4,8528E+00  3,1431E+08  3,8769E+06  5,7167E+05  3,2167E-03  1,8023E+01
0000001 3,7802E+00  3,1457E+08  3,5231E+06  5,6203E+05  2,8390E-03  1,7802E+01
0000001 2,7730E+00  3,1463E+08  3,3875E+06  5,7058E+05  2,4316E-03  1,3275E+02
0000001 1,9380E+00  3,1474E+08  3,2523E+06  4,6124E+05  2,0328E-03  5,1787E+00
0000001 9,4854E-01  3,1482E+08  3,2755E+06  2,1206E+05  1,4221E-03  7,4779E+01
0000001 0,0000E+00  3,1482E+08  3,3709E+06  2,3910E+04  0,0000E+00  3,0747E-01
