Calc. Date= 04-27-2023. Time= 13:54:37
============================== SRIM-2013.00 ==============================
 =====================================================================
 =                   Ion Energy vs Position File                     =
 =====================================================================
 =   AXIS DEFINITIONS: X=Depth. Y.Z= Lateral plane of target surface.=
 =   (If beam enters target at an angle. this tilt is in Y direction)=
 =   Shown are: Ion Number. Energy (keV). X. Y. Z Position           =
 ==================  CALCULATION   DATA  =============================
  Ion Data: Name. Mass.   Energy . Energy Interval
           Sr     080.00  1200000keV    23529411eV
 =====================================================================
Ion       Energy     Depth (X)     Y           Z       Electronic   Energy Lost to
Number    (keV)    (Angstrom)  (Angstrom)  (Angstrom)  Stop.(eV/A)  Last Recoil(eV)
------- ----------- ---------- ----------- ----------- -----------  ---------------
0000001 1.2000E+06  0.0000E+00  0.0000E+00  0.0000E+00  5.1093E-01  0.0000E+00
0000001 1.1762E+06  4.6231E+07  6.0221E+03  1.3241E+04  5.1663E-01  8.3536E+00
0000001 1.1528E+06  9.0825E+07  1.1418E+04  1.8520E+04  5.2234E-01  9.4563E+00
0000001 1.1294E+06  1.3545E+08  3.2797E+04 -3.5682E+04  5.2815E-01  1.0309E+01
0000001 1.1056E+06  1.7885E+08  3.7002E+05 -3.7633E+04  5.3416E-01  4.5073E+00
0000001 1.0822E+06  2.2227E+08  7.5533E+05 -3.9269E+04  5.4016E-01  2.9154E+01
0000001 1.0588E+06  2.6508E+08  1.1109E+06 -4.6744E+04  5.4629E-01  8.0214E+00
0000001 1.0350E+06  3.0845E+08  1.4557E+06 -5.3784E+04  5.5263E-01  2.4414E+01
0000001 1.0116E+06  3.5118E+08  1.8402E+06 -4.1859E+04  5.5900E-01  8.1173E+00
0000001 9.8819E+05  3.9385E+08  2.2793E+06  9.1456E+03  5.6550E-01  6.8900E+00
0000001 9.6461E+05  4.3531E+08  2.7106E+06  9.0071E+04  5.7217E-01  1.1805E+01
0000001 9.4109E+05  4.7612E+08  3.1440E+06  1.6977E+05  5.7896E-01  7.3556E+00
0000001 9.1762E+05  5.1737E+08  3.5823E+06  2.5595E+05  5.8587E-01  6.0946E+00
0000001 8.9407E+05  5.5742E+08  3.9737E+06  3.1272E+05  5.9295E-01  8.7284E+00
0000001 8.7044E+05  5.9626E+08  4.3863E+06  3.3970E+05  6.0023E-01  4.0128E+01
0000001 8.4699E+05  6.3496E+08  4.8038E+06  3.1539E+05  6.0761E-01  6.5287E+00
0000001 8.2338E+05  6.7399E+08  5.1508E+06  2.8122E+05  6.1520E-01  9.1639E+00
0000001 7.9982E+05  7.1182E+08  5.4613E+06  2.3686E+05  6.2299E-01  7.0764E+00
0000001 7.7628E+05  7.5041E+08  5.7288E+06  1.5003E+05  6.3095E-01  8.4590E+00
0000001 7.5281E+05  7.8779E+08  5.9892E+06  7.7321E+04  6.3911E-01  1.1699E+01
0000001 7.2922E+05  8.2444E+08  6.2731E+06  2.4488E+04  6.4752E-01  4.5892E+00
0000001 7.0575E+05  8.6035E+08  6.5479E+06 -2.9014E+04  6.5613E-01  1.5249E+02
0000001 6.8221E+05  8.9552E+08  6.8370E+06 -6.8402E+04  6.6501E-01  7.8318E+00
0000001 6.5865E+05  9.3080E+08  7.2001E+06 -1.0088E+05  6.7418E-01  1.1961E+02
0000001 6.3509E+05  9.6574E+08  7.5805E+06 -9.5543E+04  6.8362E-01  5.5964E+00
0000001 6.1170E+05  9.9946E+08  7.9580E+06 -1.0016E+05  6.9328E-01  4.2669E+00
0000001 5.8798E+05  1.0336E+09  8.2530E+06 -1.6069E+05  7.0340E-01  1.0894E+01
0000001 5.6440E+05  1.0673E+09  8.4737E+06 -2.5115E+05  7.1379E-01  5.2057E+01
0000001 5.4108E+05  1.0998E+09  8.6777E+06 -3.5126E+05  7.2440E-01  6.0924E+00
0000001 5.1742E+05  1.1325E+09  8.9145E+06 -4.8708E+05  7.3553E-01  6.6065E+00
0000001 4.9381E+05  1.1643E+09  9.2421E+06 -6.6614E+05  7.4699E-01  1.3456E+01
0000001 4.7039E+05  1.1952E+09  9.5578E+06 -8.1958E+05  7.5872E-01  5.1891E+01
0000001 4.4698E+05  1.2256E+09  9.8866E+06 -9.7158E+05  7.7079E-01  1.0584E+01
0000001 4.2330E+05  1.2563E+09  1.0259E+07 -1.1392E+06  7.8333E-01  5.7611E+01
0000001 4.0000E+05  1.2857E+09  1.0598E+07 -1.3126E+06  7.9595E-01  4.1155E+01
0000001 3.7630E+05  1.3153E+09  1.0931E+07 -1.5103E+06  8.0900E-01  1.0176E+01
0000001 3.5287E+05  1.3438E+09  1.1281E+07 -1.7589E+06  8.2203E-01  9.3215E+00
0000001 3.2939E+05  1.3720E+09  1.1632E+07 -1.9889E+06  8.3503E-01  5.5321E+00
0000001 3.0585E+05  1.3997E+09  1.1991E+07 -2.2202E+06  8.4779E-01  1.1215E+02
0000001 2.8224E+05  1.4274E+09  1.2363E+07 -2.4977E+06  8.5999E-01  6.6443E+01
0000001 2.5881E+05  1.4545E+09  1.2708E+07 -2.7388E+06  8.7104E-01  1.1926E+01
0000001 2.3521E+05  1.4815E+09  1.3069E+07 -3.0141E+06  8.8047E-01  2.9508E+01
0000001 2.1174E+05  1.5078E+09  1.3443E+07 -3.2439E+06  8.8723E-01  1.1594E+01
0000001 1.8818E+05  1.5342E+09  1.3858E+07 -3.4374E+06  8.9209E-01  8.2248E+00
0000001 1.6468E+05  1.5607E+09  1.4373E+07 -3.5187E+06  8.9110E-01  7.2336E+00
0000001 1.4115E+05  1.5873E+09  1.4899E+07 -3.6163E+06  8.8147E-01  5.5098E+00
0000001 1.1762E+05  1.6142E+09  1.5470E+07 -3.6562E+06  8.6376E-01  2.3864E+01
0000001 9.4002E+04  1.6422E+09  1.6096E+07 -3.7897E+06  8.3058E-01  6.4593E+00
0000001 7.0486E+04  1.6711E+09  1.6767E+07 -4.2126E+06  7.7595E-01  1.8567E+01
0000001 4.7050E+04  1.7026E+09  1.7191E+07 -4.9921E+06  6.9048E-01  2.6742E+01
0000001 2.3523E+04  1.7405E+09  1.7812E+07 -6.0516E+06  5.3649E-01  1.6439E+02
0000001 0.0000E+00  1.8040E+09  1.9733E+07 -2.5561E+07  0.0000E+00  1.1552E+00
