Calc. Date= 03-15-2023, Time= 16:57:54
============================== SRIM-2013.00 ==============================
 =====================================================================
 =                   Ion Energy vs Position File                     =
 =====================================================================
 =   AXIS DEFINITIONS: X=Depth, Y,Z= Lateral plane of target surface.=
 =   (If beam enters target at an angle, this tilt is in Y direction)=
 =   Shown are: Ion Number, Energy (keV), X, Y, Z Position           =
 ==================  CALCULATION   DATA  =============================
  Ion Data: Name, Mass,   Energy , Energy Interval
           Ca     040,00  800000keV    1000000eV
 =====================================================================
Ion       Energy     Depth (X)     Y           Z       Electronic   Energy Lost to
Number    (keV)    (Angstrom)  (Angstrom)  (Angstrom)  Stop.(eV/A)  Last Recoil(eV)
------- ----------- ---------- ----------- ----------- -----------  ---------------
0000001 8,0000E+05  0,0000E+00  0,0000E+00  0,0000E+00  9,5769E-02  0,0000E+00
0000001 7,9896E+05  1,1064E+07 -4,5910E+03 -5,6047E+03  9,5860E-02  3,9699E+00
0000001 7,9780E+05  2,3718E+07 -1,1379E+04 -1,2181E+04  9,5962E-02  1,6946E+01
0000001 7,9686E+05  3,3832E+07 -1,7551E+04 -1,5749E+04  9,6045E-02  1,3080E+01
0000001 7,9597E+05  4,3937E+07 -2,2522E+04 -1,8135E+04  9,6123E-02  1,2039E+01
0000001 7,9477E+05  5,6557E+07 -2,7190E+04 -1,8741E+04  9,6228E-02  4,9955E+00
0000001 7,9376E+05  6,6642E+07 -3,3223E+04 -1,8888E+04  9,6317E-02  5,8507E+00
0000001 7,9297E+05  7,4200E+07 -3,7453E+04 -1,9315E+04  9,6386E-02  4,0923E+00
0000001 7,9194E+05  8,4269E+07 -4,1614E+04 -2,1194E+04  9,6477E-02  6,9920E+00
0000001 7,9083E+05  9,6843E+07 -4,6620E+04 -2,4348E+04  9,6575E-02  4,2817E+00
0000001 7,8988E+05  1,0689E+08 -5,0073E+04 -2,7583E+04  9,6658E-02  3,1115E+00
0000001 7,8895E+05  1,1693E+08 -5,2906E+04 -3,0952E+04  9,6740E-02  9,0857E+00
0000001 7,8798E+05  1,2696E+08 -5,4433E+04 -3,4477E+04  9,6825E-02  1,5739E+02
0000001 7,8692E+05  1,3699E+08 -5,3770E+04 -3,8817E+04  9,6918E-02  6,1221E+00
0000001 7,8595E+05  1,4700E+08 -5,3472E+04 -4,1234E+04  9,7003E-02  3,7764E+00
0000001 7,8497E+05  1,5700E+08 -5,3546E+04 -4,1403E+04  9,7089E-02  4,6569E+01
0000001 7,8394E+05  1,6700E+08 -5,3943E+04 -4,0942E+04  9,7180E-02  9,3811E+01
0000001 7,8297E+05  1,7698E+08 -5,1895E+04 -4,0437E+04  9,7267E-02  1,7004E+01
0000001 7,8194E+05  1,8696E+08 -4,8518E+04 -3,9109E+04  9,7360E-02  1,6357E+01
0000001 7,8099E+05  1,9693E+08 -4,5848E+04 -3,9907E+04  9,7447E-02  5,5354E+00
0000001 7,7987E+05  2,0938E+08 -4,1893E+04 -4,2190E+04  9,7549E-02  9,2364E+00
0000001 7,7887E+05  2,1932E+08 -4,0093E+04 -4,2524E+04  9,7640E-02  9,4237E+00
0000001 7,7788E+05  2,2926E+08 -3,9926E+04 -4,2192E+04  9,7729E-02  6,2305E+00
0000001 7,7690E+05  2,3919E+08 -3,9509E+04 -4,1958E+04  9,7818E-02  4,6953E+00
0000001 7,7594E+05  2,4911E+08 -3,7880E+04 -4,3434E+04  9,7905E-02  4,0115E+00
0000001 7,7491E+05  2,5903E+08 -3,5054E+04 -4,5769E+04  9,7998E-02  8,7078E+00
0000001 7,7392E+05  2,6893E+08 -3,0750E+04 -4,8168E+04  9,8089E-02  3,9861E+01
0000001 7,7293E+05  2,7882E+08 -2,7319E+04 -5,0989E+04  9,8178E-02  1,3357E+02
0000001 7,7192E+05  2,8870E+08 -1,9858E+04 -5,2188E+04  9,8270E-02  7,1623E+00
0000001 7,7072E+05  3,0105E+08 -1,0501E+04 -5,4531E+04  9,8379E-02  1,6340E+01
0000001 7,6996E+05  3,0844E+08 -4,0165E+03 -5,7960E+04  9,8447E-02  5,7388E+00
0000001 7,6884E+05  3,2076E+08  1,1469E+04 -6,3241E+04  9,8549E-02  4,9687E+00
0000001 7,6775E+05  3,3307E+08  2,7313E+04 -6,6445E+04  9,8648E-02  5,2801E+00
0000001 7,6699E+05  3,4045E+08  3,5449E+04 -6,9039E+04  9,8719E-02  1,3336E+01
0000001 7,6586E+05  3,5028E+08  4,6730E+04 -7,2492E+04  9,8825E-02  1,6994E+01
0000001 7,6486E+05  3,6010E+08  5,8399E+04 -7,8059E+04  9,8919E-02  6,9013E+00
0000001 7,6389E+05  3,6990E+08  6,9590E+04 -8,3628E+04  9,9009E-02  5,1682E+00
0000001 7,6297E+05  3,7970E+08  8,0095E+04 -8,8889E+04  9,9096E-02  7,8550E+00
0000001 7,6200E+05  3,8950E+08  9,0954E+04 -9,2925E+04  9,9187E-02  1,2068E+01
0000001 7,6080E+05  4,0172E+08  1,0375E+05 -9,7675E+04  9,9299E-02  5,0886E+00
0000001 7,5988E+05  4,1149E+08  1,1250E+05 -1,0227E+05  9,9385E-02  1,5149E+01
0000001 7,5892E+05  4,2126E+08  1,2046E+05 -1,0732E+05  9,9475E-02  2,2428E+01
0000001 7,5794E+05  4,3101E+08  1,2827E+05 -1,1440E+05  9,9566E-02  2,5466E+01
0000001 7,5699E+05  4,4076E+08  1,3641E+05 -1,2141E+05  9,9655E-02  8,3524E+01
0000001 7,5584E+05  4,5292E+08  1,4315E+05 -1,2861E+05  9,9763E-02  6,2389E+00
0000001 7,5489E+05  4,6265E+08  1,4899E+05 -1,3461E+05  9,9852E-02  2,0484E+02
0000001 7,5386E+05  4,7237E+08  1,5328E+05 -1,3888E+05  9,9949E-02  3,9178E+00
0000001 7,5288E+05  4,8207E+08  1,5528E+05 -1,4333E+05  1,0004E-01  5,1904E+01
0000001 7,5194E+05  4,9177E+08  1,5440E+05 -1,4980E+05  1,0013E-01  1,1560E+01
0000001 7,5082E+05  5,0388E+08  1,5236E+05 -1,5912E+05  1,0024E-01  2,9720E+00
0000001 7,4999E+05  5,1114E+08  1,5209E+05 -1,6539E+05  1,0032E-01  9,5486E+00
0000001 7,4880E+05  5,2323E+08  1,5106E+05 -1,7608E+05  1,0043E-01  7,3030E+01
0000001 7,4783E+05  5,3289E+08  1,5249E+05 -1,8550E+05  1,0052E-01  1,5791E+01
0000001 7,4687E+05  5,4254E+08  1,5478E+05 -1,9521E+05  1,0062E-01  3,2596E+01
0000001 7,4586E+05  5,5218E+08  1,5459E+05 -2,0623E+05  1,0071E-01  6,4451E+00
0000001 7,4486E+05  5,6181E+08  1,5299E+05 -2,1836E+05  1,0081E-01  8,5001E+00
0000001 7,4388E+05  5,7143E+08  1,5134E+05 -2,3163E+05  1,0091E-01  1,1919E+01
0000001 7,4285E+05  5,8105E+08  1,4981E+05 -2,4211E+05  1,0100E-01  1,3980E+01
0000001 7,4182E+05  5,9065E+08  1,4778E+05 -2,5119E+05  1,0110E-01  4,3304E+00
0000001 7,4091E+05  6,0025E+08  1,4605E+05 -2,5984E+05  1,0119E-01  1,4128E+01
0000001 7,3988E+05  6,0983E+08  1,4457E+05 -2,6848E+05  1,0129E-01  1,3458E+02
0000001 7,3893E+05  6,1941E+08  1,4607E+05 -2,7914E+05  1,0138E-01  4,0757E+00
0000001 7,3784E+05  6,2897E+08  1,4973E+05 -2,8944E+05  1,0149E-01  7,0659E+00
0000001 7,3694E+05  6,3853E+08  1,5019E+05 -2,9993E+05  1,0158E-01  2,9999E+00
0000001 7,3579E+05  6,5047E+08  1,4687E+05 -3,1455E+05  1,0169E-01  4,9416E+00
0000001 7,3483E+05  6,6000E+08  1,4476E+05 -3,2626E+05  1,0179E-01  5,8572E+02
0000001 7,3389E+05  6,6953E+08  1,3706E+05 -3,3616E+05  1,0188E-01  6,0650E+00
0000001 7,3278E+05  6,7905E+08  1,2829E+05 -3,4579E+05  1,0199E-01  8,6916E+01
0000001 7,3196E+05  6,8619E+08  1,2077E+05 -3,5447E+05  1,0207E-01  5,4421E+00
0000001 7,3089E+05  6,9806E+08  1,0957E+05 -3,6839E+05  1,0218E-01  2,4182E+01
0000001 7,2989E+05  7,0756E+08  9,8433E+04 -3,7820E+05  1,0228E-01  8,2850E+00
0000001 7,2890E+05  7,1704E+08  8,6756E+04 -3,8917E+05  1,0237E-01  1,2530E+01
0000001 7,2798E+05  7,2651E+08  7,5622E+04 -4,0101E+05  1,0247E-01  3,8109E+00
0000001 7,2680E+05  7,3834E+08  6,2067E+04 -4,1481E+05  1,0258E-01  5,4795E+01
0000001 7,2590E+05  7,4779E+08  5,1510E+04 -4,2664E+05  1,0267E-01  7,9458E+01
0000001 7,2491E+05  7,5724E+08  4,2078E+04 -4,3953E+05  1,0277E-01  3,1284E+01
0000001 7,2382E+05  7,6668E+08  3,0819E+04 -4,4980E+05  1,0288E-01  1,2542E+01
0000001 7,2284E+05  7,7610E+08  1,9950E+04 -4,5947E+05  1,0298E-01  5,9414E+00
0000001 7,2184E+05  7,8552E+08  1,0415E+04 -4,6760E+05  1,0308E-01  1,0881E+01
0000001 7,2089E+05  7,9492E+08  1,5238E+03 -4,7534E+05  1,0317E-01  8,6796E+00
0000001 7,1987E+05  8,0432E+08 -6,7063E+03 -4,8470E+05  1,0328E-01  4,3649E+00
0000001 7,1894E+05  8,1371E+08 -1,4374E+04 -4,9560E+05  1,0337E-01  8,1763E+00
0000001 7,1779E+05  8,2544E+08 -2,3713E+04 -5,0903E+05  1,0349E-01  7,5590E+00
0000001 7,1681E+05  8,3480E+08 -3,1904E+04 -5,2000E+05  1,0359E-01  1,5253E+01
0000001 7,1584E+05  8,4416E+08 -4,0715E+04 -5,3270E+05  1,0369E-01  7,7506E+00
0000001 7,1479E+05  8,5351E+08 -4,9170E+04 -5,4623E+05  1,0380E-01  6,1802E+00
0000001 7,1389E+05  8,6285E+08 -5,6800E+04 -5,5972E+05  1,0389E-01  1,2229E+01
0000001 7,1297E+05  8,7219E+08 -6,5496E+04 -5,7336E+05  1,0398E-01  7,8139E+00
0000001 7,1197E+05  8,8151E+08 -7,5173E+04 -5,8844E+05  1,0408E-01  2,1701E+01
0000001 7,1097E+05  8,9082E+08 -8,4487E+04 -6,0578E+05  1,0419E-01  1,0648E+01
0000001 7,0980E+05  9,0245E+08 -9,4597E+04 -6,2700E+05  1,0431E-01  8,4724E+00
0000001 7,0889E+05  9,1175E+08 -1,0186E+05 -6,4416E+05  1,0440E-01  7,5947E+00
0000001 7,0787E+05  9,2103E+08 -1,0708E+05 -6,6149E+05  1,0450E-01  3,3344E+00
0000001 7,0690E+05  9,3031E+08 -1,1207E+05 -6,7853E+05  1,0460E-01  2,0548E+01
0000001 7,0598E+05  9,3957E+08 -1,1697E+05 -6,9535E+05  1,0470E-01  4,3365E+00
0000001 7,0482E+05  9,5114E+08 -1,2178E+05 -7,1638E+05  1,0482E-01  5,3503E+00
0000001 7,0388E+05  9,6039E+08 -1,2545E+05 -7,3360E+05  1,0492E-01  7,0415E+00
0000001 7,0293E+05  9,6963E+08 -1,2971E+05 -7,5623E+05  1,0502E-01  4,9738E+00
0000001 7,0191E+05  9,7886E+08 -1,3273E+05 -7,8019E+05  1,0513E-01  4,7280E+01
0000001 7,0076E+05  9,9038E+08 -1,3425E+05 -8,0860E+05  1,0525E-01  2,4299E+01
0000001 6,9997E+05  9,9729E+08 -1,3675E+05 -8,2646E+05  1,0533E-01  1,2179E+02
0000001 6,9874E+05  1,0088E+09 -1,4272E+05 -8,5796E+05  1,0546E-01  7,8001E+00
0000001 6,9799E+05  1,0157E+09 -1,4595E+05 -8,7722E+05  1,0554E-01  1,0883E+01
0000001 6,9693E+05  1,0272E+09 -1,4976E+05 -9,0912E+05  1,0565E-01  9,3354E+01
0000001 6,9581E+05  1,0386E+09 -1,5433E+05 -9,4646E+05  1,0577E-01  4,8803E+01
0000001 6,9494E+05  1,0478E+09 -1,5789E+05 -9,7730E+05  1,0586E-01  6,6523E+01
0000001 6,9381E+05  1,0592E+09 -1,6230E+05 -1,0141E+06  1,0598E-01  3,7990E+00
0000001 6,9298E+05  1,0684E+09 -1,6421E+05 -1,0439E+06  1,0607E-01  5,4003E+02
0000001 6,9199E+05  1,0775E+09 -1,6301E+05 -1,0685E+06  1,0618E-01  9,1906E+01
0000001 6,9096E+05  1,0866E+09 -1,5880E+05 -1,0942E+06  1,0629E-01  2,0431E+01
0000001 6,8983E+05  1,0980E+09 -1,5164E+05 -1,1355E+06  1,0641E-01  5,9970E+00
0000001 6,8893E+05  1,1071E+09 -1,4577E+05 -1,1722E+06  1,0651E-01  4,3144E+01
0000001 6,8798E+05  1,1162E+09 -1,3751E+05 -1,2097E+06  1,0661E-01  6,3239E+00
0000001 6,8674E+05  1,1276E+09 -1,2780E+05 -1,2574E+06  1,0674E-01  3,8929E+00
0000001 6,8598E+05  1,1344E+09 -1,2324E+05 -1,2858E+06  1,0682E-01  6,5124E+00
0000001 6,8494E+05  1,1434E+09 -1,1766E+05 -1,3243E+06  1,0694E-01  4,9206E+00
0000001 6,8397E+05  1,1525E+09 -1,1231E+05 -1,3624E+06  1,0704E-01  1,5746E+01
0000001 6,8299E+05  1,1616E+09 -1,0593E+05 -1,3969E+06  1,0715E-01  5,8323E+00
0000001 6,8200E+05  1,1706E+09 -9,8017E+04 -1,4299E+06  1,0726E-01  6,3187E+00
0000001 6,8081E+05  1,1819E+09 -8,8877E+04 -1,4717E+06  1,0738E-01  4,4161E+00
0000001 6,7978E+05  1,1909E+09 -8,3226E+04 -1,5018E+06  1,0750E-01  5,6015E+01
0000001 6,7879E+05  1,1999E+09 -7,5654E+04 -1,5281E+06  1,0760E-01  8,3734E+00
0000001 6,7793E+05  1,2089E+09 -6,8477E+04 -1,5534E+06  1,0770E-01  4,0386E+00
0000001 6,7689E+05  1,2179E+09 -6,0247E+04 -1,5787E+06  1,0781E-01  4,1105E+00
0000001 6,7592E+05  1,2269E+09 -5,0358E+04 -1,6041E+06  1,0792E-01  3,5801E+00
0000001 6,7486E+05  1,2359E+09 -3,9641E+04 -1,6288E+06  1,0804E-01  4,0432E+00
0000001 6,7376E+05  1,2471E+09 -2,5485E+04 -1,6615E+06  1,0816E-01  3,4244E+01
0000001 6,7299E+05  1,2538E+09 -1,7667E+04 -1,6812E+06  1,0825E-01  2,9384E+00
0000001 6,7172E+05  1,2649E+09 -2,8230E+03 -1,7143E+06  1,0839E-01  4,9250E+00
0000001 6,7095E+05  1,2716E+09  7,2093E+03 -1,7342E+06  1,0847E-01  5,5017E+00
0000001 6,6987E+05  1,2828E+09  2,4224E+04 -1,7628E+06  1,0859E-01  1,4081E+01
0000001 6,6887E+05  1,2917E+09  3,8972E+04 -1,7851E+06  1,0871E-01  1,3814E+02
0000001 6,6795E+05  1,3006E+09  5,6072E+04 -1,8052E+06  1,0881E-01  8,8846E+00
0000001 6,6695E+05  1,3095E+09  7,3527E+04 -1,8258E+06  1,0892E-01  3,5817E+01
0000001 6,6588E+05  1,3184E+09  8,8878E+04 -1,8469E+06  1,0904E-01  3,9444E+00
0000001 6,6491E+05  1,3273E+09  1,0299E+05 -1,8688E+06  1,0914E-01  2,4265E+01
0000001 6,6384E+05  1,3361E+09  1,1646E+05 -1,8911E+06  1,0927E-01  6,9776E+01
0000001 6,6278E+05  1,3450E+09  1,2925E+05 -1,9161E+06  1,0939E-01  6,3286E+00
0000001 6,6185E+05  1,3538E+09  1,4114E+05 -1,9410E+06  1,0949E-01  3,6761E+01
0000001 6,6088E+05  1,3627E+09  1,5184E+05 -1,9663E+06  1,0960E-01  6,2383E+00
0000001 6,5986E+05  1,3715E+09  1,6074E+05 -1,9901E+06  1,0972E-01  4,2237E+02
0000001 6,5893E+05  1,3803E+09  1,7312E+05 -2,0107E+06  1,0983E-01  4,0507E+00
0000001 6,5781E+05  1,3913E+09  1,8866E+05 -2,0371E+06  1,0996E-01  3,9565E+00
0000001 6,5691E+05  1,4001E+09  2,0056E+05 -2,0575E+06  1,1006E-01  2,3252E+01
0000001 6,5598E+05  1,4089E+09  2,1260E+05 -2,0773E+06  1,1016E-01  9,9233E+00
0000001 6,5476E+05  1,4199E+09  2,2756E+05 -2,1020E+06  1,1030E-01  2,6339E+02
0000001 6,5382E+05  1,4287E+09  2,4133E+05 -2,1241E+06  1,1041E-01  1,0695E+02
0000001 6,5288E+05  1,4374E+09  2,5573E+05 -2,1458E+06  1,1052E-01  8,8718E+00
0000001 6,5185E+05  1,4462E+09  2,6863E+05 -2,1676E+06  1,1064E-01  5,2579E+00
0000001 6,5089E+05  1,4549E+09  2,8211E+05 -2,1909E+06  1,1075E-01  8,5745E+00
0000001 6,4986E+05  1,4637E+09  2,9268E+05 -2,2159E+06  1,1087E-01  7,3353E+00
0000001 6,4895E+05  1,4724E+09  3,0297E+05 -2,2412E+06  1,1097E-01  8,9770E+00
0000001 6,4797E+05  1,4811E+09  3,1527E+05 -2,2674E+06  1,1109E-01  3,1482E+00
0000001 6,4676E+05  1,4920E+09  3,3090E+05 -2,3014E+06  1,1123E-01  5,1080E+00
0000001 6,4581E+05  1,5007E+09  3,4303E+05 -2,3279E+06  1,1134E-01  7,9197E+00
0000001 6,4486E+05  1,5093E+09  3,5494E+05 -2,3526E+06  1,1145E-01  2,6143E+01
0000001 6,4384E+05  1,5180E+09  3,6737E+05 -2,3753E+06  1,1157E-01  1,0495E+01
0000001 6,4285E+05  1,5267E+09  3,7831E+05 -2,3997E+06  1,1169E-01  5,1786E+00
0000001 6,4194E+05  1,5353E+09  3,8915E+05 -2,4249E+06  1,1180E-01  1,3928E+01
0000001 6,4097E+05  1,5440E+09  3,9966E+05 -2,4496E+06  1,1191E-01  1,1877E+01
0000001 6,3999E+05  1,5526E+09  4,1042E+05 -2,4732E+06  1,1203E-01  1,0681E+01
0000001 6,3880E+05  1,5634E+09  4,2249E+05 -2,4984E+06  1,1216E-01  7,0684E+00
0000001 6,3791E+05  1,5720E+09  4,3248E+05 -2,5171E+06  1,1227E-01  3,8887E+00
0000001 6,3698E+05  1,5806E+09  4,4203E+05 -2,5365E+06  1,1238E-01  1,7540E+01
0000001 6,3579E+05  1,5914E+09  4,5206E+05 -2,5581E+06  1,1253E-01  8,4212E+00
0000001 6,3480E+05  1,6000E+09  4,5830E+05 -2,5761E+06  1,1264E-01  4,8070E+00
0000001 6,3379E+05  1,6085E+09  4,6396E+05 -2,5943E+06  1,1277E-01  4,1447E+00
0000001 6,3276E+05  1,6171E+09  4,7063E+05 -2,6116E+06  1,1289E-01  8,1781E+00
0000001 6,3178E+05  1,6257E+09  4,7704E+05 -2,6293E+06  1,1301E-01  2,2711E+01
0000001 6,3081E+05  1,6342E+09  4,8459E+05 -2,6469E+06  1,1312E-01  8,0156E+00
0000001 6,2994E+05  1,6427E+09  4,9079E+05 -2,6646E+06  1,1323E-01  8,0223E+00
0000001 6,2891E+05  1,6513E+09  4,9578E+05 -2,6818E+06  1,1335E-01  3,9696E+00
0000001 6,2797E+05  1,6598E+09  4,9995E+05 -2,7002E+06  1,1347E-01  5,2102E+00
0000001 6,2699E+05  1,6683E+09  5,0393E+05 -2,7179E+06  1,1358E-01  1,7013E+01
0000001 6,2580E+05  1,6789E+09  5,0896E+05 -2,7369E+06  1,1373E-01  1,6075E+01
0000001 6,2499E+05  1,6853E+09  5,1233E+05 -2,7477E+06  1,1383E-01  4,9399E+00
0000001 6,2387E+05  1,6959E+09  5,1885E+05 -2,7658E+06  1,1396E-01  4,0416E+00
0000001 6,2285E+05  1,7044E+09  5,2443E+05 -2,7794E+06  1,1409E-01  4,2962E+00
0000001 6,2186E+05  1,7128E+09  5,3196E+05 -2,7925E+06  1,1421E-01  5,9340E+00
0000001 6,2093E+05  1,7213E+09  5,4000E+05 -2,8065E+06  1,1433E-01  2,4139E+03
0000001 6,2000E+05  1,7297E+09  5,3992E+05 -2,8289E+06  1,1444E-01  1,1101E+01
0000001 6,1885E+05  1,7403E+09  5,3967E+05 -2,8582E+06  1,1458E-01  3,3814E+01
0000001 6,1788E+05  1,7487E+09  5,4024E+05 -2,8825E+06  1,1470E-01  5,6957E+00
0000001 6,1697E+05  1,7571E+09  5,4129E+05 -2,9057E+06  1,1482E-01  8,5573E+00
0000001 6,1582E+05  1,7676E+09  5,4333E+05 -2,9357E+06  1,1496E-01  1,1827E+01
0000001 6,1485E+05  1,7760E+09  5,4740E+05 -2,9586E+06  1,1508E-01  1,2002E+01
0000001 6,1385E+05  1,7844E+09  5,5118E+05 -2,9804E+06  1,1520E-01  3,7141E+01
0000001 6,1291E+05  1,7928E+09  5,5379E+05 -3,0022E+06  1,1532E-01  1,0531E+01
0000001 6,1181E+05  1,8032E+09  5,5572E+05 -3,0287E+06  1,1546E-01  2,8433E+01
0000001 6,1090E+05  1,8116E+09  5,5736E+05 -3,0497E+06  1,1557E-01  8,5203E+00
0000001 6,0989E+05  1,8199E+09  5,5504E+05 -3,0743E+06  1,1570E-01  6,7815E+00
0000001 6,0889E+05  1,8282E+09  5,5136E+05 -3,1002E+06  1,1583E-01  5,0013E+01
0000001 6,0789E+05  1,8366E+09  5,4831E+05 -3,1285E+06  1,1595E-01  1,0210E+01
0000001 6,0697E+05  1,8449E+09  5,4545E+05 -3,1570E+06  1,1607E-01  2,2479E+01
0000001 6,0595E+05  1,8532E+09  5,4255E+05 -3,1873E+06  1,1620E-01  7,9266E+00
0000001 6,0478E+05  1,8636E+09  5,3770E+05 -3,2243E+06  1,1635E-01  6,4589E+01
0000001 6,0399E+05  1,8698E+09  5,3230E+05 -3,2471E+06  1,1645E-01  1,4963E+01
0000001 6,0280E+05  1,8801E+09  5,2310E+05 -3,2855E+06  1,1660E-01  3,1913E+00
0000001 6,0194E+05  1,8884E+09  5,1355E+05 -3,3175E+06  1,1671E-01  9,8937E+00
0000001 6,0084E+05  1,8987E+09  4,9978E+05 -3,3587E+06  1,1685E-01  1,5909E+01
0000001 5,9987E+05  1,9069E+09  4,8861E+05 -3,3915E+06  1,1697E-01  7,0625E+00
0000001 5,9894E+05  1,9152E+09  4,7624E+05 -3,4237E+06  1,1709E-01  1,0432E+01
0000001 5,9791E+05  1,9234E+09  4,6532E+05 -3,4555E+06  1,1722E-01  1,5932E+01
0000001 5,9694E+05  1,9316E+09  4,5624E+05 -3,4869E+06  1,1735E-01  1,2769E+01
0000001 5,9595E+05  1,9398E+09  4,4806E+05 -3,5169E+06  1,1748E-01  1,0079E+01
0000001 5,9499E+05  1,9480E+09  4,4078E+05 -3,5457E+06  1,1760E-01  1,3634E+02
0000001 5,9386E+05  1,9583E+09  4,3112E+05 -3,5786E+06  1,1775E-01  4,6580E+00
0000001 5,9289E+05  1,9664E+09  4,2410E+05 -3,6096E+06  1,1788E-01  5,8044E+00
0000001 5,9196E+05  1,9746E+09  4,1751E+05 -3,6413E+06  1,1800E-01  7,2008E+00
0000001 5,9097E+05  1,9828E+09  4,1054E+05 -3,6725E+06  1,1813E-01  7,0662E+00
0000001 5,8994E+05  1,9909E+09  4,0388E+05 -3,7038E+06  1,1826E-01  1,1940E+01
0000001 5,8900E+05  1,9991E+09  3,9863E+05 -3,7358E+06  1,1838E-01  5,5848E+00
0000001 5,8776E+05  2,0092E+09  3,9526E+05 -3,7926E+06  1,1855E-01  1,5866E+01
0000001 5,8681E+05  2,0173E+09  3,9302E+05 -3,8506E+06  1,1867E-01  2,0135E+01
0000001 5,8587E+05  2,0254E+09  3,9038E+05 -3,9106E+06  1,1880E-01  4,2871E+01
0000001 5,8478E+05  2,0335E+09  3,8930E+05 -3,9698E+06  1,1894E-01  1,5151E+02
0000001 5,8373E+05  2,0416E+09  3,8829E+05 -4,0325E+06  1,1908E-01  6,0793E+00
0000001 5,8282E+05  2,0497E+09  3,8620E+05 -4,0960E+06  1,1920E-01  6,1488E+01
0000001 5,8184E+05  2,0578E+09  3,8498E+05 -4,1589E+06  1,1933E-01  1,2982E+01
0000001 5,8092E+05  2,0658E+09  3,8335E+05 -4,2221E+06  1,1946E-01  4,4650E+00
0000001 5,7987E+05  2,0739E+09  3,8151E+05 -4,2867E+06  1,1960E-01  1,1846E+01
0000001 5,7895E+05  2,0819E+09  3,7856E+05 -4,3520E+06  1,1972E-01  8,3824E+00
0000001 5,7777E+05  2,0920E+09  3,7542E+05 -4,4321E+06  1,1988E-01  5,2182E+00
0000001 5,7699E+05  2,0980E+09  3,7304E+05 -4,4796E+06  1,1998E-01  1,2486E+01
0000001 5,7599E+05  2,1060E+09  3,6857E+05 -4,5435E+06  1,2011E-01  9,4905E+01
0000001 5,7481E+05  2,1160E+09  3,5971E+05 -4,6245E+06  1,2028E-01  5,2469E+00
0000001 5,7381E+05  2,1240E+09  3,5100E+05 -4,6897E+06  1,2041E-01  6,6113E+00
0000001 5,7277E+05  2,1320E+09  3,4080E+05 -4,7548E+06  1,2056E-01  1,0003E+01
0000001 5,7187E+05  2,1399E+09  3,3009E+05 -4,8168E+06  1,2068E-01  1,2609E+01
0000001 5,7100E+05  2,1479E+09  3,1976E+05 -4,8740E+06  1,2080E-01  7,0722E+00
0000001 5,6979E+05  2,1578E+09  3,0990E+05 -4,9455E+06  1,2096E-01  6,4207E+00
0000001 5,6900E+05  2,1638E+09  3,0472E+05 -4,9894E+06  1,2107E-01  5,3395E+00
0000001 5,6785E+05  2,1737E+09  2,9510E+05 -5,0605E+06  1,2123E-01  2,2449E+01
0000001 5,6693E+05  2,1816E+09  2,8855E+05 -5,1200E+06  1,2135E-01  1,3278E+01
0000001 5,6595E+05  2,1895E+09  2,8492E+05 -5,1818E+06  1,2149E-01  5,3983E+00
0000001 5,6491E+05  2,1974E+09  2,8052E+05 -5,2438E+06  1,2163E-01  2,0589E+01
0000001 5,6398E+05  2,2053E+09  2,7481E+05 -5,3035E+06  1,2176E-01  8,0220E+00
0000001 5,6274E+05  2,2152E+09  2,6767E+05 -5,3792E+06  1,2193E-01  4,6179E+00
0000001 5,6191E+05  2,2211E+09  2,6265E+05 -5,4237E+06  1,2205E-01  1,3824E+01
0000001 5,6096E+05  2,2289E+09  2,5460E+05 -5,4817E+06  1,2218E-01  4,6398E+00
0000001 5,5980E+05  2,2387E+09  2,4542E+05 -5,5543E+06  1,2234E-01  6,0314E+00
0000001 5,5891E+05  2,2466E+09  2,3928E+05 -5,6130E+06  1,2247E-01  3,2844E+00
0000001 5,5797E+05  2,2544E+09  2,3483E+05 -5,6723E+06  1,2260E-01  6,6703E+01
0000001 5,5679E+05  2,2642E+09  2,2826E+05 -5,7465E+06  1,2277E-01  8,9125E+01
0000001 5,5576E+05  2,2720E+09  2,2448E+05 -5,8040E+06  1,2291E-01  1,6102E+01
0000001 5,5477E+05  2,2798E+09  2,2161E+05 -5,8624E+06  1,2305E-01  1,2822E+03
0000001 5,5389E+05  2,2876E+09  2,2440E+05 -5,9178E+06  1,2317E-01  8,2037E+00
0000001 5,5281E+05  2,2973E+09  2,2839E+05 -5,9860E+06  1,2333E-01  1,5147E+01
0000001 5,5191E+05  2,3051E+09  2,3268E+05 -6,0409E+06  1,2346E-01  5,4102E+01
0000001 5,5098E+05  2,3129E+09  2,3623E+05 -6,0962E+06  1,2359E-01  1,9923E+01
0000001 5,4976E+05  2,3225E+09  2,4006E+05 -6,1644E+06  1,2377E-01  5,0146E+00
0000001 5,4900E+05  2,3284E+09  2,4294E+05 -6,2052E+06  1,2388E-01  1,1107E+02
0000001 5,4787E+05  2,3380E+09  2,4700E+05 -6,2758E+06  1,2404E-01  9,9599E+00
0000001 5,4693E+05  2,3457E+09  2,4850E+05 -6,3323E+06  1,2417E-01  4,5181E+00
0000001 5,4595E+05  2,3534E+09  2,5045E+05 -6,3889E+06  1,2431E-01  1,8700E+01
0000001 5,4493E+05  2,3612E+09  2,5192E+05 -6,4468E+06  1,2446E-01  9,0619E+00
0000001 5,4394E+05  2,3688E+09  2,5283E+05 -6,5045E+06  1,2460E-01  8,3407E+00
0000001 5,4293E+05  2,3765E+09  2,5270E+05 -6,5623E+06  1,2475E-01  5,3638E+00
0000001 5,4191E+05  2,3842E+09  2,5438E+05 -6,6201E+06  1,2489E-01  4,3723E+00
0000001 5,4098E+05  2,3919E+09  2,5730E+05 -6,6779E+06  1,2503E-01  7,5687E+00
0000001 5,3998E+05  2,3995E+09  2,6142E+05 -6,7355E+06  1,2518E-01  1,0326E+02
0000001 5,3898E+05  2,4072E+09  2,6624E+05 -6,7912E+06  1,2533E-01  9,3432E+00
0000001 5,3782E+05  2,4167E+09  2,7274E+05 -6,8614E+06  1,2550E-01  1,8498E+01
0000001 5,3691E+05  2,4243E+09  2,7588E+05 -6,9187E+06  1,2563E-01  6,1119E+00
0000001 5,3590E+05  2,4319E+09  2,7893E+05 -6,9742E+06  1,2578E-01  4,3122E+00
0000001 5,3496E+05  2,4395E+09  2,8096E+05 -7,0269E+06  1,2592E-01  8,4925E+00
0000001 5,3391E+05  2,4471E+09  2,8356E+05 -7,0778E+06  1,2607E-01  3,1542E+00
0000001 5,3292E+05  2,4547E+09  2,8635E+05 -7,1288E+06  1,2622E-01  1,0782E+01
0000001 5,3194E+05  2,4623E+09  2,9106E+05 -7,1797E+06  1,2637E-01  6,6290E+00
0000001 5,3096E+05  2,4698E+09  2,9642E+05 -7,2292E+06  1,2651E-01  5,6177E+00
0000001 5,2975E+05  2,4793E+09  3,0255E+05 -7,2926E+06  1,2669E-01  1,0316E+01
0000001 5,2879E+05  2,4868E+09  3,0871E+05 -7,3439E+06  1,2684E-01  8,5872E+01
0000001 5,2781E+05  2,4943E+09  3,1205E+05 -7,3938E+06  1,2699E-01  5,1641E+00
0000001 5,2687E+05  2,5019E+09  3,1376E+05 -7,4426E+06  1,2713E-01  9,5213E+00
0000001 5,2586E+05  2,5094E+09  3,1407E+05 -7,4915E+06  1,2728E-01  3,6844E+01
0000001 5,2484E+05  2,5169E+09  3,1561E+05 -7,5422E+06  1,2744E-01  1,7014E+01
0000001 5,2379E+05  2,5243E+09  3,1595E+05 -7,5987E+06  1,2760E-01  3,9715E+00
0000001 5,2282E+05  2,5318E+09  3,1432E+05 -7,6575E+06  1,2774E-01  1,2910E+01
0000001 5,2194E+05  2,5393E+09  3,1116E+05 -7,7175E+06  1,2788E-01  5,2033E+00
0000001 5,2078E+05  2,5486E+09  3,0499E+05 -7,7939E+06  1,2805E-01  1,0103E+02
0000001 5,1988E+05  2,5561E+09  2,9957E+05 -7,8583E+06  1,2819E-01  4,6101E+01
0000001 5,1895E+05  2,5635E+09  2,9466E+05 -7,9236E+06  1,2833E-01  2,7671E+01
0000001 5,1792E+05  2,5709E+09  2,9081E+05 -7,9901E+06  1,2849E-01  1,1192E+01
0000001 5,1699E+05  2,5784E+09  2,8761E+05 -8,0556E+06  1,2864E-01  3,0355E+00
0000001 5,1577E+05  2,5876E+09  2,8253E+05 -8,1227E+06  1,2882E-01  3,2872E+00
0000001 5,1480E+05  2,5950E+09  2,7822E+05 -8,1729E+06  1,2897E-01  3,1673E+01
0000001 5,1378E+05  2,6024E+09  2,7483E+05 -8,2219E+06  1,2913E-01  7,7423E+00
0000001 5,1283E+05  2,6098E+09  2,7079E+05 -8,2719E+06  1,2928E-01  3,9352E+00
0000001 5,1181E+05  2,6171E+09  2,6646E+05 -8,3222E+06  1,2944E-01  1,6974E+01
0000001 5,1085E+05  2,6245E+09  2,6539E+05 -8,3737E+06  1,2959E-01  2,4541E+01
0000001 5,0989E+05  2,6319E+09  2,6854E+05 -8,4253E+06  1,2974E-01  1,3734E+01
0000001 5,0890E+05  2,6392E+09  2,7361E+05 -8,4763E+06  1,2989E-01  4,8899E+00
0000001 5,0793E+05  2,6465E+09  2,7966E+05 -8,5277E+06  1,3005E-01  1,0491E+01
0000001 5,0680E+05  2,6557E+09  2,8837E+05 -8,5925E+06  1,3023E-01  8,2418E+01
0000001 5,0591E+05  2,6630E+09  2,9805E+05 -8,6436E+06  1,3037E-01  4,0556E+00
0000001 5,0492E+05  2,6703E+09  3,0801E+05 -8,6946E+06  1,3053E-01  5,9636E+00
0000001 5,0391E+05  2,6776E+09  3,2027E+05 -8,7448E+06  1,3069E-01  1,1672E+01
0000001 5,0293E+05  2,6848E+09  3,3315E+05 -8,7931E+06  1,3084E-01  2,7862E+01
0000001 5,0190E+05  2,6939E+09  3,4779E+05 -8,8511E+06  1,3101E-01  4,5124E+00
0000001 5,0097E+05  2,7012E+09  3,6177E+05 -8,8958E+06  1,3116E-01  8,9473E+00
0000001 4,9993E+05  2,7084E+09  3,7452E+05 -8,9407E+06  1,3132E-01  6,7692E+00
0000001 4,9887E+05  2,7175E+09  3,8913E+05 -8,9965E+06  1,3149E-01  4,9576E+00
0000001 4,9796E+05  2,7247E+09  4,0029E+05 -9,0402E+06  1,3164E-01  8,9361E+00
0000001 4,9683E+05  2,7337E+09  4,1490E+05 -9,0941E+06  1,3182E-01  1,1841E+02
0000001 4,9581E+05  2,7409E+09  4,2567E+05 -9,1369E+06  1,3199E-01  2,6057E+01
0000001 4,9490E+05  2,7481E+09  4,3384E+05 -9,1725E+06  1,3214E-01  1,4008E+01
0000001 4,9394E+05  2,7553E+09  4,4265E+05 -9,2065E+06  1,3230E-01  7,4216E+00
0000001 4,9280E+05  2,7643E+09  4,5250E+05 -9,2478E+06  1,3248E-01  4,1863E+00
0000001 4,9185E+05  2,7714E+09  4,6056E+05 -9,2795E+06  1,3264E-01  3,3068E+00
0000001 4,9083E+05  2,7786E+09  4,6834E+05 -9,3101E+06  1,3280E-01  2,3475E+01
0000001 4,8986E+05  2,7857E+09  4,7544E+05 -9,3379E+06  1,3296E-01  6,6357E+00
0000001 4,8893E+05  2,7928E+09  4,8187E+05 -9,3649E+06  1,3312E-01  3,7786E+02
0000001 4,8776E+05  2,8018E+09  4,9029E+05 -9,4051E+06  1,3331E-01  8,0364E+01
0000001 4,8680E+05  2,8089E+09  4,9560E+05 -9,4346E+06  1,3347E-01  6,6537E+00
0000001 4,8584E+05  2,8160E+09  5,0107E+05 -9,4639E+06  1,3363E-01  5,6751E+01
0000001 4,8492E+05  2,8231E+09  5,0717E+05 -9,4919E+06  1,3379E-01  4,2688E+00
0000001 4,8379E+05  2,8319E+09  5,1444E+05 -9,5268E+06  1,3398E-01  5,0509E+00
0000001 4,8280E+05  2,8390E+09  5,1893E+05 -9,5553E+06  1,3414E-01  8,3176E+00
0000001 4,8194E+05  2,8460E+09  5,2344E+05 -9,5850E+06  1,3429E-01  8,1372E+01
0000001 4,8099E+05  2,8531E+09  5,2911E+05 -9,6130E+06  1,3445E-01  1,4999E+01
0000001 4,7984E+05  2,8619E+09  5,3390E+05 -9,6534E+06  1,3464E-01  9,4211E+00
0000001 4,7895E+05  2,8689E+09  5,3682E+05 -9,6877E+06  1,3479E-01  4,0620E+00
0000001 4,7798E+05  2,8759E+09  5,3933E+05 -9,7214E+06  1,3495E-01  9,4741E+00
0000001 4,7696E+05  2,8830E+09  5,4224E+05 -9,7543E+06  1,3513E-01  1,2995E+01
0000001 4,7578E+05  2,8917E+09  5,4621E+05 -9,7960E+06  1,3533E-01  3,2652E+00
0000001 4,7487E+05  2,8987E+09  5,4969E+05 -9,8300E+06  1,3549E-01  1,6351E+01
0000001 4,7384E+05  2,9057E+09  5,5260E+05 -9,8643E+06  1,3567E-01  3,1187E+01
0000001 4,7283E+05  2,9126E+09  5,5531E+05 -9,8953E+06  1,3584E-01  4,1774E+00
0000001 4,7183E+05  2,9196E+09  5,5658E+05 -9,9244E+06  1,3601E-01  1,5458E+01
0000001 4,7088E+05  2,9265E+09  5,5895E+05 -9,9539E+06  1,3618E-01  9,9823E+00
0000001 4,6993E+05  2,9335E+09  5,5977E+05 -9,9834E+06  1,3634E-01  7,3274E+00
0000001 4,6877E+05  2,9421E+09  5,5955E+05 -1,0019E+07  1,3654E-01  1,8602E+01
0000001 4,6800E+05  2,9473E+09  5,5897E+05 -1,0040E+07  1,3668E-01  8,4668E+00
0000001 4,6690E+05  2,9560E+09  5,5879E+05 -1,0075E+07  1,3687E-01  5,6744E+01
0000001 4,6587E+05  2,9628E+09  5,6128E+05 -1,0104E+07  1,3705E-01  4,5047E+00
0000001 4,6496E+05  2,9697E+09  5,6414E+05 -1,0132E+07  1,3721E-01  1,1082E+01
0000001 4,6392E+05  2,9766E+09  5,6519E+05 -1,0159E+07  1,3740E-01  5,1454E+00
0000001 4,6289E+05  2,9852E+09  5,6469E+05 -1,0193E+07  1,3758E-01  6,4342E+00
0000001 4,6188E+05  2,9920E+09  5,6229E+05 -1,0220E+07  1,3776E-01  6,1175E+00
0000001 4,6089E+05  2,9989E+09  5,6080E+05 -1,0246E+07  1,3793E-01  4,0465E+00
0000001 4,5991E+05  3,0057E+09  5,5901E+05 -1,0273E+07  1,3811E-01  1,1383E+01
0000001 4,5892E+05  3,0125E+09  5,5902E+05 -1,0299E+07  1,3828E-01  8,8484E+00
0000001 4,5780E+05  3,0211E+09  5,6018E+05 -1,0334E+07  1,3849E-01  1,8498E+01
0000001 4,5682E+05  3,0279E+09  5,6228E+05 -1,0364E+07  1,3866E-01  8,3442E+01
0000001 4,5584E+05  3,0346E+09  5,6273E+05 -1,0396E+07  1,3884E-01  4,5008E+00
0000001 4,5492E+05  3,0414E+09  5,6089E+05 -1,0429E+07  1,3901E-01  8,7375E+00
0000001 4,5391E+05  3,0482E+09  5,5823E+05 -1,0462E+07  1,3919E-01  1,4131E+01
0000001 4,5297E+05  3,0550E+09  5,5436E+05 -1,0494E+07  1,3936E-01  3,0549E+01
0000001 4,5180E+05  3,0634E+09  5,4974E+05 -1,0534E+07  1,3957E-01  1,0400E+02
0000001 4,5089E+05  3,0701E+09  5,4534E+05 -1,0565E+07  1,3974E-01  4,0531E+00
0000001 4,4992E+05  3,0769E+09  5,4125E+05 -1,0596E+07  1,3992E-01  5,6032E+00
0000001 4,4879E+05  3,0853E+09  5,3652E+05 -1,0634E+07  1,4013E-01  2,6240E+01
0000001 4,4780E+05  3,0920E+09  5,3362E+05 -1,0662E+07  1,4031E-01  6,6521E+00
0000001 4,4695E+05  3,0987E+09  5,3131E+05 -1,0689E+07  1,4047E-01  6,9885E+00
0000001 4,4582E+05  3,1070E+09  5,3122E+05 -1,0722E+07  1,4068E-01  9,4006E+01
0000001 4,4481E+05  3,1137E+09  5,3044E+05 -1,0746E+07  1,4087E-01  5,6555E+00
0000001 4,4376E+05  3,1204E+09  5,2912E+05 -1,0769E+07  1,4106E-01  2,2490E+01
0000001 4,4282E+05  3,1270E+09  5,2756E+05 -1,0791E+07  1,4124E-01  1,3681E+01
0000001 4,4191E+05  3,1337E+09  5,2807E+05 -1,0813E+07  1,4141E-01  2,5118E+01
0000001 4,4098E+05  3,1403E+09  5,3181E+05 -1,0834E+07  1,4158E-01  4,4881E+00
0000001 4,3994E+05  3,1469E+09  5,3406E+05 -1,0857E+07  1,4178E-01  4,2049E+00
0000001 4,3884E+05  3,1552E+09  5,3627E+05 -1,0887E+07  1,4199E-01  2,8068E+02
0000001 4,3786E+05  3,1618E+09  5,3971E+05 -1,0915E+07  1,4217E-01  5,8330E+00
0000001 4,3692E+05  3,1684E+09  5,4170E+05 -1,0945E+07  1,4235E-01  1,8139E+01
0000001 4,3580E+05  3,1766E+09  5,4377E+05 -1,0981E+07  1,4257E-01  5,8126E+00
0000001 4,3489E+05  3,1832E+09  5,4158E+05 -1,1012E+07  1,4274E-01  3,4336E+00
0000001 4,3388E+05  3,1897E+09  5,3475E+05 -1,1040E+07  1,4293E-01  6,4773E+00
0000001 4,3299E+05  3,1963E+09  5,2601E+05 -1,1068E+07  1,4310E-01  5,4195E+00
0000001 4,3182E+05  3,2044E+09  5,1518E+05 -1,1104E+07  1,4333E-01  9,8845E+00
0000001 4,3090E+05  3,2110E+09  5,0848E+05 -1,1135E+07  1,4351E-01  1,0901E+02
0000001 4,2980E+05  3,2191E+09  5,0478E+05 -1,1175E+07  1,4373E-01  1,9357E+01
0000001 4,2885E+05  3,2256E+09  5,0251E+05 -1,1206E+07  1,4391E-01  5,0679E+00
0000001 4,2794E+05  3,2321E+09  4,9952E+05 -1,1236E+07  1,4409E-01  1,5612E+01
0000001 4,2684E+05  3,2402E+09  4,9553E+05 -1,1275E+07  1,4431E-01  5,7228E+01
0000001 4,2592E+05  3,2467E+09  4,9134E+05 -1,1307E+07  1,4449E-01  9,6709E+00
0000001 4,2497E+05  3,2532E+09  4,8676E+05 -1,1339E+07  1,4467E-01  4,2339E+00
0000001 4,2378E+05  3,2612E+09  4,7994E+05 -1,1379E+07  1,4491E-01  1,0736E+01
0000001 4,2287E+05  3,2677E+09  4,7430E+05 -1,1411E+07  1,4509E-01  1,1590E+01
0000001 4,2196E+05  3,2741E+09  4,6911E+05 -1,1442E+07  1,4527E-01  6,3361E+00
0000001 4,2076E+05  3,2821E+09  4,6328E+05 -1,1481E+07  1,4551E-01  5,3690E+01
0000001 4,2000E+05  3,2869E+09  4,6198E+05 -1,1503E+07  1,4567E-01  2,2014E+01
0000001 4,1883E+05  3,2949E+09  4,6024E+05 -1,1540E+07  1,4590E-01  8,9557E+00
0000001 4,1776E+05  3,3013E+09  4,5803E+05 -1,1568E+07  1,4612E-01  1,9375E+01
0000001 4,1679E+05  3,3077E+09  4,5636E+05 -1,1598E+07  1,4631E-01  9,2885E+00
0000001 4,1594E+05  3,3141E+09  4,5484E+05 -1,1626E+07  1,4648E-01  1,2953E+01
0000001 4,1495E+05  3,3204E+09  4,5484E+05 -1,1656E+07  1,4668E-01  2,2485E+01
0000001 4,1396E+05  3,3268E+09  4,5641E+05 -1,1687E+07  1,4689E-01  6,5668E+00
0000001 4,1284E+05  3,3347E+09  4,5836E+05 -1,1728E+07  1,4712E-01  1,2133E+01
0000001 4,1190E+05  3,3410E+09  4,6076E+05 -1,1761E+07  1,4731E-01  1,6891E+01
0000001 4,1096E+05  3,3474E+09  4,6212E+05 -1,1795E+07  1,4751E-01  9,7096E+00
0000001 4,0979E+05  3,3552E+09  4,6374E+05 -1,1840E+07  1,4775E-01  4,3089E+01
0000001 4,0889E+05  3,3615E+09  4,6518E+05 -1,1877E+07  1,4793E-01  1,1085E+01
0000001 4,0799E+05  3,3678E+09  4,6685E+05 -1,1913E+07  1,4812E-01  5,5027E+00
0000001 4,0699E+05  3,3741E+09  4,6867E+05 -1,1949E+07  1,4833E-01  5,3913E+00
0000001 4,0584E+05  3,3819E+09  4,7125E+05 -1,1994E+07  1,4857E-01  4,1498E+00
0000001 4,0491E+05  3,3882E+09  4,7327E+05 -1,2029E+07  1,4877E-01  6,2757E+00
0000001 4,0382E+05  3,3960E+09  4,7902E+05 -1,2075E+07  1,4900E-01  5,9333E+01
0000001 4,0286E+05  3,4022E+09  4,8575E+05 -1,2111E+07  1,4920E-01  9,7258E+00
0000001 4,0194E+05  3,4084E+09  4,9198E+05 -1,2149E+07  1,4940E-01  7,5486E+00
0000001 4,0080E+05  3,4162E+09  4,9875E+05 -1,2194E+07  1,4964E-01  1,5335E+01
0000001 3,9986E+05  3,4224E+09  5,0420E+05 -1,2230E+07  1,4984E-01  7,5306E+00
0000001 3,9898E+05  3,4285E+09  5,0996E+05 -1,2267E+07  1,5002E-01  5,8652E+00
0000001 3,9783E+05  3,4363E+09  5,1674E+05 -1,2315E+07  1,5027E-01  1,0158E+01
0000001 3,9692E+05  3,4424E+09  5,2786E+05 -1,2350E+07  1,5047E-01  4,5106E+00
0000001 3,9594E+05  3,4486E+09  5,4060E+05 -1,2383E+07  1,5068E-01  7,7955E+00
0000001 3,9498E+05  3,4547E+09  5,5099E+05 -1,2417E+07  1,5089E-01  5,9483E+00
0000001 3,9397E+05  3,4609E+09  5,6021E+05 -1,2451E+07  1,5111E-01  2,4976E+01
0000001 3,9297E+05  3,4670E+09  5,6915E+05 -1,2485E+07  1,5133E-01  6,0307E+01
0000001 3,9185E+05  3,4746E+09  5,7888E+05 -1,2531E+07  1,5157E-01  6,9110E+00
0000001 3,9092E+05  3,4807E+09  5,8619E+05 -1,2567E+07  1,5178E-01  5,8316E+00
0000001 3,8991E+05  3,4868E+09  5,8707E+05 -1,2600E+07  1,5200E-01  8,1354E+00
0000001 3,8894E+05  3,4929E+09  5,8863E+05 -1,2633E+07  1,5222E-01  1,1808E+01
0000001 3,8799E+05  3,4990E+09  5,9117E+05 -1,2665E+07  1,5243E-01  4,7396E+00
0000001 3,8693E+05  3,5065E+09  5,9552E+05 -1,2704E+07  1,5267E-01  4,2148E+00
0000001 3,8579E+05  3,5141E+09  5,9770E+05 -1,2743E+07  1,5292E-01  1,1928E+01
0000001 3,8489E+05  3,5201E+09  5,9909E+05 -1,2774E+07  1,5312E-01  4,2814E+00
0000001 3,8396E+05  3,5261E+09  6,0207E+05 -1,2804E+07  1,5333E-01  9,4067E+00
0000001 3,8281E+05  3,5337E+09  6,0593E+05 -1,2839E+07  1,5359E-01  1,1589E+01
0000001 3,8184E+05  3,5397E+09  6,0942E+05 -1,2866E+07  1,5381E-01  1,1006E+01
0000001 3,8093E+05  3,5456E+09  6,0772E+05 -1,2897E+07  1,5402E-01  1,7270E+01
0000001 3,7985E+05  3,5531E+09  6,0082E+05 -1,2938E+07  1,5427E-01  4,7841E+00
0000001 3,7888E+05  3,5591E+09  5,9477E+05 -1,2971E+07  1,5449E-01  6,1513E+01
0000001 3,7785E+05  3,5650E+09  5,8666E+05 -1,3001E+07  1,5473E-01  7,7709E+00
0000001 3,7680E+05  3,5725E+09  5,7526E+05 -1,3036E+07  1,5497E-01  6,4373E+00
0000001 3,7595E+05  3,5784E+09  5,6588E+05 -1,3067E+07  1,5516E-01  1,9188E+01
0000001 3,7476E+05  3,5858E+09  5,5316E+05 -1,3109E+07  1,5544E-01  5,0574E+00
0000001 3,7384E+05  3,5917E+09  5,4401E+05 -1,3143E+07  1,5565E-01  4,3769E+00
0000001 3,7297E+05  3,5976E+09  5,3462E+05 -1,3176E+07  1,5586E-01  5,3460E+00
0000001 3,7190E+05  3,6050E+09  5,2278E+05 -1,3216E+07  1,5611E-01  8,0618E+00
0000001 3,7098E+05  3,6109E+09  5,1450E+05 -1,3249E+07  1,5633E-01  6,1151E+01
0000001 3,6984E+05  3,6182E+09  5,0400E+05 -1,3291E+07  1,5660E-01  4,6405E+00
0000001 3,6888E+05  3,6241E+09  4,9538E+05 -1,3322E+07  1,5683E-01  5,3530E+00
0000001 3,6796E+05  3,6299E+09  4,8693E+05 -1,3355E+07  1,5705E-01  6,6561E+00
0000001 3,6685E+05  3,6372E+09  4,7524E+05 -1,3396E+07  1,5731E-01  7,2728E+01
0000001 3,6592E+05  3,6431E+09  4,6406E+05 -1,3429E+07  1,5754E-01  7,6690E+00
0000001 3,6498E+05  3,6489E+09  4,5289E+05 -1,3462E+07  1,5776E-01  6,0346E+00
0000001 3,6384E+05  3,6561E+09  4,3869E+05 -1,3503E+07  1,5804E-01  3,5858E+00
0000001 3,6292E+05  3,6619E+09  4,2706E+05 -1,3534E+07  1,5826E-01  6,8204E+00
0000001 3,6177E+05  3,6691E+09  4,1214E+05 -1,3573E+07  1,5854E-01  3,2509E+00
0000001 3,6087E+05  3,6749E+09  3,9887E+05 -1,3603E+07  1,5876E-01  1,8318E+01
0000001 3,5995E+05  3,6807E+09  3,8444E+05 -1,3633E+07  1,5899E-01  3,0495E+01
0000001 3,5884E+05  3,6879E+09  3,6615E+05 -1,3671E+07  1,5926E-01  8,1691E+01
0000001 3,5787E+05  3,6936E+09  3,5085E+05 -1,3699E+07  1,5950E-01  4,4956E+00
0000001 3,5678E+05  3,7008E+09  3,3167E+05 -1,3733E+07  1,5977E-01  6,5221E+00
0000001 3,5596E+05  3,7065E+09  3,1526E+05 -1,3761E+07  1,5998E-01  6,5955E+00
0000001 3,5486E+05  3,7136E+09  2,9423E+05 -1,3801E+07  1,6025E-01  4,3109E+02
0000001 3,5393E+05  3,7193E+09  2,7639E+05 -1,3841E+07  1,6049E-01  7,1158E+01
0000001 3,5298E+05  3,7250E+09  2,5831E+05 -1,3879E+07  1,6072E-01  3,4391E+00
0000001 3,5183E+05  3,7321E+09  2,3611E+05 -1,3925E+07  1,6101E-01  8,4169E+00
0000001 3,5088E+05  3,7377E+09  2,1884E+05 -1,3961E+07  1,6126E-01  4,8568E+00
0000001 3,4994E+05  3,7434E+09  2,0211E+05 -1,3994E+07  1,6150E-01  1,1682E+01
0000001 3,4879E+05  3,7504E+09  1,8296E+05 -1,4037E+07  1,6179E-01  3,5330E+01
0000001 3,4787E+05  3,7560E+09  1,6937E+05 -1,4070E+07  1,6203E-01  1,3327E+01
0000001 3,4694E+05  3,7617E+09  1,5519E+05 -1,4103E+07  1,6227E-01  4,3297E+00
0000001 3,4594E+05  3,7673E+09  1,3958E+05 -1,4137E+07  1,6252E-01  5,4057E+01
0000001 3,4476E+05  3,7743E+09  1,1861E+05 -1,4181E+07  1,6283E-01  3,1635E+01
0000001 3,4382E+05  3,7798E+09  1,0122E+05 -1,4215E+07  1,6308E-01  3,4129E+01
0000001 3,4296E+05  3,7854E+09  8,3826E+04 -1,4249E+07  1,6331E-01  4,0811E+00
0000001 3,4177E+05  3,7924E+09  6,0320E+04 -1,4290E+07  1,6362E-01  2,2712E+02
0000001 3,4088E+05  3,7979E+09  3,5643E+04 -1,4321E+07  1,6385E-01  1,5064E+01
0000001 3,3991E+05  3,8034E+09 -8,1103E+03 -1,4356E+07  1,6411E-01  8,3355E+00
0000001 3,3897E+05  3,8090E+09 -7,0474E+04 -1,4394E+07  1,6436E-01  4,7278E+00
0000001 3,3779E+05  3,8159E+09 -1,4882E+05 -1,4439E+07  1,6467E-01  1,0471E+01
0000001 3,3690E+05  3,8214E+09 -2,1122E+05 -1,4474E+07  1,6491E-01  7,5206E+00
0000001 3,3593E+05  3,8269E+09 -2,7242E+05 -1,4508E+07  1,6518E-01  6,9712E+00
0000001 3,3492E+05  3,8323E+09 -3,3342E+05 -1,4542E+07  1,6545E-01  1,0810E+02
0000001 3,3399E+05  3,8378E+09 -3,9400E+05 -1,4576E+07  1,6570E-01  4,9237E+00
0000001 3,3289E+05  3,8446E+09 -4,7082E+05 -1,4620E+07  1,6600E-01  7,7750E+00
0000001 3,3178E+05  3,8514E+09 -5,4802E+05 -1,4665E+07  1,6630E-01  7,2737E+00
0000001 3,3087E+05  3,8569E+09 -6,1091E+05 -1,4699E+07  1,6655E-01  6,1622E+00
0000001 3,2991E+05  3,8623E+09 -6,7722E+05 -1,4733E+07  1,6682E-01  4,0375E+01
0000001 3,2899E+05  3,8677E+09 -7,4780E+05 -1,4766E+07  1,6707E-01  2,7055E+01
0000001 3,2793E+05  3,8745E+09 -8,3888E+05 -1,4808E+07  1,6737E-01  1,1592E+01
0000001 3,2681E+05  3,8812E+09 -9,2819E+05 -1,4852E+07  1,6768E-01  1,0323E+01
0000001 3,2582E+05  3,8879E+09 -1,0175E+06 -1,4896E+07  1,6796E-01  4,5962E+00
0000001 3,2497E+05  3,8933E+09 -1,0900E+06 -1,4932E+07  1,6819E-01  1,3178E+01
0000001 3,2382E+05  3,9000E+09 -1,1790E+06 -1,4977E+07  1,6852E-01  9,1899E+00
0000001 3,2293E+05  3,9053E+09 -1,2492E+06 -1,5015E+07  1,6877E-01  3,3497E+01
0000001 3,2182E+05  3,9120E+09 -1,3363E+06 -1,5062E+07  1,6909E-01  1,0525E+01
0000001 3,2098E+05  3,9173E+09 -1,4057E+06 -1,5099E+07  1,6933E-01  3,5816E+00
0000001 3,1989E+05  3,9239E+09 -1,4931E+06 -1,5144E+07  1,6964E-01  8,3752E+00
0000001 3,1878E+05  3,9306E+09 -1,5823E+06 -1,5190E+07  1,6996E-01  8,8070E+00
0000001 3,1786E+05  3,9359E+09 -1,6526E+06 -1,5228E+07  1,7023E-01  1,5576E+01
0000001 3,1682E+05  3,9424E+09 -1,7374E+06 -1,5278E+07  1,7053E-01  5,7154E+00
0000001 3,1597E+05  3,9477E+09 -1,8040E+06 -1,5319E+07  1,7078E-01  1,3623E+01
0000001 3,1490E+05  3,9543E+09 -1,8851E+06 -1,5369E+07  1,7110E-01  4,7677E+00
0000001 3,1382E+05  3,9608E+09 -1,9648E+06 -1,5416E+07  1,7142E-01  1,1109E+01
0000001 3,1291E+05  3,9661E+09 -2,0273E+06 -1,5452E+07  1,7168E-01  6,8076E+00
0000001 3,1193E+05  3,9713E+09 -2,0896E+06 -1,5487E+07  1,7197E-01  1,8324E+01
0000001 3,1086E+05  3,9778E+09 -2,1669E+06 -1,5532E+07  1,7229E-01  1,5996E+01
0000001 3,0977E+05  3,9843E+09 -2,2438E+06 -1,5577E+07  1,7262E-01  5,8029E+00
0000001 3,0885E+05  3,9895E+09 -2,3031E+06 -1,5613E+07  1,7290E-01  6,5208E+01
0000001 3,0777E+05  3,9959E+09 -2,3787E+06 -1,5657E+07  1,7323E-01  1,3517E+01
0000001 3,0696E+05  4,0011E+09 -2,4382E+06 -1,5690E+07  1,7347E-01  1,1929E+01
0000001 3,0582E+05  4,0075E+09 -2,5119E+06 -1,5732E+07  1,7382E-01  4,7744E+00
0000001 3,0494E+05  4,0127E+09 -2,5716E+06 -1,5767E+07  1,7408E-01  7,7263E+00
0000001 3,0383E+05  4,0191E+09 -2,6465E+06 -1,5811E+07  1,7443E-01  8,8276E+00
0000001 3,0285E+05  4,0255E+09 -2,7213E+06 -1,5854E+07  1,7474E-01  7,6760E+00
0000001 3,0196E+05  4,0306E+09 -2,7810E+06 -1,5888E+07  1,7501E-01  1,0576E+01
0000001 3,0091E+05  4,0369E+09 -2,8564E+06 -1,5931E+07  1,7534E-01  4,8350E+00
0000001 2,9984E+05  4,0433E+09 -2,9303E+06 -1,5972E+07  1,7567E-01  5,1413E+00
0000001 2,9896E+05  4,0484E+09 -2,9885E+06 -1,6003E+07  1,7594E-01  5,1020E+01
0000001 2,9781E+05  4,0547E+09 -3,0666E+06 -1,6040E+07  1,7631E-01  7,8868E+00
0000001 2,9699E+05  4,0597E+09 -3,1321E+06 -1,6070E+07  1,7657E-01  4,2344E+00
0000001 2,9588E+05  4,0660E+09 -3,2141E+06 -1,6106E+07  1,7693E-01  5,7620E+00
0000001 2,9484E+05  4,0723E+09 -3,2940E+06 -1,6141E+07  1,7726E-01  6,7696E+00
0000001 2,9387E+05  4,0773E+09 -3,3565E+06 -1,6165E+07  1,7757E-01  4,0798E+01
0000001 2,9298E+05  4,0823E+09 -3,4178E+06 -1,6191E+07  1,7786E-01  3,7411E+00
0000001 2,9188E+05  4,0885E+09 -3,4954E+06 -1,6225E+07  1,7821E-01  7,1940E+00
0000001 2,9081E+05  4,0948E+09 -3,5766E+06 -1,6260E+07  1,7856E-01  3,5439E+00
0000001 2,8986E+05  4,0997E+09 -3,6424E+06 -1,6281E+07  1,7888E-01  1,4899E+01
0000001 2,8899E+05  4,1047E+09 -3,7089E+06 -1,6302E+07  1,7916E-01  1,6996E+01
0000001 2,8795E+05  4,1109E+09 -3,7904E+06 -1,6330E+07  1,7950E-01  4,6856E+00
0000001 2,8689E+05  4,1170E+09 -3,8717E+06 -1,6358E+07  1,7985E-01  4,8620E+00
0000001 2,8596E+05  4,1219E+09 -3,9383E+06 -1,6379E+07  1,8017E-01  4,9584E+00
0000001 2,8481E+05  4,1281E+09 -4,0234E+06 -1,6404E+07  1,8055E-01  6,3008E+00
0000001 2,8387E+05  4,1330E+09 -4,0912E+06 -1,6422E+07  1,8087E-01  6,3528E+00
0000001 2,8291E+05  4,1378E+09 -4,1570E+06 -1,6440E+07  1,8119E-01  1,7846E+01
0000001 2,8179E+05  4,1439E+09 -4,2369E+06 -1,6463E+07  1,8157E-01  1,1437E+01
0000001 2,8092E+05  4,1488E+09 -4,2993E+06 -1,6480E+07  1,8187E-01  2,3178E+01
0000001 2,7981E+05  4,1548E+09 -4,3771E+06 -1,6500E+07  1,8225E-01  5,6295E+00
0000001 2,7891E+05  4,1597E+09 -4,4391E+06 -1,6518E+07  1,8256E-01  4,2317E+00
0000001 2,7786E+05  4,1657E+09 -4,5162E+06 -1,6547E+07  1,8293E-01  3,0836E+01
0000001 2,7696E+05  4,1705E+09 -4,5765E+06 -1,6574E+07  1,8324E-01  5,3919E+00
0000001 2,7584E+05  4,1765E+09 -4,6503E+06 -1,6607E+07  1,8363E-01  5,4227E+00
0000001 2,7492E+05  4,1813E+09 -4,7086E+06 -1,6634E+07  1,8395E-01  4,9831E+04
0000001 2,7388E+05  4,1873E+09 -4,8277E+06 -1,6692E+07  1,8432E-01  9,5784E+00
0000001 2,7289E+05  4,1932E+09 -4,9462E+06 -1,6746E+07  1,8467E-01  1,7284E+01
0000001 2,7194E+05  4,1980E+09 -5,0411E+06 -1,6789E+07  1,8501E-01  5,4849E+00
0000001 2,7083E+05  4,2039E+09 -5,1616E+06 -1,6843E+07  1,8541E-01  1,0702E+01
0000001 2,6992E+05  4,2086E+09 -5,2596E+06 -1,6886E+07  1,8573E-01  5,8722E+01
0000001 2,6891E+05  4,2145E+09 -5,3849E+06 -1,6942E+07  1,8610E-01  4,6989E+00
0000001 2,6787E+05  4,2204E+09 -5,5093E+06 -1,6999E+07  1,8648E-01  2,6853E+01
0000001 2,6693E+05  4,2251E+09 -5,6060E+06 -1,7046E+07  1,8682E-01  1,9075E+01
0000001 2,6580E+05  4,2310E+09 -5,7275E+06 -1,7106E+07  1,8724E-01  1,8811E+01
0000001 2,6493E+05  4,2356E+09 -5,8251E+06 -1,7153E+07  1,8755E-01  5,1136E+00
0000001 2,6389E+05  4,2414E+09 -5,9487E+06 -1,7210E+07  1,8794E-01  1,1713E+01
0000001 2,6281E+05  4,2472E+09 -6,0739E+06 -1,7268E+07  1,8834E-01  9,4536E+00
0000001 2,6195E+05  4,2519E+09 -6,1740E+06 -1,7314E+07  1,8866E-01  3,9144E+03
0000001 2,6088E+05  4,2577E+09 -6,3135E+06 -1,7378E+07  1,8906E-01  1,0351E+01
0000001 2,5985E+05  4,2634E+09 -6,4508E+06 -1,7440E+07  1,8945E-01  7,7795E+00
0000001 2,5882E+05  4,2692E+09 -6,5862E+06 -1,7500E+07  1,8984E-01  1,2472E+01
0000001 2,5791E+05  4,2737E+09 -6,6940E+06 -1,7548E+07  1,9019E-01  5,2984E+00
0000001 2,5700E+05  4,2783E+09 -6,8014E+06 -1,7596E+07  1,9054E-01  1,0318E+01
0000001 2,5589E+05  4,2840E+09 -6,9345E+06 -1,7660E+07  1,9097E-01  4,7000E+00
0000001 2,5486E+05  4,2897E+09 -7,0680E+06 -1,7724E+07  1,9137E-01  1,8256E+01
0000001 2,5397E+05  4,2942E+09 -7,1766E+06 -1,7778E+07  1,9171E-01  3,1321E+01
0000001 2,5300E+05  4,2988E+09 -7,2927E+06 -1,7839E+07  1,9209E-01  4,9908E+01
0000001 2,5195E+05  4,3044E+09 -7,4367E+06 -1,7916E+07  1,9250E-01  9,9087E+00
0000001 2,5087E+05  4,3100E+09 -7,5822E+06 -1,7992E+07  1,9293E-01  3,7077E+01
0000001 2,4980E+05  4,3156E+09 -7,7271E+06 -1,8069E+07  1,9335E-01  4,2050E+00
0000001 2,4886E+05  4,3201E+09 -7,8418E+06 -1,8131E+07  1,9372E-01  7,8630E+00
0000001 2,4793E+05  4,3246E+09 -7,9557E+06 -1,8192E+07  1,9410E-01  5,4285E+00
0000001 2,4699E+05  4,3290E+09 -8,0698E+06 -1,8252E+07  1,9448E-01  3,0548E+00
0000001 2,4596E+05  4,3346E+09 -8,2130E+06 -1,8326E+07  1,9489E-01  9,7424E+00
0000001 2,4486E+05  4,3401E+09 -8,3530E+06 -1,8397E+07  1,9534E-01  4,9609E+00
0000001 2,4379E+05  4,3456E+09 -8,4829E+06 -1,8461E+07  1,9578E-01  4,2559E+00
0000001 2,4291E+05  4,3500E+09 -8,5871E+06 -1,8512E+07  1,9614E-01  7,9365E+00
0000001 2,4184E+05  4,3555E+09 -8,7162E+06 -1,8573E+07  1,9658E-01  6,4813E+00
0000001 2,4081E+05  4,3610E+09 -8,8457E+06 -1,8635E+07  1,9701E-01  4,3966E+01
0000001 2,3995E+05  4,3653E+09 -8,9489E+06 -1,8683E+07  1,9737E-01  4,6227E+01
0000001 2,3886E+05  4,3708E+09 -9,0772E+06 -1,8745E+07  1,9782E-01  5,1978E+00
0000001 2,3794E+05  4,3751E+09 -9,1773E+06 -1,8794E+07  1,9821E-01  5,6719E+00
0000001 2,3688E+05  4,3805E+09 -9,3010E+06 -1,8855E+07  1,9866E-01  2,1811E+01
0000001 2,3584E+05  4,3859E+09 -9,4301E+06 -1,8914E+07  1,9911E-01  2,0088E+01
0000001 2,3496E+05  4,3902E+09 -9,5356E+06 -1,8961E+07  1,9948E-01  1,2517E+04
0000001 2,3387E+05  4,3956E+09 -9,6433E+06 -1,9008E+07  1,9995E-01  4,4985E+00
0000001 2,3295E+05  4,3999E+09 -9,7299E+06 -1,9045E+07  2,0035E-01  8,5953E+01
0000001 2,3186E+05  4,4052E+09 -9,8370E+06 -1,9093E+07  2,0083E-01  5,1227E+00
0000001 2,3099E+05  4,4095E+09 -9,9213E+06 -1,9133E+07  2,0120E-01  1,9082E+01
0000001 2,2977E+05  4,4158E+09 -1,0047E+07 -1,9195E+07  2,0174E-01  3,6591E+02
0000001 2,2896E+05  4,4201E+09 -1,0132E+07 -1,9239E+07  2,0209E-01  7,6227E+01
0000001 2,2787E+05  4,4253E+09 -1,0238E+07 -1,9293E+07  2,0258E-01  5,3023E+00
0000001 2,2692E+05  4,4295E+09 -1,0323E+07 -1,9336E+07  2,0300E-01  4,5598E+00
0000001 2,2586E+05  4,4348E+09 -1,0429E+07 -1,9389E+07  2,0348E-01  4,7190E+00
0000001 2,2499E+05  4,4389E+09 -1,0514E+07 -1,9431E+07  2,0387E-01  4,4273E+00
0000001 2,2395E+05  4,4442E+09 -1,0622E+07 -1,9484E+07  2,0434E-01  7,1612E+00
0000001 2,2284E+05  4,4494E+09 -1,0729E+07 -1,9539E+07  2,0485E-01  3,8105E+02
0000001 2,2196E+05  4,4535E+09 -1,0818E+07 -1,9583E+07  2,0526E-01  2,6320E+02
0000001 2,2090E+05  4,4587E+09 -1,0927E+07 -1,9634E+07  2,0574E-01  1,0312E+01
0000001 2,1986E+05  4,4638E+09 -1,1046E+07 -1,9694E+07  2,0622E-01  6,2803E+00
0000001 2,1896E+05  4,4679E+09 -1,1144E+07 -1,9743E+07  2,0664E-01  8,3328E+00
0000001 2,1784E+05  4,4730E+09 -1,1271E+07 -1,9806E+07  2,0716E-01  6,6616E+00
0000001 2,1697E+05  4,4771E+09 -1,1380E+07 -1,9857E+07  2,0757E-01  5,2287E+01
0000001 2,1594E+05  4,4822E+09 -1,1516E+07 -1,9921E+07  2,0806E-01  1,3277E+01
0000001 2,1487E+05  4,4873E+09 -1,1653E+07 -1,9986E+07  2,0857E-01  8,2543E+00
0000001 2,1397E+05  4,4913E+09 -1,1762E+07 -2,0039E+07  2,0900E-01  4,2742E+00
0000001 2,1284E+05  4,4963E+09 -1,1899E+07 -2,0106E+07  2,0954E-01  4,9837E+00
0000001 2,1196E+05  4,5003E+09 -1,2008E+07 -2,0158E+07  2,0996E-01  8,6710E+00
0000001 2,1083E+05  4,5054E+09 -1,2145E+07 -2,0223E+07  2,1051E-01  6,4332E+00
0000001 2,0977E+05  4,5103E+09 -1,2281E+07 -2,0288E+07  2,1103E-01  8,3445E+00
0000001 2,0892E+05  4,5143E+09 -1,2387E+07 -2,0338E+07  2,1145E-01  4,2965E+01
0000001 2,0784E+05  4,5193E+09 -1,2521E+07 -2,0401E+07  2,1198E-01  1,1900E+01
0000001 2,0683E+05  4,5242E+09 -1,2654E+07 -2,0464E+07  2,1248E-01  4,6616E+00
0000001 2,0596E+05  4,5281E+09 -1,2759E+07 -2,0511E+07  2,1291E-01  1,3066E+01
0000001 2,0487E+05  4,5331E+09 -1,2890E+07 -2,0569E+07  2,1346E-01  3,6070E+01
0000001 2,0389E+05  4,5379E+09 -1,3021E+07 -2,0625E+07  2,1396E-01  7,1258E+00
0000001 2,0289E+05  4,5428E+09 -1,3152E+07 -2,0682E+07  2,1446E-01  3,5249E+01
0000001 2,0184E+05  4,5477E+09 -1,3281E+07 -2,0741E+07  2,1499E-01  6,1854E+00
0000001 2,0079E+05  4,5525E+09 -1,3410E+07 -2,0799E+07  2,1553E-01  1,4469E+01
0000001 1,9994E+05  4,5564E+09 -1,3513E+07 -2,0844E+07  2,1597E-01  6,8397E+00
0000001 1,9883E+05  4,5612E+09 -1,3641E+07 -2,0900E+07  2,1655E-01  9,3938E+00
0000001 1,9784E+05  4,5660E+09 -1,3766E+07 -2,0956E+07  2,1706E-01  1,9021E+01
0000001 1,9682E+05  4,5708E+09 -1,3891E+07 -2,1009E+07  2,1759E-01  2,3263E+02
0000001 1,9599E+05  4,5746E+09 -1,3987E+07 -2,1051E+07  2,1803E-01  1,2809E+01
0000001 1,9491E+05  4,5793E+09 -1,4108E+07 -2,1105E+07  2,1860E-01  5,5191E+00
0000001 1,9385E+05  4,5841E+09 -1,4230E+07 -2,1157E+07  2,1916E-01  4,0328E+00
0000001 1,9278E+05  4,5888E+09 -1,4351E+07 -2,1209E+07  2,1974E-01  1,4375E+01
0000001 1,9195E+05  4,5925E+09 -1,4447E+07 -2,1250E+07  2,2019E-01  2,6506E+02
0000001 1,9097E+05  4,5972E+09 -1,4568E+07 -2,1300E+07  2,2071E-01  7,9899E+01
0000001 1,9000E+05  4,6019E+09 -1,4690E+07 -2,1349E+07  2,2124E-01  4,2821E+00
0000001 1,8893E+05  4,6065E+09 -1,4813E+07 -2,1399E+07  2,2182E-01  4,4926E+02
0000001 1,8781E+05  4,6112E+09 -1,4935E+07 -2,1445E+07  2,2244E-01  7,5514E+00
0000001 1,8695E+05  4,6149E+09 -1,5034E+07 -2,1482E+07  2,2291E-01  6,6362E+00
0000001 1,8591E+05  4,6195E+09 -1,5155E+07 -2,1530E+07  2,2349E-01  1,6458E+01
0000001 1,8489E+05  4,6241E+09 -1,5275E+07 -2,1578E+07  2,2406E-01  8,4707E+01
0000001 1,8390E+05  4,6286E+09 -1,5396E+07 -2,1625E+07  2,2461E-01  6,6566E+00
0000001 1,8287E+05  4,6332E+09 -1,5516E+07 -2,1672E+07  2,2519E-01  7,5336E+00
0000001 1,8186E+05  4,6377E+09 -1,5636E+07 -2,1719E+07  2,2577E-01  1,1812E+01
0000001 1,8086E+05  4,6422E+09 -1,5756E+07 -2,1765E+07  2,2634E-01  6,6250E+01
0000001 1,7979E+05  4,6467E+09 -1,5873E+07 -2,1809E+07  2,2694E-01  5,0620E+00
0000001 1,7880E+05  4,6512E+09 -1,5987E+07 -2,1853E+07  2,2751E-01  7,7295E+00
0000001 1,7793E+05  4,6548E+09 -1,6079E+07 -2,1888E+07  2,2802E-01  1,1135E+01
0000001 1,7692E+05  4,6592E+09 -1,6191E+07 -2,1931E+07  2,2861E-01  1,7743E+01
0000001 1,7594E+05  4,6637E+09 -1,6302E+07 -2,1971E+07  2,2918E-01  7,5719E+00
0000001 1,7488E+05  4,6681E+09 -1,6414E+07 -2,2010E+07  2,2980E-01  1,8319E+01
0000001 1,7384E+05  4,6725E+09 -1,6528E+07 -2,2050E+07  2,3042E-01  6,3116E+00
0000001 1,7285E+05  4,6769E+09 -1,6655E+07 -2,2059E+07  2,3101E-01  1,0147E+01
0000001 1,7182E+05  4,6813E+09 -1,6784E+07 -2,2061E+07  2,3162E-01  5,5956E+00
0000001 1,7098E+05  4,6847E+09 -1,6889E+07 -2,2061E+07  2,3212E-01  6,7462E+00
0000001 1,6994E+05  4,6891E+09 -1,7019E+07 -2,2062E+07  2,3275E-01  1,5658E+01
0000001 1,6889E+05  4,6934E+09 -1,7151E+07 -2,2063E+07  2,3339E-01  1,0603E+01
0000001 1,6787E+05  4,6977E+09 -1,7283E+07 -2,2063E+07  2,3401E-01  2,2998E+01
0000001 1,6693E+05  4,7020E+09 -1,7413E+07 -2,2062E+07  2,3459E-01  1,3062E+01
0000001 1,6597E+05  4,7062E+09 -1,7544E+07 -2,2062E+07  2,3517E-01  4,8971E+00
0000001 1,6491E+05  4,7105E+09 -1,7676E+07 -2,2063E+07  2,3583E-01  2,1231E+01
0000001 1,6383E+05  4,7147E+09 -1,7810E+07 -2,2065E+07  2,3650E-01  2,9803E+01
0000001 1,6287E+05  4,7189E+09 -1,7946E+07 -2,2066E+07  2,3710E-01  2,7090E+01
0000001 1,6192E+05  4,7231E+09 -1,8079E+07 -2,2075E+07  2,3770E-01  5,7845E+00
0000001 1,6078E+05  4,7282E+09 -1,8237E+07 -2,2089E+07  2,3842E-01  4,5517E+00
0000001 1,5996E+05  4,7315E+09 -1,8341E+07 -2,2098E+07  2,3894E-01  5,0798E+00
0000001 1,5882E+05  4,7365E+09 -1,8499E+07 -2,2111E+07  2,3966E-01  2,6250E+01
0000001 1,5793E+05  4,7406E+09 -1,8630E+07 -2,2121E+07  2,4024E-01  1,6389E+01
0000001 1,5693E+05  4,7447E+09 -1,8763E+07 -2,2127E+07  2,4088E-01  5,6385E+01
0000001 1,5593E+05  4,7488E+09 -1,8894E+07 -2,2135E+07  2,4152E-01  6,9792E+00
0000001 1,5496E+05  4,7529E+09 -1,9024E+07 -2,2141E+07  2,4215E-01  1,7679E+01
0000001 1,5383E+05  4,7578E+09 -1,9179E+07 -2,2150E+07  2,4289E-01  1,6354E+01
0000001 1,5290E+05  4,7618E+09 -1,9310E+07 -2,2158E+07  2,4350E-01  7,4673E+00
0000001 1,5191E+05  4,7658E+09 -1,9441E+07 -2,2166E+07  2,4416E-01  6,9611E+00
0000001 1,5094E+05  4,7698E+09 -1,9571E+07 -2,2175E+07  2,4480E-01  5,6396E+00
0000001 1,4996E+05  4,7738E+09 -1,9699E+07 -2,2182E+07  2,4545E-01  1,0940E+01
0000001 1,4894E+05  4,7778E+09 -1,9827E+07 -2,2190E+07  2,4613E-01  4,0333E+01
0000001 1,4795E+05  4,7818E+09 -1,9956E+07 -2,2198E+07  2,4680E-01  6,2995E+00
0000001 1,4683E+05  4,7865E+09 -2,0111E+07 -2,2209E+07  2,4756E-01  1,0839E+01
0000001 1,4583E+05  4,7904E+09 -2,0240E+07 -2,2219E+07  2,4823E-01  6,2885E+00
0000001 1,4481E+05  4,7943E+09 -2,0369E+07 -2,2232E+07  2,4893E-01  1,7421E+01
0000001 1,4389E+05  4,7982E+09 -2,0496E+07 -2,2247E+07  2,4956E-01  2,0224E+01
0000001 1,4285E+05  4,8021E+09 -2,0622E+07 -2,2264E+07  2,5027E-01  1,2642E+01
0000001 1,4189E+05  4,8059E+09 -2,0750E+07 -2,2281E+07  2,5093E-01  5,3319E+00
0000001 1,4089E+05  4,8098E+09 -2,0876E+07 -2,2298E+07  2,5162E-01  5,9413E+00
0000001 1,3994E+05  4,8136E+09 -2,1001E+07 -2,2317E+07  2,5228E-01  4,8089E+00
0000001 1,3894E+05  4,8174E+09 -2,1125E+07 -2,2336E+07  2,5298E-01  2,4905E+01
0000001 1,3780E+05  4,8219E+09 -2,1269E+07 -2,2354E+07  2,5378E-01  6,8075E+00
0000001 1,3685E+05  4,8257E+09 -2,1387E+07 -2,2367E+07  2,5445E-01  1,0183E+01
0000001 1,3593E+05  4,8294E+09 -2,1503E+07 -2,2380E+07  2,5510E-01  1,1859E+02
0000001 1,3498E+05  4,8332E+09 -2,1619E+07 -2,2396E+07  2,5577E-01  5,0785E+00
0000001 1,3390E+05  4,8376E+09 -2,1759E+07 -2,2416E+07  2,5654E-01  2,1383E+01
0000001 1,3294E+05  4,8413E+09 -2,1873E+07 -2,2434E+07  2,5723E-01  6,2669E+01
0000001 1,3179E+05  4,8457E+09 -2,2009E+07 -2,2453E+07  2,5805E-01  2,7316E+01
0000001 1,3090E+05  4,8494E+09 -2,2128E+07 -2,2469E+07  2,5870E-01  4,0138E+00
0000001 1,2999E+05  4,8530E+09 -2,2249E+07 -2,2483E+07  2,5935E-01  1,2227E+01
0000001 1,2888E+05  4,8574E+09 -2,2395E+07 -2,2502E+07  2,6016E-01  1,1183E+01
0000001 1,2796E+05  4,8610E+09 -2,2516E+07 -2,2518E+07  2,6083E-01  3,1861E+01
0000001 1,2683E+05  4,8653E+09 -2,2661E+07 -2,2535E+07  2,6165E-01  5,9376E+00
0000001 1,2589E+05  4,8688E+09 -2,2780E+07 -2,2551E+07  2,6234E-01  1,0251E+01
0000001 1,2497E+05  4,8724E+09 -2,2894E+07 -2,2562E+07  2,6302E-01  4,4219E+02
0000001 1,2388E+05  4,8766E+09 -2,3031E+07 -2,2578E+07  2,6382E-01  1,0504E+01
0000001 1,2284E+05  4,8808E+09 -2,3168E+07 -2,2590E+07  2,6459E-01  1,9722E+01
0000001 1,2196E+05  4,8843E+09 -2,3282E+07 -2,2602E+07  2,6525E-01  1,1560E+01
0000001 1,2091E+05  4,8885E+09 -2,3418E+07 -2,2617E+07  2,6602E-01  2,2134E+01
0000001 1,1984E+05  4,8926E+09 -2,3548E+07 -2,2637E+07  2,6682E-01  9,8873E+00
0000001 1,1888E+05  4,8961E+09 -2,3653E+07 -2,2653E+07  2,6754E-01  1,5467E+01
0000001 1,1797E+05  4,8995E+09 -2,3759E+07 -2,2670E+07  2,6822E-01  3,5829E+01
0000001 1,1685E+05  4,9036E+09 -2,3885E+07 -2,2689E+07  2,6906E-01  5,3543E+01
0000001 1,1597E+05  4,9069E+09 -2,3988E+07 -2,2700E+07  2,6972E-01  8,7117E+00
0000001 1,1483E+05  4,9110E+09 -2,4113E+07 -2,2711E+07  2,7058E-01  1,5283E+01
0000001 1,1392E+05  4,9143E+09 -2,4217E+07 -2,2719E+07  2,7127E-01  6,4678E+00
0000001 1,1299E+05  4,9176E+09 -2,4322E+07 -2,2725E+07  2,7197E-01  8,0841E+00
0000001 1,1196E+05  4,9216E+09 -2,4445E+07 -2,2734E+07  2,7275E-01  6,1066E+01
0000001 1,1087E+05  4,9255E+09 -2,4569E+07 -2,2748E+07  2,7357E-01  1,7643E+02
0000001 1,0982E+05  4,9295E+09 -2,4698E+07 -2,2764E+07  2,7438E-01  9,2918E+00
0000001 1,0891E+05  4,9327E+09 -2,4806E+07 -2,2776E+07  2,7506E-01  4,8508E+00
0000001 1,0793E+05  4,9366E+09 -2,4937E+07 -2,2789E+07  2,7581E-01  2,7763E+02
0000001 1,0693E+05  4,9404E+09 -2,5064E+07 -2,2798E+07  2,7657E-01  1,9262E+01
0000001 1,0600E+05  4,9436E+09 -2,5168E+07 -2,2807E+07  2,7728E-01  4,3398E+01
0000001 1,0499E+05  4,9474E+09 -2,5291E+07 -2,2815E+07  2,7805E-01  1,0586E+02
0000001 1,0392E+05  4,9512E+09 -2,5410E+07 -2,2817E+07  2,7886E-01  6,4687E+00
0000001 1,0284E+05  4,9550E+09 -2,5530E+07 -2,2820E+07  2,7968E-01  6,1657E+01
0000001 1,0194E+05  4,9581E+09 -2,5631E+07 -2,2823E+07  2,8037E-01  4,8896E+00
0000001 1,0085E+05  4,9618E+09 -2,5750E+07 -2,2827E+07  2,8120E-01  5,2314E+00
0000001 9,9988E+04  4,9649E+09 -2,5848E+07 -2,2829E+07  2,8185E-01  2,3143E+02
0000001 9,8916E+04  4,9685E+09 -2,5971E+07 -2,2832E+07  2,8267E-01  8,6059E+00
0000001 9,7879E+04  4,9722E+09 -2,6092E+07 -2,2835E+07  2,8345E-01  1,1414E+01
0000001 9,6992E+04  4,9752E+09 -2,6190E+07 -2,2837E+07  2,8412E-01  9,3585E+00
0000001 9,5912E+04  4,9788E+09 -2,6306E+07 -2,2841E+07  2,8511E-01  1,8425E+01
0000001 9,4847E+04  4,9824E+09 -2,6419E+07 -2,2840E+07  2,8617E-01  2,3567E+01
0000001 9,3822E+04  4,9859E+09 -2,6531E+07 -2,2838E+07  2,8722E-01  4,5304E+00
0000001 9,2979E+04  4,9889E+09 -2,6623E+07 -2,2837E+07  2,8809E-01  3,9763E+00
0000001 9,1987E+04  4,9924E+09 -2,6730E+07 -2,2835E+07  2,8906E-01  1,5585E+01
0000001 9,0968E+04  4,9958E+09 -2,6831E+07 -2,2830E+07  2,9003E-01  1,0794E+01
0000001 8,9968E+04  4,9993E+09 -2,6927E+07 -2,2824E+07  2,9090E-01  1,4884E+01
0000001 8,8937E+04  5,0027E+09 -2,7023E+07 -2,2817E+07  2,9179E-01  5,8373E+00
0000001 8,7946E+04  5,0061E+09 -2,7119E+07 -2,2808E+07  2,9256E-01  5,8702E+00
0000001 8,6933E+04  5,0095E+09 -2,7215E+07 -2,2801E+07  2,9332E-01  6,8266E+00
0000001 8,5947E+04  5,0129E+09 -2,7312E+07 -2,2792E+07  2,9401E-01  6,6706E+00
0000001 8,4972E+04  5,0162E+09 -2,7408E+07 -2,2782E+07  2,9464E-01  8,5364E+00
0000001 8,3964E+04  5,0195E+09 -2,7507E+07 -2,2768E+07  2,9525E-01  1,8302E+01
0000001 8,2989E+04  5,0228E+09 -2,7603E+07 -2,2754E+07  2,9577E-01  1,8372E+02
0000001 8,1863E+04  5,0266E+09 -2,7711E+07 -2,2745E+07  2,9633E-01  4,6812E+02
0000001 8,0926E+04  5,0298E+09 -2,7798E+07 -2,2737E+07  2,9673E-01  1,3265E+01
0000001 7,9956E+04  5,0330E+09 -2,7883E+07 -2,2730E+07  2,9724E-01  6,2390E+00
0000001 7,8895E+04  5,0367E+09 -2,7981E+07 -2,2722E+07  2,9798E-01  1,1080E+01
0000001 7,7917E+04  5,0399E+09 -2,8067E+07 -2,2715E+07  2,9873E-01  1,1481E+01
0000001 7,6887E+04  5,0435E+09 -2,8167E+07 -2,2707E+07  2,9952E-01  1,8000E+01
0000001 7,5982E+04  5,0466E+09 -2,8249E+07 -2,2701E+07  3,0022E-01  5,9855E+00
0000001 7,4889E+04  5,0502E+09 -2,8344E+07 -2,2696E+07  3,0105E-01  1,4652E+02
0000001 7,3980E+04  5,0533E+09 -2,8426E+07 -2,2689E+07  3,0173E-01  1,3325E+01
0000001 7,2949E+04  5,0568E+09 -2,8527E+07 -2,2681E+07  3,0250E-01  1,2704E+03
0000001 7,1894E+04  5,0603E+09 -2,8624E+07 -2,2666E+07  3,0327E-01  6,1511E+00
0000001 7,0887E+04  5,0638E+09 -2,8720E+07 -2,2651E+07  3,0400E-01  5,0155E+01
0000001 6,9862E+04  5,0672E+09 -2,8817E+07 -2,2638E+07  3,0473E-01  2,5102E+01
0000001 6,8954E+04  5,0701E+09 -2,8898E+07 -2,2628E+07  3,0537E-01  6,0966E+00
0000001 6,7905E+04  5,0735E+09 -2,8992E+07 -2,2615E+07  3,0610E-01  5,2621E+00
0000001 6,6905E+04  5,0769E+09 -2,9086E+07 -2,2603E+07  3,0678E-01  7,8881E+00
0000001 6,5918E+04  5,0802E+09 -2,9179E+07 -2,2592E+07  3,0743E-01  1,1138E+01
0000001 6,4905E+04  5,0835E+09 -2,9271E+07 -2,2582E+07  3,0810E-01  2,0719E+01
0000001 6,3909E+04  5,0867E+09 -2,9363E+07 -2,2575E+07  3,0873E-01  9,3218E+01
0000001 6,2939E+04  5,0900E+09 -2,9456E+07 -2,2568E+07  3,0934E-01  2,4016E+01
0000001 6,1926E+04  5,0932E+09 -2,9542E+07 -2,2562E+07  3,0995E-01  2,9100E+04
0000001 6,0962E+04  5,0963E+09 -2,9655E+07 -2,2590E+07  3,1052E-01  7,0015E+00
0000001 5,9970E+04  5,0994E+09 -2,9771E+07 -2,2619E+07  3,1108E-01  1,0246E+02
0000001 5,8992E+04  5,1025E+09 -2,9890E+07 -2,2646E+07  3,1163E-01  1,1358E+01
0000001 5,7916E+04  5,1060E+09 -3,0021E+07 -2,2677E+07  3,1220E-01  1,0320E+02
0000001 5,6882E+04  5,1091E+09 -3,0135E+07 -2,2706E+07  3,1272E-01  2,0298E+01
0000001 5,5985E+04  5,1121E+09 -3,0249E+07 -2,2736E+07  3,1315E-01  4,7678E+00
0000001 5,4946E+04  5,1155E+09 -3,0380E+07 -2,2768E+07  3,1363E-01  1,2492E+01
0000001 5,3914E+04  5,1188E+09 -3,0510E+07 -2,2798E+07  3,1408E-01  5,5737E+00
0000001 5,2973E+04  5,1217E+09 -3,0622E+07 -2,2823E+07  3,1447E-01  2,2090E+02
0000001 5,1939E+04  5,1250E+09 -3,0750E+07 -2,2851E+07  3,1486E-01  5,7160E+00
0000001 5,0954E+04  5,1282E+09 -3,0877E+07 -2,2876E+07  3,1520E-01  8,3703E+01
0000001 4,9976E+04  5,1314E+09 -3,1011E+07 -2,2896E+07  3,1551E-01  1,0675E+01
0000001 4,8926E+04  5,1350E+09 -3,1160E+07 -2,2924E+07  3,1581E-01  4,9285E+00
0000001 4,7944E+04  5,1381E+09 -3,1290E+07 -2,2949E+07  3,1605E-01  9,8705E+00
0000001 4,6995E+04  5,1412E+09 -3,1415E+07 -2,2974E+07  3,1625E-01  1,0341E+01
0000001 4,5927E+04  5,1446E+09 -3,1550E+07 -2,3003E+07  3,1643E-01  2,0822E+02
0000001 4,4916E+04  5,1480E+09 -3,1677E+07 -2,3028E+07  3,1655E-01  5,5194E+00
0000001 4,3966E+04  5,1510E+09 -3,1791E+07 -2,3045E+07  3,1663E-01  2,0204E+01
0000001 4,2914E+04  5,1543E+09 -3,1916E+07 -2,3056E+07  3,1667E-01  5,0986E+00
0000001 4,1923E+04  5,1575E+09 -3,2044E+07 -2,3063E+07  3,1665E-01  1,5937E+01
0000001 4,0946E+04  5,1607E+09 -3,2182E+07 -2,3070E+07  3,1659E-01  5,5820E+00
0000001 3,9879E+04  5,1639E+09 -3,2316E+07 -2,3073E+07  3,1645E-01  5,9962E+00
0000001 3,8909E+04  5,1670E+09 -3,2448E+07 -2,3080E+07  3,1627E-01  1,0749E+01
0000001 3,7989E+04  5,1697E+09 -3,2563E+07 -2,3089E+07  3,1605E-01  8,1274E+00
0000001 3,6989E+04  5,1727E+09 -3,2690E+07 -2,3103E+07  3,1574E-01  2,7585E+01
0000001 3,5997E+04  5,1756E+09 -3,2814E+07 -2,3119E+07  3,1537E-01  2,4338E+03
0000001 3,4918E+04  5,1792E+09 -3,2957E+07 -2,3119E+07  3,1488E-01  2,2801E+02
0000001 3,3983E+04  5,1821E+09 -3,3077E+07 -2,3117E+07  3,1438E-01  3,0362E+02
0000001 3,2887E+04  5,1855E+09 -3,3227E+07 -2,3104E+07  3,1369E-01  2,4599E+01
0000001 3,1919E+04  5,1886E+09 -3,3364E+07 -2,3086E+07  3,1301E-01  9,1081E+00
0000001 3,0996E+04  5,1916E+09 -3,3498E+07 -2,3072E+07  3,1226E-01  5,0423E+01
0000001 2,9947E+04  5,1951E+09 -3,3664E+07 -2,3066E+07  3,1131E-01  4,9506E+00
0000001 2,8917E+04  5,1983E+09 -3,3816E+07 -2,3066E+07  3,1025E-01  1,7526E+01
0000001 2,7930E+04  5,2017E+09 -3,3985E+07 -2,3073E+07  3,0911E-01  8,1628E+00
0000001 2,6943E+04  5,2051E+09 -3,4160E+07 -2,3067E+07  3,0785E-01  5,0526E+01
0000001 2,5993E+04  5,2081E+09 -3,4317E+07 -2,3059E+07  3,0651E-01  9,9809E+00
0000001 2,4927E+04  5,2115E+09 -3,4501E+07 -2,3050E+07  3,0482E-01  4,1622E+01
0000001 2,3986E+04  5,2146E+09 -3,4673E+07 -2,3033E+07  3,0318E-01  6,1479E+00
0000001 2,2937E+04  5,2182E+09 -3,4861E+07 -2,3006E+07  3,0114E-01  1,8870E+01
0000001 2,1982E+04  5,2214E+09 -3,5025E+07 -2,2980E+07  2,9908E-01  1,2807E+01
0000001 2,0959E+04  5,2250E+09 -3,5205E+07 -2,2947E+07  2,9663E-01  7,5043E+01
0000001 1,9977E+04  5,2286E+09 -3,5379E+07 -2,2897E+07  2,9402E-01  6,5181E+01
0000001 1,8952E+04  5,2320E+09 -3,5539E+07 -2,2841E+07  2,9098E-01  3,4314E+01
0000001 1,7976E+04  5,2353E+09 -3,5691E+07 -2,2775E+07  2,8775E-01  7,4492E+00
0000001 1,6976E+04  5,2387E+09 -3,5838E+07 -2,2701E+07  2,8403E-01  7,8461E+00
0000001 1,5995E+04  5,2423E+09 -3,5984E+07 -2,2618E+07  2,7994E-01  1,0639E+01
0000001 1,4992E+04  5,2459E+09 -3,6139E+07 -2,2527E+07  2,7522E-01  1,2099E+01
0000001 1,3986E+04  5,2494E+09 -3,6291E+07 -2,2423E+07  2,6986E-01  1,5228E+02
0000001 1,2960E+04  5,2531E+09 -3,6438E+07 -2,2295E+07  2,6361E-01  8,0556E+00
0000001 1,1965E+04  5,2566E+09 -3,6571E+07 -2,2179E+07  2,5666E-01  6,0906E+00
0000001 1,0993E+04  5,2602E+09 -3,6718E+07 -2,2094E+07  2,4890E-01  7,2165E+00
0000001 9,9819E+03  5,2644E+09 -3,6906E+07 -2,2019E+07  2,3957E-01  3,2150E+01
0000001 8,9737E+03  5,2685E+09 -3,7105E+07 -2,1999E+07  2,2879E-01  1,5802E+01
0000001 7,9946E+03  5,2730E+09 -3,7331E+07 -2,1990E+07  2,1660E-01  4,4827E+01
0000001 6,9806E+03  5,2781E+09 -3,7595E+07 -2,1935E+07  2,0186E-01  8,1942E+00
0000001 5,9894E+03  5,2835E+09 -3,7941E+07 -2,1893E+07  1,8492E-01  2,4355E+01
0000001 4,9881E+03  5,2887E+09 -3,8595E+07 -2,1957E+07  1,6476E-01  1,7789E+01
0000001 3,9935E+03  5,2951E+09 -3,9568E+07 -2,2328E+07  1,4108E-01  3,5143E+01
0000001 2,9982E+03  5,3032E+09 -4,0628E+07 -2,2661E+07  1,1302E-01  1,9876E+01
0000001 1,9957E+03  5,3140E+09 -4,1654E+07 -2,3497E+07  7,9891E-02  1,1956E+02
0000001 9,8659E+02  5,3285E+09 -4,3105E+07 -2,4219E+07  4,3786E-02  6,7886E+04
0000001 0,0000E+00  5,3504E+09 -4,3432E+07 -2,4059E+07  0,0000E+00  8,2319E-01
