Calc. Date= 04-27-2023. Time= 14:02:22
============================== SRIM-2013.00 ==============================
 =====================================================================
 =                   Ion Energy vs Position File                     =
 =====================================================================
 =   AXIS DEFINITIONS: X=Depth. Y.Z= Lateral plane of target surface.=
 =   (If beam enters target at an angle. this tilt is in Y direction)=
 =   Shown are: Ion Number. Energy (keV). X. Y. Z Position           =
 ==================  CALCULATION   DATA  =============================
  Ion Data: Name. Mass.   Energy . Energy Interval
           Ca     040.00  600000keV    11764705eV
 =====================================================================
Ion       Energy     Depth (X)     Y           Z       Electronic   Energy Lost to
Number    (keV)    (Angstrom)  (Angstrom)  (Angstrom)  Stop.(eV/A)  Last Recoil(eV)
------- ----------- ---------- ----------- ----------- -----------  ---------------
0000001 6.0000E+05  0.0000E+00  0.0000E+00  0.0000E+00  1.6504E-01  0.0000E+00
0000001 5.8814E+05  7.1920E+07 -2.0332E+05  1.3585E+05  1.6722E-01  1.9678E+01
0000001 5.7644E+05  1.4196E+08 -5.2042E+05  2.6678E+05  1.6942E-01  4.1280E+00
0000001 5.6451E+05  2.1380E+08 -8.1295E+05  3.5510E+05  1.7172E-01  4.7549E+00
0000001 5.5274E+05  2.8319E+08 -1.0157E+06  3.9502E+05  1.7405E-01  8.8651E+00
0000001 5.4107E+05  3.5018E+08 -1.2034E+06  3.8992E+05  1.7643E-01  6.2523E+00
0000001 5.2917E+05  4.1747E+08 -1.4083E+06  4.2257E+05  1.7891E-01  5.5521E+00
0000001 5.1751E+05  4.8240E+08 -1.6045E+06  4.8737E+05  1.8142E-01  6.9627E+00
0000001 5.0584E+05  5.4630E+08 -1.8281E+06  5.6874E+05  1.8399E-01  6.1499E+00
0000001 4.9391E+05  6.1043E+08 -2.0153E+06  6.7775E+05  1.8670E-01  5.0125E+00
0000001 4.8230E+05  6.7223E+08 -2.1594E+06  7.3983E+05  1.8942E-01  2.6153E+01
0000001 4.7054E+05  7.3423E+08 -2.2467E+06  8.1998E+05  1.9225E-01  2.3857E+01
0000001 4.5879E+05  7.9392E+08 -2.2878E+06  9.0276E+05  1.9518E-01  1.5129E+01
0000001 4.4696E+05  8.5375E+08 -2.2595E+06  1.0161E+06  1.9823E-01  1.9868E+01
0000001 4.3525E+05  9.1249E+08 -2.2307E+06  1.1146E+06  2.0134E-01  5.5478E+00
0000001 4.2345E+05  9.7012E+08 -2.1303E+06  1.1875E+06  2.0459E-01  8.3441E+00
0000001 4.1163E+05  1.0278E+09 -2.0247E+06  1.2397E+06  2.0796E-01  3.1643E+01
0000001 3.9983E+05  1.0854E+09 -1.9671E+06  1.3771E+06  2.1145E-01  4.2477E+00
0000001 3.8799E+05  1.1407E+09 -1.9203E+06  1.6090E+06  2.1511E-01  1.2991E+01
0000001 3.7626E+05  1.1949E+09 -1.8869E+06  1.8446E+06  2.1886E-01  2.2684E+01
0000001 3.6459E+05  1.2480E+09 -1.8654E+06  2.0851E+06  2.2277E-01  3.9889E+01
0000001 3.5277E+05  1.3009E+09 -1.8959E+06  2.3227E+06  2.2689E-01  5.9676E+00
0000001 3.4110E+05  1.3515E+09 -1.9029E+06  2.5963E+06  2.3114E-01  1.3844E+01
0000001 3.2941E+05  1.4020E+09 -1.8367E+06  2.8599E+06  2.3561E-01  4.7481E+00
0000001 3.1746E+05  1.4532E+09 -1.7697E+06  3.1071E+06  2.4039E-01  2.2988E+01
0000001 3.0566E+05  1.5012E+09 -1.6948E+06  3.3070E+06  2.4536E-01  5.9321E+01
0000001 2.9390E+05  1.5479E+09 -1.5831E+06  3.4625E+06  2.5057E-01  3.0329E+02
0000001 2.8216E+05  1.5942E+09 -1.4607E+06  3.5714E+06  2.5606E-01  2.2312E+01
0000001 2.7046E+05  1.6393E+09 -1.3466E+06  3.5813E+06  2.6183E-01  3.9471E+00
0000001 2.5882E+05  1.6839E+09 -1.2799E+06  3.5096E+06  2.6791E-01  1.3357E+01
0000001 2.4705E+05  1.7279E+09 -1.2740E+06  3.4480E+06  2.7441E-01  4.3362E+00
0000001 2.3512E+05  1.7713E+09 -1.3690E+06  3.4675E+06  2.8141E-01  4.6120E+00
0000001 2.2350E+05  1.8118E+09 -1.5059E+06  3.4538E+06  2.8866E-01  1.2520E+01
0000001 2.1171E+05  1.8523E+09 -1.5982E+06  3.4361E+06  2.9647E-01  8.0838E+00
0000001 1.9999E+05  1.8906E+09 -1.6838E+06  3.3611E+06  3.0474E-01  5.1217E+00
0000001 1.8806E+05  1.9294E+09 -1.9084E+06  3.2541E+06  3.1371E-01  2.3934E+01
0000001 1.7645E+05  1.9667E+09 -2.1820E+06  3.1293E+06  3.2300E-01  1.3740E+01
0000001 1.6463E+05  2.0030E+09 -2.5767E+06  3.0554E+06  3.3305E-01  6.4624E+00
0000001 1.5292E+05  2.0376E+09 -3.0390E+06  2.9702E+06  3.4362E-01  1.3858E+01
0000001 1.4104E+05  2.0722E+09 -3.4997E+06  2.8211E+06  3.5494E-01  5.6910E+00
0000001 1.2937E+05  2.1044E+09 -3.8794E+06  2.7254E+06  3.6664E-01  6.4324E+01
0000001 1.1758E+05  2.1357E+09 -4.2050E+06  2.6606E+06  3.7892E-01  1.4055E+01
0000001 1.0570E+05  2.1661E+09 -4.4428E+06  2.6581E+06  3.9161E-01  8.5572E+00
0000001 9.3993E+04  2.1956E+09 -4.7021E+06  2.5827E+06  4.0508E-01  4.6220E+00
0000001 8.2317E+04  2.2241E+09 -4.9843E+06  2.4131E+06  4.1788E-01  1.1383E+01
0000001 7.0551E+04  2.2519E+09 -5.2275E+06  2.2082E+06  4.2934E-01  1.1191E+02
0000001 5.8779E+04  2.2790E+09 -5.4925E+06  2.1207E+06  4.3993E-01  5.0478E+01
0000001 4.7030E+04  2.3055E+09 -5.8448E+06  1.9444E+06  4.4628E-01  4.5550E+00
0000001 3.5287E+04  2.3316E+09 -6.1859E+06  1.8038E+06  4.4461E-01  1.0385E+01
0000001 2.3498E+04  2.3585E+09 -6.6193E+06  1.6090E+06  4.2654E-01  1.5579E+01
0000001 1.1714E+04  2.3875E+09 -6.7195E+06  1.3730E+06  3.5951E-01  5.1054E+01
0000001 0.0000E+00  2.4399E+09 -2.2751E+06  2.0454E+06  0.0000E+00  1.1590E+00
