Calc. Date= 04-03-2023, Time= 10:18:32
============================== SRIM-2013.00 ==============================
 =====================================================================
 =                   Ion Energy vs Position File                     =
 =====================================================================
 =   AXIS DEFINITIONS: X=Depth, Y,Z= Lateral plane of target surface.=
 =   (If beam enters target at an angle, this tilt is in Y direction)=
 =   Shown are: Ion Number, Energy (keV), X, Y, Z Position           =
 ==================  CALCULATION   DATA  =============================
  Ion Data: Name, Mass,   Energy , Energy Interval
           He     004,00  5400keV    1000eV
 =====================================================================
Ion       Energy     Depth (X)     Y           Z       Electronic   Energy Lost to
Number    (keV)    (Angstrom)  (Angstrom)  (Angstrom)  Stop.(eV/A)  Last Recoil(eV)
------- ----------- ---------- ----------- ----------- -----------  ---------------
0000001 5,4000E+03  0,0000E+00  0,0000E+00  0,0000E+00  1,0254E-02  0,0000E+00
0000001 5,3290E+03  6,0885E+06 -1,3039E-01 -1,0148E+00  1,0338E-02  2,6314E+00
0000001 5,2803E+03  1,1299E+07  9,2451E+03 -2,9699E+03  1,0396E-02  5,4110E+00
0000001 5,2211E+03  1,7982E+07  3,8576E+04 -1,0774E+04  1,0468E-02  1,3024E+02
0000001 5,1444E+03  2,4605E+07  1,3657E+05 -7,2662E+04  1,0563E-02  6,6352E+00
0000001 5,0662E+03  3,1150E+07  2,3587E+05 -1,5338E+05  1,0662E-02  1,3682E+01
0000001 4,9890E+03  3,7617E+07  3,6015E+05 -2,4354E+05  1,0762E-02  6,0179E+00
0000001 4,9123E+03  4,4007E+07  4,6780E+05 -3,4342E+05  1,0863E-02  2,8041E+00
0000001 4,8342E+03  5,0319E+07  5,7777E+05 -4,2999E+05  1,0969E-02  3,1180E+00
0000001 4,7661E+03  5,6552E+07  6,9723E+05 -5,0786E+05  1,1064E-02  1,0077E+03
0000001 4,7029E+03  6,2711E+07  7,4464E+05 -8,1157E+05  1,1153E-02  1,9934E+03
0000001 4,6371E+03  6,8813E+07  7,0943E+05 -7,8965E+05  1,1249E-02  8,1179E+00
0000001 4,5742E+03  7,4847E+07  6,5373E+05 -7,7134E+05  1,1342E-02  7,2775E+00
0000001 4,5117E+03  8,0818E+07  6,1217E+05 -7,3858E+05  1,1436E-02  3,4684E+00
0000001 4,4353E+03  8,6725E+07  5,5923E+05 -6,9922E+05  1,1554E-02  2,8424E+00
0000001 4,3583E+03  9,2553E+07  4,9474E+05 -6,5863E+05  1,1676E-02  2,8577E+00
0000001 4,2980E+03  9,8302E+07  4,3784E+05 -6,0824E+05  1,1773E-02  4,9383E+00
0000001 4,2326E+03  1,0399E+08  3,8123E+05 -5,4225E+05  1,1882E-02  9,1030E+00
0000001 4,1724E+03  1,0961E+08  3,1303E+05 -4,9511E+05  1,1983E-02  4,3512E+00
0000001 4,1028E+03  1,1517E+08  2,5237E+05 -4,6191E+05  1,2104E-02  4,4941E+01
0000001 4,0402E+03  1,2065E+08  1,4625E+05 -4,4234E+05  1,2215E-02  2,9403E+00
0000001 3,9822E+03  1,2607E+08  3,0127E+04 -4,1820E+05  1,2320E-02  3,1845E+00
0000001 3,9198E+03  1,3143E+08 -9,4711E+04 -4,0215E+05  1,2436E-02  6,9210E+00
0000001 3,8565E+03  1,3672E+08 -2,0136E+05 -3,7795E+05  1,2556E-02  7,1524E+01
0000001 3,7953E+03  1,4195E+08 -3,0574E+05 -4,1371E+05  1,2675E-02  5,2054E+00
0000001 3,7310E+03  1,4711E+08 -3,9346E+05 -4,4456E+05  1,2804E-02  3,5722E+01
0000001 3,6598E+03  1,5221E+08 -4,3854E+05 -4,7006E+05  1,2949E-02  3,1415E+00
0000001 3,5904E+03  1,5723E+08 -4,8468E+05 -4,8299E+05  1,3096E-02  3,3104E+00
0000001 3,5282E+03  1,6217E+08 -5,2175E+05 -5,0510E+05  1,3231E-02  1,0491E+01
0000001 3,4576E+03  1,6705E+08 -5,3609E+05 -5,2508E+05  1,3388E-02  1,7355E+01
0000001 3,4017E+03  1,7186E+08 -5,3427E+05 -5,6838E+05  1,3516E-02  8,4383E+00
0000001 3,3365E+03  1,7660E+08 -5,1600E+05 -6,2215E+05  1,3669E-02  2,1214E+01
0000001 3,2704E+03  1,8127E+08 -5,1605E+05 -6,4963E+05  1,3829E-02  5,6734E+00
0000001 3,2096E+03  1,8588E+08 -5,0241E+05 -6,8510E+05  1,3981E-02  5,2836E+00
0000001 3,1397E+03  1,9041E+08 -5,0147E+05 -7,1103E+05  1,4160E-02  5,6617E+00
0000001 3,0790E+03  1,9488E+08 -4,8573E+05 -7,3083E+05  1,4321E-02  4,1184E+00
0000001 3,0129E+03  1,9927E+08 -4,5677E+05 -7,4977E+05  1,4501E-02  4,8491E+00
0000001 2,9494E+03  2,0359E+08 -4,1977E+05 -7,8016E+05  1,4680E-02  3,3713E+00
0000001 2,8938E+03  2,0784E+08 -3,8442E+05 -8,2206E+05  1,4841E-02  1,4911E+01
0000001 2,8332E+03  2,1203E+08 -3,2619E+05 -8,5400E+05  1,5022E-02  7,2993E+00
0000001 2,7662E+03  2,1616E+08 -2,8366E+05 -8,9486E+05  1,5229E-02  9,8195E+00
0000001 2,7080E+03  2,2020E+08 -2,2623E+05 -9,2223E+05  1,5415E-02  3,3962E+00
0000001 2,6463E+03  2,2419E+08 -1,5912E+05 -9,4394E+05  1,5618E-02  4,4220E+00
0000001 2,5900E+03  2,2810E+08 -1,0301E+05 -9,7438E+05  1,5810E-02  7,6961E+00
0000001 2,5296E+03  2,3195E+08 -3,0233E+04 -1,0047E+06  1,6022E-02  3,4922E+00
0000001 2,4726E+03  2,3573E+08  2,9921E+04 -1,0313E+06  1,6229E-02  4,5951E+00
0000001 2,4045E+03  2,3945E+08  9,8902E+04 -1,0483E+06  1,6485E-02  5,4872E+00
0000001 2,3466E+03  2,4309E+08  1,7728E+05 -1,0747E+06  1,6712E-02  9,2376E+01
0000001 2,2921E+03  2,4666E+08  2,8559E+05 -1,0502E+06  1,6931E-02  9,8774E+00
0000001 2,2299E+03  2,5017E+08  3,7282E+05 -1,0239E+06  1,7190E-02  7,2440E+00
0000001 2,1689E+03  2,5360E+08  4,6804E+05 -1,0113E+06  1,7455E-02  6,3281E+00
0000001 2,1045E+03  2,5697E+08  5,5935E+05 -1,0141E+06  1,7744E-02  5,4445E+00
0000001 2,0466E+03  2,6026E+08  6,4216E+05 -1,0293E+06  1,8014E-02  6,0161E+01
0000001 1,9852E+03  2,6348E+08  7,3667E+05 -1,0884E+06  1,8311E-02  2,3818E+01
0000001 1,9297E+03  2,6663E+08  8,3711E+05 -1,1740E+06  1,8589E-02  3,4746E+00
0000001 1,8689E+03  2,6971E+08  9,3496E+05 -1,2687E+06  1,8904E-02  1,3713E+02
0000001 1,8058E+03  2,7272E+08  9,6277E+05 -1,3522E+06  1,9243E-02  1,9666E+01
0000001 1,7510E+03  2,7565E+08  9,9840E+05 -1,4094E+06  1,9549E-02  4,1380E+00
0000001 1,6969E+03  2,7852E+08  1,0272E+06 -1,4753E+06  1,9860E-02  1,0393E+01
0000001 1,6443E+03  2,8132E+08  1,0705E+06 -1,5500E+06  2,0172E-02  2,3011E+01
0000001 1,5904E+03  2,8406E+08  1,0856E+06 -1,6238E+06  2,0502E-02  3,5316E+00
0000001 1,5384E+03  2,8672E+08  1,1110E+06 -1,6963E+06  2,0829E-02  2,7635E+01
0000001 1,4853E+03  2,8933E+08  1,1433E+06 -1,7388E+06  2,1173E-02  3,8280E+00
0000001 1,4347E+03  2,9187E+08  1,1843E+06 -1,7750E+06  2,1510E-02  5,0161E+00
0000001 1,3840E+03  2,9434E+08  1,2221E+06 -1,7982E+06  2,1856E-02  3,3769E+00
0000001 1,3299E+03  2,9675E+08  1,2519E+06 -1,8137E+06  2,2234E-02  4,8943E+00
0000001 1,2728E+03  2,9909E+08  1,2897E+06 -1,8367E+06  2,2643E-02  3,3884E+02
0000001 1,2158E+03  3,0135E+08  1,4108E+06 -1,8093E+06  2,3061E-02  5,3792E+00
0000001 1,1644E+03  3,0354E+08  1,5163E+06 -1,7866E+06  2,3445E-02  5,0827E+00
0000001 1,1150E+03  3,0566E+08  1,6108E+06 -1,7557E+06  2,3820E-02  6,2184E+00
0000001 1,0617E+03  3,0771E+08  1,6903E+06 -1,7212E+06  2,4228E-02  8,7013E+00
0000001 1,0128E+03  3,0970E+08  1,7769E+06 -1,6766E+06  2,4606E-02  5,8762E+00
0000001 9,6477E+02  3,1161E+08  1,8504E+06 -1,6402E+06  2,4978E-02  4,7692E+00
0000001 9,2228E+02  3,1346E+08  1,9131E+06 -1,6121E+06  2,5306E-02  5,4554E+00
0000001 8,7327E+02  3,1526E+08  1,9784E+06 -1,5955E+06  2,5679E-02  7,1811E+00
0000001 8,2756E+02  3,1698E+08  2,0296E+06 -1,5734E+06  2,6021E-02  9,8727E+00
0000001 7,8431E+02  3,1864E+08  2,0927E+06 -1,5583E+06  2,6333E-02  1,0250E+01
0000001 7,3957E+02  3,2023E+08  2,1387E+06 -1,5475E+06  2,6641E-02  6,7249E+00
0000001 6,9828E+02  3,2176E+08  2,1845E+06 -1,5250E+06  2,6906E-02  5,8769E+00
0000001 6,5437E+02  3,2323E+08  2,2213E+06 -1,4946E+06  2,7162E-02  3,4828E+01
0000001 6,1368E+02  3,2464E+08  2,2523E+06 -1,4924E+06  2,7366E-02  5,0831E+00
0000001 5,7763E+02  3,2598E+08  2,2832E+06 -1,4802E+06  2,7513E-02  4,7809E+00
0000001 5,4052E+02  3,2726E+08  2,3141E+06 -1,4587E+06  2,7622E-02  9,1337E+00
0000001 5,0507E+02  3,2849E+08  2,3459E+06 -1,4250E+06  2,7678E-02  4,8533E+00
0000001 4,7696E+02  3,2966E+08  2,3848E+06 -1,3973E+06  2,7680E-02  7,8972E+00
0000001 4,4476E+02  3,3079E+08  2,4282E+06 -1,3811E+06  2,7628E-02  2,5441E+01
0000001 4,1735E+02  3,3186E+08  2,4908E+06 -1,3627E+06  2,7527E-02  1,4894E+01
0000001 3,8939E+02  3,3288E+08  2,5359E+06 -1,3384E+06  2,7362E-02  1,2338E+01
0000001 3,6237E+02  3,3386E+08  2,5747E+06 -1,3293E+06  2,7131E-02  1,2541E+01
0000001 3,4080E+02  3,3479E+08  2,5972E+06 -1,3194E+06  2,6889E-02  7,1183E+00
0000001 3,1828E+02  3,3569E+08  2,6264E+06 -1,3022E+06  2,6570E-02  9,2002E+01
0000001 2,9624E+02  3,3654E+08  2,6159E+06 -1,2867E+06  2,6186E-02  8,9015E+02
0000001 2,7336E+02  3,3735E+08  2,6404E+06 -1,3847E+06  2,5699E-02  5,7475E+01
0000001 2,5593E+02  3,3811E+08  2,6537E+06 -1,5052E+06  2,5258E-02  1,3135E+01
0000001 2,3441E+02  3,3884E+08  2,6527E+06 -1,6231E+06  2,4621E-02  2,5656E+01
0000001 2,1437E+02  3,3952E+08  2,6467E+06 -1,7527E+06  2,3921E-02  2,3463E+01
0000001 2,0085E+02  3,4017E+08  2,6350E+06 -1,8579E+06  2,3383E-02  1,9638E+01
0000001 1,8695E+02  3,4079E+08  2,6074E+06 -1,9589E+06  2,2768E-02  4,1819E+00
0000001 1,7441E+02  3,4138E+08  2,5827E+06 -2,0481E+06  2,2154E-02  8,4718E+00
0000001 1,5971E+02  3,4195E+08  2,5544E+06 -2,1240E+06  2,1357E-02  4,5694E+01
0000001 1,4929E+02  3,4249E+08  2,5416E+06 -2,1759E+06  2,0735E-02  5,1834E+00
0000001 1,3706E+02  3,4300E+08  2,5219E+06 -2,2287E+06  1,9941E-02  2,2549E+01
0000001 1,2887E+02  3,4349E+08  2,5045E+06 -2,2621E+06  1,9366E-02  5,3858E+00
0000001 1,1944E+02  3,4396E+08  2,4945E+06 -2,2988E+06  1,8658E-02  1,3278E+01
0000001 1,0867E+02  3,4441E+08  2,4862E+06 -2,3213E+06  1,7783E-02  2,6848E+01
0000001 1,0236E+02  3,4483E+08  2,4868E+06 -2,3270E+06  1,7235E-02  4,8559E+01
0000001 9,5195E+01  3,4524E+08  2,4669E+06 -2,3442E+06  1,6579E-02  1,1427E+01
0000001 8,7948E+01  3,4563E+08  2,4571E+06 -2,3673E+06  1,5877E-02  5,2590E+01
0000001 8,0598E+01  3,4600E+08  2,4622E+06 -2,4083E+06  1,5120E-02  7,0680E+00
0000001 7,7310E+01  3,4635E+08  2,4759E+06 -2,4472E+06  1,4766E-02  1,2180E+01
0000001 7,2034E+01  3,4669E+08  2,4807E+06 -2,4927E+06  1,4178E-02  4,6596E+01
0000001 6,5709E+01  3,4701E+08  2,5059E+06 -2,5280E+06  1,3436E-02  5,8499E+00
0000001 6,2955E+01  3,4732E+08  2,5363E+06 -2,5652E+06  1,3100E-02  5,6643E+00
0000001 5,8010E+01  3,4762E+08  2,5719E+06 -2,6059E+06  1,2474E-02  1,0970E+01
0000001 5,5386E+01  3,4790E+08  2,6120E+06 -2,6529E+06  1,2130E-02  5,7776E+00
0000001 5,2253E+01  3,4817E+08  2,6501E+06 -2,6911E+06  1,1709E-02  1,0300E+01
0000001 4,9153E+01  3,4844E+08  2,6773E+06 -2,7308E+06  1,1278E-02  1,6629E+01
0000001 4,8089E+01  3,4869E+08  2,7130E+06 -2,7770E+06  1,1127E-02  1,2567E+01
0000001 4,3351E+01  3,4894E+08  2,7400E+06 -2,8157E+06  1,0434E-02  4,3458E+01
0000001 4,1577E+01  3,4918E+08  2,7852E+06 -2,8546E+06  1,0166E-02  4,4225E+00
0000001 3,8093E+01  3,4941E+08  2,8332E+06 -2,8874E+06  9,6229E-03  5,0172E+00
0000001 3,7222E+01  3,4962E+08  2,8751E+06 -2,9243E+06  9,4838E-03  1,3194E+01
0000001 3,4870E+01  3,4984E+08  2,9082E+06 -2,9681E+06  9,1010E-03  1,4603E+01
0000001 3,2102E+01  3,5004E+08  2,9377E+06 -2,9992E+06  8,6362E-03  1,0265E+02
0000001 3,1267E+01  3,5025E+08  2,9636E+06 -2,9987E+06  8,4930E-03  2,4617E+01
0000001 3,0001E+01  3,5044E+08  2,9786E+06 -3,0087E+06  8,2727E-03  7,9231E+00
0000001 2,7968E+01  3,5064E+08  2,9886E+06 -3,0116E+06  7,9119E-03  2,6920E+01
0000001 2,5496E+01  3,5083E+08  3,0015E+06 -2,9993E+06  7,4602E-03  1,5068E+02
0000001 2,4625E+01  3,5100E+08  3,0480E+06 -2,9780E+06  7,2978E-03  2,0931E+01
0000001 2,2926E+01  3,5132E+08  3,1688E+06 -2,9207E+06  6,9763E-03  1,6395E+01
0000001 2,1305E+01  3,5147E+08  3,2207E+06 -2,8954E+06  6,6641E-03  2,1085E+01
0000001 2,0157E+01  3,5163E+08  3,2578E+06 -2,8729E+06  6,4402E-03  5,3398E+01
0000001 1,9215E+01  3,5177E+08  3,3099E+06 -2,8392E+06  6,2554E-03  6,0690E+00
0000001 1,8012E+01  3,5191E+08  3,3558E+06 -2,8110E+06  6,0186E-03  2,5834E+02
0000001 1,6390E+01  3,5203E+08  3,4252E+06 -2,7520E+06  5,6996E-03  2,3382E+01
0000001 1,4716E+01  3,5224E+08  3,5638E+06 -2,6450E+06  5,3726E-03  1,7008E+01
0000001 1,3295E+01  3,5235E+08  3,6278E+06 -2,6081E+06  5,0969E-03  1,5459E+01
0000001 1,2002E+01  3,5246E+08  3,6793E+06 -2,5758E+06  4,8436E-03  3,1525E+01
0000001 1,0862E+01  3,5256E+08  3,7208E+06 -2,5581E+06  4,6130E-03  5,6560E+00
0000001 9,8066E+00  3,5266E+08  3,7657E+06 -2,5389E+06  4,3874E-03  3,1420E+01
0000001 7,6005E+00  3,5293E+08  3,9040E+06 -2,4963E+06  3,8606E-03  7,4554E+02
0000001 6,5141E+00  3,5294E+08  4,1648E+06 -2,5297E+06  3,5741E-03  4,5796E+01
0000001 5,8995E+00  3,5294E+08  4,2498E+06 -2,5295E+06  3,4013E-03  7,5158E+00
0000001 4,8281E+00  3,5292E+08  4,4056E+06 -2,5367E+06  3,0770E-03  1,2517E+01
0000001 3,9346E+00  3,5289E+08  4,5424E+06 -2,5584E+06  2,7778E-03  3,1178E+01
0000001 2,9674E+00  3,5277E+08  4,8635E+06 -2,7016E+06  2,4124E-03  4,9136E+00
0000001 1,7785E+00  3,5266E+08  4,9512E+06 -3,1626E+06  1,8676E-03  3,4974E+01
0000001 9,3870E-01  3,5270E+08  4,8636E+06 -3,3446E+06  1,3569E-03  1,6667E+02
0000001 0,0000E+00  3,5293E+08  4,8304E+06 -3,3845E+06  0,0000E+00  2,6707E-01
