Calc. Date= 04-27-2023. Time= 14:03:04
============================== SRIM-2013.00 ==============================
 =====================================================================
 =                   Ion Energy vs Position File                     =
 =====================================================================
 =   AXIS DEFINITIONS: X=Depth. Y.Z= Lateral plane of target surface.=
 =   (If beam enters target at an angle. this tilt is in Y direction)=
 =   Shown are: Ion Number. Energy (keV). X. Y. Z Position           =
 ==================  CALCULATION   DATA  =============================
  Ion Data: Name. Mass.   Energy . Energy Interval
           Ca     040.00  600000keV    11764705eV
 =====================================================================
Ion       Energy     Depth (X)     Y           Z       Electronic   Energy Lost to
Number    (keV)    (Angstrom)  (Angstrom)  (Angstrom)  Stop.(eV/A)  Last Recoil(eV)
------- ----------- ---------- ----------- ----------- -----------  ---------------
0000001 6.0000E+05  0.0000E+00  0.0000E+00  0.0000E+00  1.6504E-01  0.0000E+00
0000001 5.8803E+05  7.0250E+07  7.8113E+04  9.6887E+04  1.6724E-01  6.1956E+00
0000001 5.7636E+05  1.3884E+08  2.1480E+05  1.9267E+05  1.6944E-01  4.0945E+00
0000001 5.6461E+05  2.0787E+08  3.6366E+05  2.4840E+05  1.7170E-01  3.8683E+00
0000001 5.5280E+05  2.7588E+08  4.8988E+05  3.2116E+05  1.7404E-01  1.6683E+01
0000001 5.4113E+05  3.4014E+08  5.7996E+05  3.8245E+05  1.7641E-01  1.0532E+01
0000001 5.2929E+05  4.0880E+08  6.5109E+05  4.1723E+05  1.7889E-01  1.3266E+01
0000001 5.1758E+05  4.7374E+08  7.5358E+05  4.4009E+05  1.8140E-01  2.3786E+01
0000001 5.0569E+05  5.3894E+08  8.5584E+05  5.1988E+05  1.8403E-01  9.2629E+00
0000001 4.9407E+05  6.0308E+08  1.0280E+06  6.4231E+05  1.8667E-01  1.0466E+01
0000001 4.8233E+05  6.6489E+08  1.2686E+06  8.0731E+05  1.8941E-01  6.4195E+00
0000001 4.7042E+05  7.2813E+08  1.6366E+06  9.2246E+05  1.9228E-01  1.5777E+01
0000001 4.5864E+05  7.8781E+08  2.0386E+06  1.0590E+06  1.9522E-01  5.2081E+00
0000001 4.4688E+05  8.4763E+08  2.4078E+06  1.2833E+06  1.9825E-01  6.8287E+00
0000001 4.3522E+05  9.0518E+08  2.8042E+06  1.5528E+06  2.0135E-01  5.0884E+00
0000001 4.2348E+05  9.6281E+08  3.2584E+06  1.8283E+06  2.0458E-01  3.8373E+00
0000001 4.1164E+05  1.0193E+09  3.6896E+06  2.0877E+06  2.0796E-01  8.1407E+00
0000001 3.9987E+05  1.0747E+09  4.0855E+06  2.3113E+06  2.1144E-01  2.6033E+01
0000001 3.8805E+05  1.1290E+09  4.4240E+06  2.5729E+06  2.1509E-01  4.6712E+00
0000001 3.7629E+05  1.1853E+09  4.7031E+06  2.9241E+06  2.1885E-01  6.1216E+01
0000001 3.6461E+05  1.2384E+09  4.9376E+06  3.3093E+06  2.2276E-01  7.5530E+00
0000001 3.5283E+05  1.2902E+09  5.2163E+06  3.6898E+06  2.2687E-01  6.4685E+01
0000001 3.4102E+05  1.3419E+09  5.4932E+06  4.0902E+06  2.3117E-01  1.0266E+01
0000001 3.2925E+05  1.3924E+09  5.8379E+06  4.4213E+06  2.3567E-01  6.0735E+00
0000001 3.1762E+05  1.4407E+09  6.2012E+06  4.7812E+06  2.4033E-01  6.0866E+00
0000001 3.0577E+05  1.4896E+09  6.5707E+06  5.1567E+06  2.4531E-01  8.8224E+00
0000001 2.9411E+05  1.5364E+09  6.9078E+06  5.5315E+06  2.5048E-01  7.4243E+00
0000001 2.8229E+05  1.5819E+09  7.2151E+06  5.9650E+06  2.5600E-01  2.4299E+01
0000001 2.7047E+05  1.6278E+09  7.5510E+06  6.3816E+06  2.6183E-01  1.6726E+01
0000001 2.5861E+05  1.6723E+09  7.8281E+06  6.8372E+06  2.6802E-01  4.8096E+00
0000001 2.4690E+05  1.7163E+09  8.0686E+06  7.3538E+06  2.7449E-01  7.8918E+00
0000001 2.3520E+05  1.7582E+09  8.2332E+06  7.9151E+06  2.8137E-01  1.4077E+02
0000001 2.2347E+05  1.7986E+09  8.4005E+06  8.5039E+06  2.8867E-01  1.2471E+01
0000001 2.1157E+05  1.8399E+09  8.5466E+06  9.1041E+06  2.9657E-01  1.7814E+01
0000001 1.9986E+05  1.8796E+09  8.6674E+06  9.5932E+06  3.0484E-01  3.7220E+01
0000001 1.8817E+05  1.9178E+09  8.8024E+06  1.0098E+07  3.1363E-01  2.6027E+01
0000001 1.7638E+05  1.9544E+09  8.9700E+06  1.0708E+07  3.2306E-01  4.3219E+00
0000001 1.6455E+05  1.9907E+09  9.1628E+06  1.1371E+07  3.3311E-01  1.2246E+01
0000001 1.5280E+05  2.0258E+09  9.3027E+06  1.1957E+07  3.4373E-01  2.9270E+01
0000001 1.4117E+05  2.0587E+09  9.4167E+06  1.2463E+07  3.5481E-01  7.5794E+01
0000001 1.2934E+05  2.0915E+09  9.5382E+06  1.2930E+07  3.6667E-01  5.1311E+01
0000001 1.1754E+05  2.1234E+09  9.6600E+06  1.3335E+07  3.7897E-01  4.8556E+01
0000001 1.0581E+05  2.1537E+09  9.8253E+06  1.3714E+07  3.9150E-01  6.2377E+00
0000001 9.4062E+04  2.1832E+09  1.0050E+07  1.4148E+07  4.0497E-01  5.5067E+00
0000001 8.2290E+04  2.2117E+09  1.0379E+07  1.4691E+07  4.1789E-01  1.4587E+01
0000001 7.0533E+04  2.2392E+09  1.0717E+07  1.5090E+07  4.2936E-01  8.1563E+00
0000001 5.8762E+04  2.2659E+09  1.1000E+07  1.5399E+07  4.3994E-01  1.8015E+01
0000001 4.7049E+04  2.2924E+09  1.1367E+07  1.5549E+07  4.4627E-01  5.6294E+00
0000001 3.5203E+04  2.3187E+09  1.1888E+07  1.5598E+07  4.4455E-01  4.0633E+00
0000001 2.3518E+04  2.3450E+09  1.2575E+07  1.5677E+07  4.2660E-01  2.2858E+01
0000001 1.1742E+04  2.3748E+09  1.2953E+07  1.5622E+07  3.5982E-01  8.0939E+00
0000001 0.0000E+00  2.4299E+09  6.5729E+06  1.4355E+07  0.0000E+00  1.0823E+00
