Calc. Date= 04-27-2023. Time= 13:54:35
============================== SRIM-2013.00 ==============================
 =====================================================================
 =                   Ion Energy vs Position File                     =
 =====================================================================
 =   AXIS DEFINITIONS: X=Depth. Y.Z= Lateral plane of target surface.=
 =   (If beam enters target at an angle. this tilt is in Y direction)=
 =   Shown are: Ion Number. Energy (keV). X. Y. Z Position           =
 ==================  CALCULATION   DATA  =============================
  Ion Data: Name. Mass.   Energy . Energy Interval
           Ca     040.00  800000keV    15686274eV
 =====================================================================
Ion       Energy     Depth (X)     Y           Z       Electronic   Energy Lost to
Number    (keV)    (Angstrom)  (Angstrom)  (Angstrom)  Stop.(eV/A)  Last Recoil(eV)
------- ----------- ---------- ----------- ----------- -----------  ---------------
0000001 8.0000E+05  0.0000E+00  0.0000E+00  0.0000E+00  1.3515E-01  0.0000E+00
0000001 7.8422E+05  1.1667E+08 -5.3034E+02  5.9140E+03  1.3711E-01  7.6694E+00
0000001 7.6844E+05  2.3267E+08 -1.1315E+04 -5.2899E+04  1.3912E-01  2.0033E+01
0000001 7.5282E+05  3.4348E+08 -6.6273E+04 -2.2124E+05  1.4118E-01  5.7025E+00
0000001 7.3715E+05  4.5264E+08 -1.1504E+05 -3.6404E+05  1.4331E-01  2.0589E+02
0000001 7.2137E+05  5.6182E+08 -1.6968E+05 -4.6617E+05  1.4553E-01  2.9413E+00
0000001 7.0570E+05  6.6929E+08 -7.8008E+04 -6.1322E+05  1.4780E-01  4.3082E+00
0000001 6.9014E+05  7.7505E+08  8.6934E+04 -6.4289E+05  1.5012E-01  8.2387E+00
0000001 6.7437E+05  8.8071E+08  3.5587E+05 -4.8877E+05  1.5254E-01  4.0388E+00
0000001 6.5871E+05  9.8148E+08  6.9280E+05 -3.4673E+05  1.5502E-01  7.8114E+00
0000001 6.4307E+05  1.0821E+09  9.7156E+05 -1.6594E+05  1.5758E-01  6.4359E+00
0000001 6.2730E+05  1.1840E+09  1.3223E+06 -4.7429E+04  1.6024E-01  1.6678E+01
0000001 6.1158E+05  1.2811E+09  1.8133E+06  4.0120E+04  1.6297E-01  3.9703E+00
0000001 5.9605E+05  1.3735E+09  2.2400E+06  6.1837E+04  1.6577E-01  9.3813E+00
0000001 5.8038E+05  1.4685E+09  2.3501E+06 -9.8713E+03  1.6868E-01  6.7203E+00
0000001 5.6453E+05  1.5617E+09  2.3995E+06 -2.3936E+05  1.7172E-01  5.7615E+00
0000001 5.4896E+05  1.6503E+09  2.4695E+06 -4.3569E+05  1.7482E-01  1.4959E+01
0000001 5.3319E+05  1.7385E+09  2.5871E+06 -6.8463E+05  1.7807E-01  7.2269E+01
0000001 5.1763E+05  1.8249E+09  2.6752E+06 -1.0009E+06  1.8139E-01  4.8976E+01
0000001 5.0184E+05  1.9107E+09  2.7179E+06 -1.2300E+06  1.8489E-01  3.9422E+00
0000001 4.8611E+05  1.9946E+09  2.8222E+06 -1.4671E+06  1.8852E-01  5.3545E+01
0000001 4.7041E+05  2.0755E+09  3.0024E+06 -1.6974E+06  1.9229E-01  8.6838E+00
0000001 4.5485E+05  2.1568E+09  3.2430E+06 -1.9599E+06  1.9619E-01  4.6641E+00
0000001 4.3908E+05  2.2375E+09  3.4707E+06 -2.1866E+06  2.0031E-01  4.5270E+00
0000001 4.2351E+05  2.3138E+09  3.7096E+06 -2.3622E+06  2.0457E-01  6.4685E+00
0000001 4.0784E+05  2.3915E+09  3.8837E+06 -2.5114E+06  2.0907E-01  1.2838E+01
0000001 3.9209E+05  2.4650E+09  3.7756E+06 -2.6725E+06  2.1383E-01  1.3476E+01
0000001 3.7629E+05  2.5397E+09  3.2951E+06 -2.9129E+06  2.1886E-01  1.5164E+01
0000001 3.6068E+05  2.6101E+09  2.9624E+06 -3.1645E+06  2.2411E-01  1.0214E+01
0000001 3.4505E+05  2.6805E+09  2.6150E+06 -3.4104E+06  2.2968E-01  5.8758E+01
0000001 3.2927E+05  2.7477E+09  2.2803E+06 -3.6762E+06  2.3566E-01  2.9829E+00
0000001 3.1362E+05  2.8128E+09  1.9283E+06 -3.9168E+06  2.4199E-01  3.5188E+00
0000001 2.9801E+05  2.8757E+09  1.5261E+06 -4.1224E+06  2.4872E-01  1.6638E+01
0000001 2.8226E+05  2.9381E+09  1.1398E+06 -4.2759E+06  2.5601E-01  8.6530E+01
0000001 2.6660E+05  2.9973E+09  8.3561E+05 -4.3060E+06  2.6381E-01  3.6538E+01
0000001 2.5088E+05  3.0550E+09  4.7912E+05 -4.2049E+06  2.7225E-01  1.3058E+01
0000001 2.3523E+05  3.1119E+09  1.2560E+05 -4.0398E+06  2.8135E-01  3.8534E+00
0000001 2.1950E+05  3.1670E+09 -4.1321E+04 -3.8510E+06  2.9125E-01  6.4605E+00
0000001 2.0375E+05  3.2210E+09 -2.8844E+05 -3.4991E+06  3.0204E-01  5.4247E+00
0000001 1.8808E+05  3.2715E+09 -6.8934E+05 -3.1860E+06  3.1370E-01  1.1701E+01
0000001 1.7248E+05  3.3200E+09 -1.2417E+06 -2.8054E+06  3.2631E-01  1.7946E+01
0000001 1.5685E+05  3.3663E+09 -1.8713E+06 -2.5585E+06  3.4000E-01  8.1230E+00
0000001 1.4113E+05  3.4113E+09 -2.3934E+06 -2.1599E+06  3.5486E-01  7.1110E+00
0000001 1.2536E+05  3.4552E+09 -2.8758E+06 -1.7881E+06  3.7077E-01  1.6050E+01
0000001 1.0975E+05  3.4967E+09 -3.2777E+06 -1.3105E+06  3.8727E-01  5.0925E+01
0000001 9.4116E+04  3.5367E+09 -3.6037E+06 -9.8970E+05  4.0490E-01  5.8212E+00
0000001 7.8305E+04  3.5750E+09 -4.0128E+06 -5.3307E+05  4.2114E-01  1.9580E+01
0000001 6.2630E+04  3.6119E+09 -4.5549E+06 -2.8167E+04  4.3680E-01  5.5281E+00
0000001 4.7016E+04  3.6467E+09 -4.7701E+06  6.2307E+05  4.4628E-01  6.6726E+00
0000001 3.1315E+04  3.6821E+09 -4.7044E+06  1.4583E+06  4.4104E-01  5.5054E+00
0000001 1.5646E+04  3.7189E+09 -4.4435E+06  2.5097E+06  3.9283E-01  2.7116E+01
0000001 0.0000E+00  3.7976E+09 -3.9150E+06  6.8534E+06  0.0000E+00  9.2006E-01
