Calc. Date= 04-04-2023. Time= 13:52:34
============================== SRIM-2013.00 ==============================
 =====================================================================
 =                   Ion Energy vs Position File                     =
 =====================================================================
 =   AXIS DEFINITIONS: X=Depth. Y.Z= Lateral plane of target surface.=
 =   (If beam enters target at an angle. this tilt is in Y direction)=
 =   Shown are: Ion Number. Energy (keV). X. Y. Z Position           =
 ==================  CALCULATION   DATA  =============================
  Ion Data: Name. Mass.   Energy . Energy Interval
           Li     006.00  10000keV    10000eV
 =====================================================================
Ion       Energy     Depth (X)     Y           Z       Electronic   Energy Lost to
Number    (keV)    (Angstrom)  (Angstrom)  (Angstrom)  Stop.(eV/A)  Last Recoil(eV)
------- ----------- ---------- ----------- ----------- -----------  ---------------
0000001 1.0000E+04  0.0000E+00  0.0000E+00  0.0000E+00  2.2979E-02  0.0000E+00
0000001 9.9737E+03  9.5657E+05  5.3606E-02 -5.4715E-02  2.3024E-02  2.0127E+00
0000001 9.9476E+03  2.0346E+06 -3.3278E+02  7.9279E+02  2.3069E-02  1.0054E+00
0000001 9.8463E+03  6.3898E+06 -2.5216E+03  6.3103E+03  2.3243E-02  5.7418E+00
0000001 9.7367E+03  1.0710E+07 -3.2535E+03  6.0924E+03  2.3435E-02  1.0879E+01
0000001 9.6351E+03  1.4992E+07 -8.6406E+03  1.2444E+04  2.3616E-02  7.1184E+01
0000001 9.5408E+03  1.9238E+07 -2.0757E+03  2.0085E+03  2.3785E-02  2.8690E+00
0000001 9.4453E+03  2.3452E+07  7.6489E+03 -7.7302E+03  2.3960E-02  4.4661E+01
0000001 9.3369E+03  2.7632E+07  2.8019E+04 -5.2820E+03  2.4161E-02  4.2054E+00
0000001 9.2465E+03  3.1774E+07  4.5594E+04  1.3461E+03  2.4331E-02  3.1971E+01
0000001 9.1383E+03  3.5885E+07  5.8293E+04 -4.8243E+03  2.4539E-02  4.4869E+00
0000001 9.0294E+03  3.9957E+07  6.6399E+04 -1.3338E+04  2.4751E-02  2.5449E+00
0000001 8.9191E+03  4.3991E+07  7.5326E+04 -1.8877E+04  2.4969E-02  5.4923E+00
0000001 8.8209E+03  4.7986E+07  8.8948E+04 -2.1487E+04  2.5167E-02  8.6807E+00
0000001 8.7153E+03  5.1947E+07  9.5680E+04 -2.5816E+04  2.5383E-02  4.0368E+00
0000001 8.6045E+03  5.5870E+07  1.0277E+05 -3.3858E+04  2.5613E-02  5.1903E+00
0000001 8.5141E+03  5.9754E+07  1.0476E+05 -3.9957E+04  2.5804E-02  2.0993E+01
0000001 8.4143E+03  6.3606E+07  1.0563E+05 -5.6712E+04  2.6018E-02  1.6246E+01
0000001 8.3117E+03  6.7422E+07  1.1307E+05 -7.6905E+04  2.6242E-02  3.9250E+00
0000001 8.2227E+03  7.1202E+07  1.1946E+05 -9.2386E+04  2.6439E-02  1.3783E+01
0000001 8.1133E+03  7.4949E+07  1.2947E+05 -9.9921E+04  2.6685E-02  3.9020E+00
0000001 8.0090E+03  7.8658E+07  1.3491E+05 -1.0640E+05  2.6924E-02  2.6180E+01
0000001 7.9046E+03  8.2329E+07  1.4880E+05 -1.0462E+05  2.7168E-02  7.8022E+00
0000001 7.8121E+03  8.5963E+07  1.5820E+05 -1.0555E+05  2.7386E-02  7.6103E+00
0000001 7.7074E+03  8.9563E+07  1.6126E+05 -1.0739E+05  2.7638E-02  5.9173E+00
0000001 7.6130E+03  9.3125E+07  1.6113E+05 -1.1378E+05  2.7869E-02  2.0049E+01
0000001 7.5203E+03  9.6653E+07  1.6021E+05 -1.3026E+05  2.8100E-02  4.1776E+00
0000001 7.4165E+03  1.0015E+08  1.6145E+05 -1.4358E+05  2.8362E-02  2.7768E+00
0000001 7.3161E+03  1.0360E+08  1.6347E+05 -1.5965E+05  2.8620E-02  1.2721E+01
0000001 7.2240E+03  1.0702E+08  1.7346E+05 -1.7473E+05  2.8860E-02  6.6579E+00
0000001 7.1335E+03  1.1041E+08  1.7888E+05 -1.8855E+05  2.9100E-02  2.9047E+01
0000001 7.0283E+03  1.1376E+08  1.8413E+05 -2.1428E+05  2.9384E-02  2.2149E+01
0000001 6.9303E+03  1.1708E+08  1.8092E+05 -2.4595E+05  2.9653E-02  8.3289E+00
0000001 6.8346E+03  1.2036E+08  1.8292E+05 -2.8103E+05  2.9920E-02  1.2540E+01
0000001 6.7334E+03  1.2360E+08  1.7828E+05 -3.1158E+05  3.0207E-02  7.6087E+00
0000001 6.6361E+03  1.2681E+08  1.7271E+05 -3.3579E+05  3.0487E-02  5.7175E+00
0000001 6.5440E+03  1.2998E+08  1.6261E+05 -3.5719E+05  3.0757E-02  8.5107E+00
0000001 6.4461E+03  1.3311E+08  1.5385E+05 -3.7212E+05  3.1049E-02  4.4688E+00
0000001 6.3433E+03  1.3621E+08  1.4955E+05 -3.8829E+05  3.1360E-02  1.5623E+01
0000001 6.2553E+03  1.3927E+08  1.4340E+05 -4.1258E+05  3.1631E-02  4.0554E+00
0000001 6.1689E+03  1.4230E+08  1.3535E+05 -4.3944E+05  3.1901E-02  1.4653E+01
0000001 6.0816E+03  1.4529E+08  1.1916E+05 -4.6589E+05  3.2178E-02  7.4655E+00
0000001 5.9784E+03  1.4826E+08  1.0550E+05 -4.8804E+05  3.2510E-02  5.6966E+01
0000001 5.8877E+03  1.5118E+08  1.0737E+05 -5.0520E+05  3.2808E-02  6.1325E+00
0000001 5.7893E+03  1.5407E+08  1.0986E+05 -5.1695E+05  3.3135E-02  2.8373E+00
0000001 5.6956E+03  1.5692E+08  1.0989E+05 -5.2999E+05  3.3452E-02  2.2020E+01
0000001 5.6052E+03  1.5974E+08  1.1630E+05 -5.3537E+05  3.3763E-02  2.3052E+01
0000001 5.5131E+03  1.6252E+08  1.1391E+05 -5.3573E+05  3.4084E-02  8.2249E+00
0000001 5.4222E+03  1.6526E+08  1.0808E+05 -5.4094E+05  3.4405E-02  2.9669E+01
0000001 5.3246E+03  1.6797E+08  1.0488E+05 -5.5707E+05  3.4756E-02  8.7226E+00
0000001 5.2314E+03  1.7065E+08  1.0438E+05 -5.7845E+05  3.5096E-02  7.2593E+00
0000001 5.1421E+03  1.7328E+08  1.0464E+05 -5.9406E+05  3.5427E-02  5.3599E+00
0000001 5.0580E+03  1.7589E+08  1.0963E+05 -6.0961E+05  3.5743E-02  5.5939E+00
0000001 4.9706E+03  1.7846E+08  1.1925E+05 -6.2597E+05  3.6075E-02  8.0106E+00
0000001 4.8837E+03  1.8099E+08  1.2306E+05 -6.4144E+05  3.6410E-02  3.2330E+00
0000001 4.7870E+03  1.8350E+08  1.2430E+05 -6.5530E+05  3.6787E-02  9.8144E+00
0000001 4.6875E+03  1.8596E+08  1.2081E+05 -6.7310E+05  3.7180E-02  1.0521E+01
0000001 4.5935E+03  1.8838E+08  1.2175E+05 -6.9332E+05  3.7557E-02  6.2169E+00
0000001 4.5052E+03  1.9077E+08  1.1877E+05 -7.1019E+05  3.7916E-02  1.4543E+01
0000001 4.4095E+03  1.9312E+08  1.0900E+05 -7.2993E+05  3.8309E-02  5.0878E+00
0000001 4.3148E+03  1.9544E+08  9.4973E+04 -7.4906E+05  3.8702E-02  5.3440E+00
0000001 4.2241E+03  1.9771E+08  8.5206E+04 -7.6586E+05  3.9083E-02  6.9652E+00
0000001 4.1279E+03  1.9995E+08  8.0703E+04 -7.8208E+05  3.9491E-02  4.5928E+00
0000001 4.0341E+03  2.0215E+08  8.0328E+04 -7.9883E+05  3.9891E-02  4.3777E+00
0000001 3.9405E+03  2.0432E+08  8.3361E+04 -8.1742E+05  4.0294E-02  9.4338E+00
0000001 3.8534E+03  2.0644E+08  8.9452E+04 -8.4063E+05  4.0672E-02  3.0959E+01
0000001 3.7637E+03  2.0853E+08  1.0534E+05 -8.6705E+05  4.1063E-02  9.4236E+00
0000001 3.6794E+03  2.1058E+08  1.1779E+05 -8.9633E+05  4.1432E-02  1.6737E+01
0000001 3.5933E+03  2.1260E+08  1.2239E+05 -9.2570E+05  4.1809E-02  2.0172E+01
0000001 3.5071E+03  2.1458E+08  1.3333E+05 -9.5623E+05  4.2187E-02  7.0997E+01
0000001 3.4328E+03  2.1652E+08  1.3694E+05 -1.0000E+06  4.2513E-02  1.9364E+01
0000001 3.3436E+03  2.1844E+08  1.3480E+05 -1.0489E+06  4.2902E-02  2.0450E+01
0000001 3.2583E+03  2.2031E+08  1.2576E+05 -1.1013E+06  4.3272E-02  1.0775E+01
0000001 3.1810E+03  2.2216E+08  1.1837E+05 -1.1482E+06  4.3605E-02  8.3216E+00
0000001 3.0969E+03  2.2396E+08  1.1197E+05 -1.1993E+06  4.3964E-02  1.5291E+02
0000001 3.0156E+03  2.2573E+08  1.2662E+05 -1.2567E+06  4.4306E-02  6.3981E+00
0000001 2.9365E+03  2.2747E+08  1.4107E+05 -1.3175E+06  4.4633E-02  6.9050E+00
0000001 2.8664E+03  2.2917E+08  1.5966E+05 -1.3757E+06  4.4916E-02  7.8059E+00
0000001 2.7903E+03  2.3084E+08  1.7941E+05 -1.4282E+06  4.5217E-02  3.7759E+00
0000001 2.7133E+03  2.3248E+08  2.0150E+05 -1.4816E+06  4.5512E-02  1.1179E+01
0000001 2.6381E+03  2.3409E+08  2.1910E+05 -1.5361E+06  4.5791E-02  3.9224E+00
0000001 2.5630E+03  2.3566E+08  2.3297E+05 -1.5890E+06  4.6057E-02  6.0119E+00
0000001 2.4926E+03  2.3720E+08  2.4319E+05 -1.6382E+06  4.6294E-02  1.6064E+02
0000001 2.4272E+03  2.3870E+08  2.4235E+05 -1.7050E+06  4.6501E-02  4.5943E+01
0000001 2.3644E+03  2.4018E+08  2.4765E+05 -1.7608E+06  4.6688E-02  4.9410E+00
0000001 2.2960E+03  2.4163E+08  2.5083E+05 -1.8187E+06  4.6877E-02  6.1165E+00
0000001 2.2337E+03  2.4305E+08  2.5238E+05 -1.8715E+06  4.7033E-02  3.4037E+00
0000001 2.1659E+03  2.4444E+08  2.5613E+05 -1.9223E+06  4.7184E-02  3.8287E+00
0000001 2.1015E+03  2.4580E+08  2.6176E+05 -1.9745E+06  4.7307E-02  2.7879E+01
0000001 2.0357E+03  2.4712E+08  2.7478E+05 -2.0298E+06  4.7410E-02  1.4646E+01
0000001 1.9759E+03  2.4842E+08  2.9238E+05 -2.0845E+06  4.7481E-02  1.7013E+01
0000001 1.9157E+03  2.4969E+08  3.1455E+05 -2.1399E+06  4.7530E-02  7.5097E+00
0000001 1.8577E+03  2.5093E+08  3.3219E+05 -2.1923E+06  4.7553E-02  2.3072E+02
0000001 1.8006E+03  2.5215E+08  3.6916E+05 -2.2297E+06  4.7550E-02  7.2864E+01
0000001 1.7493E+03  2.5333E+08  4.0843E+05 -2.2794E+06  4.7525E-02  1.6813E+01
0000001 1.6926E+03  2.5450E+08  4.4317E+05 -2.3333E+06  4.7468E-02  6.9808E+00
0000001 1.6434E+03  2.5563E+08  4.7389E+05 -2.3852E+06  4.7394E-02  5.7002E+02
0000001 1.5934E+03  2.5674E+08  4.6836E+05 -2.4266E+06  4.7292E-02  1.5929E+01
0000001 1.5372E+03  2.5783E+08  4.6228E+05 -2.4732E+06  4.7143E-02  6.0340E+00
0000001 1.4832E+03  2.5889E+08  4.5425E+05 -2.5217E+06  4.6964E-02  2.1770E+01
0000001 1.4314E+03  2.5992E+08  4.4937E+05 -2.5625E+06  4.6755E-02  4.3608E+00
0000001 1.3832E+03  2.6092E+08  4.4151E+05 -2.6027E+06  4.6526E-02  6.2447E+00
0000001 1.3386E+03  2.6190E+08  4.3701E+05 -2.6400E+06  4.6283E-02  8.9262E+00
0000001 1.2968E+03  2.6286E+08  4.2944E+05 -2.6734E+06  4.6026E-02  9.3278E+00
0000001 1.2536E+03  2.6380E+08  4.1948E+05 -2.7097E+06  4.5728E-02  1.1285E+01
0000001 1.2142E+03  2.6472E+08  4.1433E+05 -2.7469E+06  4.5426E-02  5.3997E+00
0000001 1.1689E+03  2.6561E+08  4.0661E+05 -2.7852E+06  4.5042E-02  4.1416E+00
0000001 1.1260E+03  2.6648E+08  3.9850E+05 -2.8254E+06  4.4638E-02  6.1201E+00
0000001 1.0900E+03  2.6733E+08  3.8832E+05 -2.8629E+06  4.4268E-02  2.5616E+01
0000001 1.0579E+03  2.6816E+08  3.7426E+05 -2.8937E+06  4.3913E-02  1.3293E+01
0000001 1.0182E+03  2.6897E+08  3.6083E+05 -2.9187E+06  4.3439E-02  5.6636E+00
0000001 9.8311E+02  2.6976E+08  3.4918E+05 -2.9461E+06  4.2987E-02  2.1162E+01
0000001 9.4795E+02  2.7053E+08  3.4003E+05 -2.9668E+06  4.2501E-02  1.8945E+01
0000001 9.1177E+02  2.7128E+08  3.3269E+05 -2.9928E+06  4.1963E-02  1.6680E+02
0000001 8.8399E+02  2.7201E+08  3.4272E+05 -3.0218E+06  4.1524E-02  1.9604E+01
0000001 8.5427E+02  2.7272E+08  3.5609E+05 -3.0455E+06  4.1028E-02  3.2014E+00
0000001 8.2889E+02  2.7342E+08  3.7048E+05 -3.0699E+06  4.0582E-02  6.9559E+00
0000001 8.0457E+02  2.7411E+08  3.8696E+05 -3.0913E+06  4.0134E-02  8.9687E+00
0000001 7.7658E+02  2.7478E+08  4.0005E+05 -3.1147E+06  3.9593E-02  1.2138E+01
0000001 7.5167E+02  2.7543E+08  4.1119E+05 -3.1419E+06  3.9088E-02  3.4137E+00
0000001 7.2815E+02  2.7607E+08  4.2356E+05 -3.1673E+06  3.8590E-02  5.2814E+00
0000001 7.0414E+02  2.7669E+08  4.3758E+05 -3.1907E+06  3.8060E-02  5.5198E+01
0000001 6.7722E+02  2.7730E+08  4.4267E+05 -3.2093E+06  3.7438E-02  4.1024E+00
0000001 6.5288E+02  2.7790E+08  4.4895E+05 -3.2257E+06  3.6850E-02  6.9542E+00
0000001 6.3095E+02  2.7848E+08  4.5837E+05 -3.2424E+06  3.6298E-02  2.2328E+01
0000001 6.1187E+02  2.7905E+08  4.7083E+05 -3.2537E+06  3.5801E-02  3.8519E+01
0000001 5.9094E+02  2.7960E+08  4.8194E+05 -3.2724E+06  3.5236E-02  2.5131E+01
0000001 5.7541E+02  2.8014E+08  4.8851E+05 -3.2954E+06  3.4804E-02  7.8625E+00
0000001 5.5447E+02  2.8068E+08  4.9158E+05 -3.3189E+06  3.4203E-02  1.7158E+01
0000001 5.3697E+02  2.8119E+08  4.9722E+05 -3.3449E+06  3.3684E-02  4.3262E+00
0000001 5.2122E+02  2.8170E+08  5.0027E+05 -3.3710E+06  3.3204E-02  6.9803E+00
0000001 5.0513E+02  2.8220E+08  5.0355E+05 -3.3934E+06  3.2700E-02  4.6684E+00
0000001 4.9113E+02  2.8269E+08  5.0558E+05 -3.4177E+06  3.2250E-02  1.3428E+01
0000001 4.7747E+02  2.8316E+08  5.1113E+05 -3.4389E+06  3.1800E-02  1.1175E+01
0000001 4.6247E+02  2.8363E+08  5.1624E+05 -3.4636E+06  3.1295E-02  1.4662E+01
0000001 4.5106E+02  2.8409E+08  5.1824E+05 -3.4844E+06  3.0903E-02  6.4582E+00
0000001 4.3754E+02  2.8454E+08  5.2244E+05 -3.5057E+06  3.0428E-02  2.7408E+01
0000001 4.2419E+02  2.8499E+08  5.2577E+05 -3.5328E+06  2.9947E-02  7.8821E+00
0000001 4.0963E+02  2.8542E+08  5.2771E+05 -3.5563E+06  2.9412E-02  1.1178E+01
0000001 3.8547E+02  2.8626E+08  5.2577E+05 -3.6035E+06  2.8493E-02  5.5190E+00
0000001 3.7202E+02  2.8666E+08  5.2695E+05 -3.6301E+06  2.7965E-02  1.5474E+02
0000001 3.5947E+02  2.8706E+08  5.3572E+05 -3.6647E+06  2.7462E-02  4.6207E+00
0000001 3.4707E+02  2.8745E+08  5.4678E+05 -3.6985E+06  2.6954E-02  1.0963E+01
0000001 3.3413E+02  2.8783E+08  5.5518E+05 -3.7345E+06  2.6412E-02  7.0913E+01
0000001 3.2467E+02  2.8819E+08  5.7180E+05 -3.7650E+06  2.6008E-02  4.2804E+00
0000001 3.1751E+02  2.8856E+08  5.8624E+05 -3.7950E+06  2.5698E-02  2.2058E+01
0000001 3.0703E+02  2.8891E+08  5.9668E+05 -3.8282E+06  2.5238E-02  1.1800E+01
0000001 2.9826E+02  2.8926E+08  6.0691E+05 -3.8577E+06  2.4846E-02  2.5842E+01
0000001 2.8041E+02  2.8994E+08  6.3779E+05 -3.9198E+06  2.4029E-02  2.7220E+02
0000001 2.7158E+02  2.9027E+08  6.4243E+05 -3.9639E+06  2.3616E-02  6.4031E+00
0000001 2.6630E+02  2.9059E+08  6.4452E+05 -4.0084E+06  2.3366E-02  3.9132E+01
0000001 2.5657E+02  2.9090E+08  6.4045E+05 -4.0555E+06  2.2898E-02  6.4879E+00
0000001 2.4944E+02  2.9121E+08  6.3598E+05 -4.0987E+06  2.2551E-02  1.5900E+01
0000001 2.3468E+02  2.9182E+08  6.2431E+05 -4.1753E+06  2.1817E-02  3.7729E+00
0000001 2.2807E+02  2.9211E+08  6.2046E+05 -4.2099E+06  2.1482E-02  1.3790E+01
0000001 2.1941E+02  2.9240E+08  6.1792E+05 -4.2468E+06  2.1037E-02  1.8382E+01
0000001 2.0619E+02  2.9295E+08  6.1856E+05 -4.3236E+06  2.0344E-02  5.4786E+01
0000001 1.9867E+02  2.9322E+08  6.1698E+05 -4.3524E+06  1.9942E-02  1.2906E+01
0000001 1.8992E+02  2.9374E+08  6.0750E+05 -4.4060E+06  1.9467E-02  2.1723E+01
0000001 1.7894E+02  2.9425E+08  6.0965E+05 -4.4569E+06  1.8860E-02  2.6968E+01
0000001 1.6570E+02  2.9498E+08  6.2499E+05 -4.5285E+06  1.8110E-02  2.1673E+02
0000001 1.5890E+02  2.9521E+08  6.5280E+05 -4.5556E+06  1.7716E-02  4.1568E+02
0000001 1.4965E+02  2.9587E+08  7.4225E+05 -4.6851E+06  1.7172E-02  9.8934E+00
0000001 1.3563E+02  2.9672E+08  8.7638E+05 -4.8491E+06  1.6323E-02  1.0703E+01
0000001 1.2791E+02  2.9711E+08  9.4981E+05 -4.9542E+06  1.5842E-02  5.9549E+00
0000001 1.1950E+02  2.9748E+08  1.0274E+06 -5.0528E+06  1.5304E-02  1.6850E+02
0000001 1.0800E+02  2.9838E+08  1.1840E+06 -5.3271E+06  1.4539E-02  9.3140E+00
0000001 9.8165E+01  2.9871E+08  1.2412E+06 -5.4401E+06  1.3853E-02  4.5799E+00
0000001 8.9363E+01  2.9903E+08  1.2924E+06 -5.5491E+06  1.3209E-02  6.4550E+00
0000001 7.8139E+01  2.9976E+08  1.4263E+06 -5.8065E+06  1.2335E-02  1.8132E+01
0000001 6.9886E+01  3.0031E+08  1.5010E+06 -5.9733E+06  1.1649E-02  2.3124E+02
0000001 5.8402E+01  3.0135E+08  1.5333E+06 -6.2381E+06  1.0622E-02  6.2253E+00
0000001 4.9630E+01  3.0262E+08  1.6785E+06 -6.6074E+06  9.7692E-03  9.1987E+00
0000001 3.9740E+01  3.0343E+08  1.8002E+06 -6.8838E+06  8.7193E-03  5.5165E+01
0000001 2.9743E+01  3.0436E+08  1.8979E+06 -7.3244E+06  7.5303E-03  1.4834E+01
0000001 1.9214E+01  3.0591E+08  1.8493E+06 -7.9345E+06  6.0621E-03  2.2816E+01
0000001 9.5954E+00  3.0758E+08  1.8234E+06 -9.1772E+06  4.3160E-03  1.1647E+01
0000001 0.0000E+00  3.0912E+08  2.2499E+06 -9.3160E+06  0.0000E+00  6.7590E-01
