Calc. Date= 04-27-2023. Time= 14:45:05
============================== SRIM-2013.00 ==============================
 =====================================================================
 =                   Ion Energy vs Position File                     =
 =====================================================================
 =   AXIS DEFINITIONS: X=Depth. Y.Z= Lateral plane of target surface.=
 =   (If beam enters target at an angle. this tilt is in Y direction)=
 =   Shown are: Ion Number. Energy (keV). X. Y. Z Position           =
 ==================  CALCULATION   DATA  =============================
  Ion Data: Name. Mass.   Energy . Energy Interval
           Ca     040.00  600000keV    11764705eV
 =====================================================================
Ion       Energy     Depth (X)     Y           Z       Electronic   Energy Lost to
Number    (keV)    (Angstrom)  (Angstrom)  (Angstrom)  Stop.(eV/A)  Last Recoil(eV)
------- ----------- ---------- ----------- ----------- -----------  ---------------
0000001 6.0000E+05  0.0000E+00  0.0000E+00  0.0000E+00  1.6504E-01  0.0000E+00
0000001 5.8822E+05  7.0850E+07  2.1139E+04 -1.7491E+03  1.6721E-01  5.5122E+00
0000001 5.7625E+05  1.4088E+08  1.1718E+05  1.8244E+04  1.6946E-01  6.1349E+00
0000001 5.6450E+05  2.1131E+08  2.1386E+05  7.6160E+04  1.7172E-01  1.6942E+01
0000001 5.5283E+05  2.7931E+08  4.0009E+05  8.5411E+04  1.7404E-01  1.3997E+02
0000001 5.4116E+05  3.4492E+08  5.3891E+05  1.1455E+05  1.7641E-01  2.0937E+01
0000001 5.2925E+05  4.1223E+08  6.5535E+05  1.4125E+05  1.7890E-01  1.4803E+01
0000001 5.1759E+05  4.7716E+08  8.3833E+05  2.0683E+05  1.8140E-01  7.5688E+00
0000001 5.0577E+05  5.4236E+08  1.0653E+06  2.8097E+05  1.8401E-01  6.2841E+02
0000001 4.9390E+05  6.0649E+08  1.3318E+06  3.0900E+05  1.8671E-01  1.0515E+01
0000001 4.8214E+05  6.6829E+08  1.5005E+06  4.0869E+05  1.8946E-01  7.2719E+00
0000001 4.7047E+05  7.2903E+08  1.6110E+06  5.3973E+05  1.9227E-01  4.5208E+00
0000001 4.5877E+05  7.8994E+08  1.6319E+06  6.2833E+05  1.9519E-01  4.2571E+00
0000001 4.4685E+05  8.4858E+08  1.5964E+06  6.8690E+05  1.9825E-01  4.2168E+00
0000001 4.3507E+05  9.0612E+08  1.6088E+06  7.5436E+05  2.0139E-01  9.4449E+01
0000001 4.2333E+05  9.6374E+08  1.6599E+06  8.3316E+05  2.0462E-01  3.8014E+00
0000001 4.1157E+05  1.0203E+09  1.6550E+06  9.4248E+05  2.0798E-01  8.8723E+00
0000001 3.9984E+05  1.0779E+09  1.5790E+06  1.0096E+06  2.1145E-01  4.9456E+00
0000001 3.8810E+05  1.1332E+09  1.4985E+06  1.0909E+06  2.1508E-01  3.3225E+00
0000001 3.7644E+05  1.1874E+09  1.4419E+06  1.1823E+06  2.1880E-01  4.5547E+00
0000001 3.6455E+05  1.2405E+09  1.4340E+06  1.3224E+06  2.2278E-01  1.2793E+01
0000001 3.5272E+05  1.2923E+09  1.4758E+06  1.4809E+06  2.2691E-01  5.0049E+00
0000001 3.4112E+05  1.3440E+09  1.4668E+06  1.6064E+06  2.3113E-01  1.8287E+01
0000001 3.2927E+05  1.3945E+09  1.4471E+06  1.7075E+06  2.3567E-01  4.6518E+00
0000001 3.1744E+05  1.4437E+09  1.3813E+06  1.8186E+06  2.4041E-01  5.1722E+00
0000001 3.0566E+05  1.4917E+09  1.2978E+06  1.9221E+06  2.4536E-01  9.4967E+00
0000001 2.9393E+05  1.5385E+09  1.0988E+06  1.9359E+06  2.5056E-01  4.7054E+00
0000001 2.8230E+05  1.5831E+09  9.1723E+05  1.9636E+06  2.5599E-01  4.1426E+01
0000001 2.7056E+05  1.6281E+09  7.6457E+05  1.9876E+06  2.6178E-01  7.4892E+00
0000001 2.5859E+05  1.6735E+09  6.7480E+05  1.8841E+06  2.6803E-01  7.2699E+00
0000001 2.4691E+05  1.7159E+09  5.9495E+05  1.7083E+06  2.7449E-01  4.0603E+00
0000001 2.3516E+05  1.7586E+09  4.1812E+05  1.5806E+06  2.8139E-01  4.0603E+01
0000001 2.2346E+05  1.7990E+09  2.4541E+05  1.4552E+06  2.8868E-01  1.3507E+01
0000001 2.1156E+05  1.8402E+09  1.0639E+05  1.3640E+06  2.9658E-01  3.8284E+01
0000001 1.9983E+05  1.8799E+09 -2.6545E+04  1.1939E+06  3.0486E-01  8.8710E+00
0000001 1.8815E+05  1.9175E+09 -5.9031E+04  9.8860E+05  3.1364E-01  1.0721E+01
0000001 1.7646E+05  1.9541E+09 -1.7985E+04  7.9667E+05  3.2299E-01  5.3963E+01
0000001 1.6460E+05  1.9898E+09  1.0681E+05  6.1193E+05  3.3307E-01  7.6135E+01
0000001 1.5294E+05  2.0249E+09  2.2337E+05  5.0616E+05  3.4360E-01  1.3807E+01
0000001 1.4100E+05  2.0595E+09  5.8720E+05  1.2551E+05  3.5499E-01  8.2668E+00
0000001 1.2939E+05  2.0912E+09  9.2747E+05 -2.8599E+05  3.6662E-01  7.1233E+00
0000001 1.1755E+05  2.1225E+09  1.1980E+06 -7.9240E+05  3.7896E-01  3.2249E+01
0000001 1.0573E+05  2.1538E+09  1.5428E+06 -1.2898E+06  3.9159E-01  1.2564E+01
0000001 9.4059E+04  2.1829E+09  1.9231E+06 -1.7537E+06  4.0498E-01  2.1731E+01
0000001 8.2298E+04  2.2118E+09  2.3160E+06 -2.1775E+06  4.1789E-01  2.0280E+01
0000001 7.0575E+04  2.2396E+09  2.6976E+06 -2.5916E+06  4.2932E-01  3.7518E+00
0000001 5.8802E+04  2.2667E+09  3.1004E+06 -2.9915E+06  4.3991E-01  4.4916E+00
0000001 4.7054E+04  2.2929E+09  3.6341E+06 -3.1282E+06  4.4627E-01  4.0310E+01
0000001 3.5257E+04  2.3197E+09  3.7125E+06 -3.4139E+06  4.4459E-01  8.0828E+00
0000001 2.3495E+04  2.3462E+09  3.7752E+06 -3.5791E+06  4.2654E-01  4.1687E+02
0000001 1.1751E+04  2.3754E+09  3.7097E+06 -3.6764E+06  3.5991E-01  5.5090E+00
0000001 0.0000E+00  2.4310E+09  8.7755E+06 -5.4739E+06  0.0000E+00  1.2775E+00
