Calc. Date= 04-27-2023. Time= 14:44:24
============================== SRIM-2013.00 ==============================
 =====================================================================
 =                   Ion Energy vs Position File                     =
 =====================================================================
 =   AXIS DEFINITIONS: X=Depth. Y.Z= Lateral plane of target surface.=
 =   (If beam enters target at an angle. this tilt is in Y direction)=
 =   Shown are: Ion Number. Energy (keV). X. Y. Z Position           =
 ==================  CALCULATION   DATA  =============================
  Ion Data: Name. Mass.   Energy . Energy Interval
           Ca     040.00  800000keV    15686274eV
 =====================================================================
Ion       Energy     Depth (X)     Y           Z       Electronic   Energy Lost to
Number    (keV)    (Angstrom)  (Angstrom)  (Angstrom)  Stop.(eV/A)  Last Recoil(eV)
------- ----------- ---------- ----------- ----------- -----------  ---------------
0000001 8.0000E+05  0.0000E+00  0.0000E+00  0.0000E+00  1.3515E-01  0.0000E+00
0000001 7.8429E+05  1.1611E+08 -5.7512E+04 -9.1845E+03  1.3710E-01  9.3089E+00
0000001 7.6852E+05  2.3209E+08 -2.5711E+04  7.4132E+04  1.3911E-01  6.0754E+00
0000001 7.5277E+05  3.4639E+08  5.0415E+04  1.6866E+05  1.4119E-01  1.6058E+01
0000001 7.3705E+05  4.5725E+08  1.3293E+05  2.4085E+05  1.4333E-01  5.7928E+00
0000001 7.2136E+05  5.6644E+08  1.2465E+05  3.2229E+05  1.4553E-01  4.4730E+01
0000001 7.0582E+05  6.7062E+08  2.2125E+05  4.1922E+05  1.4778E-01  1.8959E+02
0000001 6.9002E+05  7.7802E+08  1.8894E+05  3.1632E+05  1.5014E-01  4.2257E+01
0000001 6.7448E+05  8.8209E+08  9.4029E+04  9.2451E+04  1.5252E-01  6.2745E+00
0000001 6.5872E+05  9.7970E+08 -4.1283E+03 -1.4084E+05  1.5502E-01  4.5536E+01
0000001 6.4301E+05  1.0803E+09 -2.2330E+05 -4.8176E+05  1.5759E-01  7.6114E+00
0000001 6.2743E+05  1.1792E+09 -5.1494E+05 -9.4346E+05  1.6021E-01  3.0297E+00
0000001 6.1171E+05  1.2763E+09 -8.0557E+05 -1.4124E+06  1.6295E-01  9.3816E+00
0000001 5.9606E+05  1.3716E+09 -9.8923E+05 -1.8564E+06  1.6577E-01  9.5406E+01
0000001 5.8028E+05  1.4652E+09 -9.4025E+05 -2.1833E+06  1.6870E-01  3.5255E+00
0000001 5.6459E+05  1.5584E+09 -8.4913E+05 -2.5294E+06  1.7171E-01  3.0332E+01
0000001 5.4894E+05  1.6484E+09 -6.4520E+05 -2.9014E+06  1.7482E-01  5.6715E+00
0000001 5.3321E+05  1.7379E+09 -4.6119E+05 -3.2181E+06  1.7806E-01  8.4691E+00
0000001 5.1747E+05  1.8243E+09 -3.2192E+05 -3.4790E+06  1.8142E-01  3.6914E+02
0000001 5.0185E+05  1.9101E+09 -2.3380E+05 -3.7781E+06  1.8489E-01  1.5117E+01
0000001 4.8617E+05  1.9953E+09 -2.1410E+05 -4.0770E+06  1.8851E-01  5.2957E+00
0000001 4.7039E+05  2.0774E+09 -8.5510E+04 -4.4653E+06  1.9229E-01  6.3660E+00
0000001 4.5484E+05  2.1551E+09  1.6062E+05 -4.7755E+06  1.9619E-01  1.9783E+01
0000001 4.3918E+05  2.2346E+09  4.9440E+05 -4.9535E+06  2.0028E-01  3.7368E+01
0000001 4.2351E+05  2.3132E+09  9.0758E+05 -5.0563E+06  2.0457E-01  8.4295E+00
0000001 4.0765E+05  2.3887E+09  1.4237E+06 -4.9564E+06  2.0913E-01  1.9824E+01
0000001 3.9211E+05  2.4622E+09  1.8060E+06 -4.8371E+06  2.1382E-01  6.9448E+00
0000001 3.7642E+05  2.5347E+09  2.1328E+06 -4.8897E+06  2.1882E-01  4.8444E+00
0000001 3.6071E+05  2.6041E+09  2.4467E+06 -4.9365E+06  2.2410E-01  6.6526E+01
0000001 3.4503E+05  2.6735E+09  2.7760E+06 -4.8952E+06  2.2968E-01  2.5057E+01
0000001 3.2929E+05  2.7407E+09  2.9203E+06 -4.7086E+06  2.3566E-01  1.9484E+01
0000001 3.1368E+05  2.8067E+09  2.9606E+06 -4.5407E+06  2.4196E-01  5.8252E+00
0000001 2.9798E+05  2.8723E+09  3.0063E+06 -4.3947E+06  2.4873E-01  3.0023E+01
0000001 2.8218E+05  2.9347E+09  3.1523E+06 -4.3022E+06  2.5605E-01  4.3044E+01
0000001 2.6660E+05  2.9948E+09  3.3902E+06 -4.1575E+06  2.6381E-01  9.2966E+00
0000001 2.5098E+05  3.0533E+09  3.8014E+06 -4.0279E+06  2.7220E-01  5.2761E+00
0000001 2.3515E+05  3.1102E+09  4.2209E+06 -3.9238E+06  2.8140E-01  8.6284E+00
0000001 2.1955E+05  3.1646E+09  4.6071E+06 -3.9607E+06  2.9122E-01  6.6568E+00
0000001 2.0392E+05  3.2178E+09  5.0657E+06 -4.1076E+06  3.0192E-01  6.3179E+00
0000001 1.8821E+05  3.2705E+09  5.5810E+06 -4.3472E+06  3.1359E-01  5.0054E+00
0000001 1.7248E+05  3.3196E+09  6.0574E+06 -4.6846E+06  3.2630E-01  4.4768E+00
0000001 1.5673E+05  3.3671E+09  6.5297E+06 -4.9789E+06  3.4011E-01  4.8306E+00
0000001 1.4113E+05  3.4121E+09  6.8969E+06 -5.3328E+06  3.5486E-01  4.1546E+00
0000001 1.2534E+05  3.4560E+09  7.2993E+06 -5.7781E+06  3.7079E-01  1.0963E+01
0000001 1.0972E+05  3.4979E+09  7.7491E+06 -6.2191E+06  3.8731E-01  6.7496E+00
0000001 9.4017E+04  3.5379E+09  8.3561E+06 -6.6214E+06  4.0504E-01  1.0261E+01
0000001 7.8333E+04  3.5751E+09  8.7409E+06 -7.0468E+06  4.2111E-01  8.3201E+00
0000001 6.2658E+04  3.6123E+09  8.9259E+06 -7.6626E+06  4.3678E-01  2.9868E+01
0000001 4.7005E+04  3.6477E+09  9.2967E+06 -7.9042E+06  4.4629E-01  8.8931E+01
0000001 3.1322E+04  3.6828E+09  9.8681E+06 -8.3504E+06  4.4105E-01  5.0937E+01
0000001 1.5632E+04  3.7191E+09  1.0330E+07 -8.9814E+06  3.9274E-01  1.9016E+01
0000001 0.0000E+00  3.7909E+09  7.6308E+06 -6.1191E+06  0.0000E+00  2.1174E+00
