Calc. Date= 04-25-2023. Time= 15:44:25
============================== SRIM-2013.00 ==============================
 =====================================================================
 =                   Ion Energy vs Position File                     =
 =====================================================================
 =   AXIS DEFINITIONS: X=Depth. Y.Z= Lateral plane of target surface.=
 =   (If beam enters target at an angle. this tilt is in Y direction)=
 =   Shown are: Ion Number. Energy (keV). X. Y. Z Position           =
 ==================  CALCULATION   DATA  =============================
  Ion Data: Name. Mass.   Energy . Energy Interval
           He     015.00  15000keV    294117eV
 =====================================================================
Ion       Energy     Depth (X)     Y           Z       Electronic   Energy Lost to
Number    (keV)    (Angstrom)  (Angstrom)  (Angstrom)  Stop.(eV/A)  Last Recoil(eV)
------- ----------- ---------- ----------- ----------- -----------  ---------------
0000001 1.5000E+04  0.0000E+00  0.0000E+00  0.0000E+00  1.4529E-02  0.0000E+00
0000001 1.4679E+04  2.2652E+07 -2.8022E+04 -6.7371E+03  1.4736E-02  1.7049E+03
0000001 1.4366E+04  4.4011E+07 -1.3039E+05  2.4471E+05  1.4944E-02  4.6647E+00
0000001 1.4052E+04  6.4998E+07 -2.0719E+05  5.1966E+05  1.5159E-02  4.4967E+00
0000001 1.3795E+04  8.0488E+07 -2.3229E+05  7.4579E+05  1.5339E-02  5.9641E+00
0000001 1.3498E+04  1.0080E+08 -2.4964E+05  1.0783E+06  1.5555E-02  3.8913E+00
0000001 1.3178E+04  1.2075E+08 -2.8841E+05  1.4338E+06  1.5792E-02  1.2241E+01
0000001 1.2939E+04  1.3546E+08 -3.2497E+05  1.7269E+06  1.5975E-02  3.8153E+00
0000001 1.2577E+04  1.5952E+08 -3.7040E+05  2.1885E+06  1.6261E-02  1.9882E+01
0000001 1.2351E+04  1.7369E+08 -3.7559E+05  2.4543E+06  1.6445E-02  3.0145E+00
0000001 1.2041E+04  1.9227E+08 -3.7360E+05  2.7629E+06  1.6703E-02  4.1664E+00
0000001 1.1720E+04  2.1045E+08 -3.7514E+05  3.0659E+06  1.6979E-02  3.1048E+00
0000001 1.1419E+04  2.2826E+08 -3.6754E+05  3.3735E+06  1.7247E-02  4.2039E+00
0000001 1.1101E+04  2.4569E+08 -3.8899E+05  3.6952E+06  1.7539E-02  1.1620E+01
0000001 1.0871E+04  2.5851E+08 -4.5825E+05  3.9210E+06  1.7755E-02  3.7785E+00
0000001 1.0579E+04  2.7529E+08 -5.5912E+05  4.2101E+06  1.8038E-02  2.4552E+00
0000001 1.0289E+04  2.9169E+08 -6.5054E+05  4.5172E+06  1.8328E-02  3.5043E+00
0000001 9.9895E+03  3.0773E+08 -7.1121E+05  4.7856E+06  1.8637E-02  4.2557E+00
0000001 9.6890E+03  3.2340E+08 -7.6160E+05  5.0410E+06  1.8957E-02  3.2432E+01
0000001 9.3401E+03  3.4247E+08 -8.1721E+05  5.4023E+06  1.9340E-02  3.1919E+00
0000001 9.1061E+03  3.5364E+08 -8.4810E+05  5.6344E+06  1.9605E-02  5.4981E+00
0000001 8.8132E+03  3.6819E+08 -9.1288E+05  5.9214E+06  1.9945E-02  3.1650E+00
0000001 8.4722E+03  3.8588E+08 -9.9284E+05  6.2251E+06  2.0354E-02  1.1756E+01
0000001 8.1923E+03  3.9962E+08 -1.0732E+06  6.4313E+06  2.0700E-02  8.8097E+00
0000001 7.9100E+03  4.1301E+08 -1.1432E+06  6.6037E+06  2.1057E-02  1.6241E+01
0000001 7.6213E+03  4.2602E+08 -1.2049E+06  6.8119E+06  2.1432E-02  4.0863E+00
0000001 7.3395E+03  4.3866E+08 -1.2643E+06  7.0076E+06  2.1807E-02  3.6280E+00
0000001 7.0015E+03  4.5395E+08 -1.3089E+06  7.1984E+06  2.2266E-02  6.2034E+00
0000001 6.7325E+03  4.6578E+08 -1.3907E+06  7.1950E+06  2.2639E-02  4.7168E+00
0000001 6.4661E+03  4.7726E+08 -1.4597E+06  7.1638E+06  2.3013E-02  1.2520E+01
0000001 6.1454E+03  4.9109E+08 -1.5300E+06  7.1180E+06  2.3469E-02  1.1207E+01
0000001 5.8247E+03  5.0439E+08 -1.6213E+06  7.0733E+06  2.3927E-02  2.8483E+00
0000001 5.5699E+03  5.1463E+08 -1.7201E+06  7.0679E+06  2.4290E-02  4.2543E+00
0000001 5.2675E+03  5.2694E+08 -1.8430E+06  7.0596E+06  2.4716E-02  2.4290E+01
0000001 4.9715E+03  5.3873E+08 -1.9669E+06  7.0822E+06  2.5123E-02  3.5153E+00
0000001 4.6919E+03  5.5001E+08 -2.0978E+06  7.0977E+06  2.5492E-02  6.2333E+00
0000001 4.4100E+03  5.6079E+08 -2.2626E+06  7.1305E+06  2.5843E-02  9.9222E+00
0000001 4.1066E+03  5.7309E+08 -2.4160E+06  7.1677E+06  2.6185E-02  3.8016E+00
0000001 3.8048E+03  5.8471E+08 -2.5810E+06  7.2080E+06  2.6478E-02  3.7771E+00
0000001 3.5098E+03  5.9567E+08 -2.7502E+06  7.2638E+06  2.6699E-02  1.6278E+01
0000001 3.2314E+03  6.0598E+08 -2.8654E+06  7.3138E+06  2.6833E-02  4.4725E+00
0000001 2.9324E+03  6.1723E+08 -2.8774E+06  7.3658E+06  2.6870E-02  8.8549E+00
0000001 2.6109E+03  6.2911E+08 -2.5840E+06  7.0929E+06  2.6752E-02  4.3007E+00
0000001 2.3507E+03  6.3866E+08 -2.1793E+06  6.6195E+06  2.6503E-02  3.8440E+00
0000001 2.0291E+03  6.5108E+08 -1.5173E+06  5.9364E+06  2.5951E-02  2.1898E+02
0000001 1.7513E+03  6.6226E+08 -7.5766E+05  5.4504E+06  2.5199E-02  9.5115E+00
0000001 1.4589E+03  6.7415E+08  8.0652E+04  4.9657E+06  2.4055E-02  5.0011E+00
0000001 1.1658E+03  6.8617E+08  9.2195E+05  4.7495E+06  2.2439E-02  6.1028E+00
0000001 8.8070E+02  6.9910E+08  1.6165E+06  5.0827E+06  2.0268E-02  4.4321E+00
0000001 5.8599E+02  7.1489E+08  2.8745E+06  5.8065E+06  1.7138E-02  7.8179E+00
0000001 2.9387E+02  7.3370E+08  4.6380E+06  6.5785E+06  1.2564E-02  8.2729E+00
0000001 0.0000E+00  7.6455E+08  3.1584E+06  8.9671E+06  0.0000E+00  1.0341E+00
