Calc. Date= 04-03-2023, Time= 10:53:52
============================== SRIM-2013.00 ==============================
 =====================================================================
 =                   Ion Energy vs Position File                     =
 =====================================================================
 =   AXIS DEFINITIONS: X=Depth, Y,Z= Lateral plane of target surface.=
 =   (If beam enters target at an angle, this tilt is in Y direction)=
 =   Shown are: Ion Number, Energy (keV), X, Y, Z Position           =
 ==================  CALCULATION   DATA  =============================
  Ion Data: Name, Mass,   Energy , Energy Interval
           He     004,00  5400keV    1000eV
 =====================================================================
Ion       Energy     Depth (X)     Y           Z       Electronic   Energy Lost to
Number    (keV)    (Angstrom)  (Angstrom)  (Angstrom)  Stop.(eV/A)  Last Recoil(eV)
------- ----------- ---------- ----------- ----------- -----------  ---------------
0000001 5,4000E+03  0,0000E+00  0,0000E+00  0,0000E+00  1,1845E-02  0,0000E+00
0000001 5,3094E+03  6,9551E+06 -6,7276E-01  7,5024E-01  1,1987E-02  3,2244E+00
0000001 5,2665E+03  1,0475E+07  1,3034E+03 -5,8179E+03  1,2055E-02  3,4684E+00
0000001 5,1855E+03  1,7309E+07  1,1431E+04 -2,3006E+04  1,2186E-02  2,6941E+02
0000001 5,1064E+03  2,4057E+07  1,2195E+05 -7,3641E+04  1,2317E-02  5,4484E+00
0000001 5,0286E+03  3,0721E+07  2,2158E+05 -1,1647E+05  1,2449E-02  5,8795E+00
0000001 4,9531E+03  3,7302E+07  3,3547E+05 -1,5834E+05  1,2580E-02  5,9078E+00
0000001 4,8787E+03  4,3803E+07  4,5828E+05 -1,8817E+05  1,2712E-02  8,0804E+00
0000001 4,7875E+03  5,0224E+07  5,8421E+05 -2,0022E+05  1,2877E-02  4,1184E+00
0000001 4,7138E+03  5,6547E+07  7,1649E+05 -2,2184E+05  1,3015E-02  8,4812E+00
0000001 4,6312E+03  6,2791E+07  8,5570E+05 -2,2708E+05  1,3172E-02  1,0580E+01
0000001 4,5429E+03  6,8945E+07  1,0084E+06 -2,2767E+05  1,3346E-02  3,1632E+00
0000001 4,4677E+03  7,5005E+07  1,1551E+06 -2,3864E+05  1,3497E-02  5,6472E+00
0000001 4,3799E+03  8,0983E+07  1,3124E+06 -2,4202E+05  1,3679E-02  7,8581E+00
0000001 4,3057E+03  8,6865E+07  1,4807E+06 -2,3482E+05  1,3837E-02  9,7882E+00
0000001 4,2290E+03  9,2666E+07  1,6494E+06 -2,1279E+05  1,4004E-02  4,5738E+00
0000001 4,1566E+03  9,8384E+07  1,8187E+06 -1,7845E+05  1,4165E-02  1,2504E+01
0000001 4,0794E+03  1,0402E+08  1,9833E+06 -1,2340E+05  1,4342E-02  9,9792E+00
0000001 3,9958E+03  1,0958E+08  2,1267E+06 -7,1860E+04  1,4539E-02  3,4700E+00
0000001 3,9125E+03  1,1504E+08  2,2599E+06 -1,3349E+04  1,4741E-02  2,8253E+01
0000001 3,8410E+03  1,2041E+08  2,4100E+06  1,9282E+04  1,4919E-02  1,4541E+01
0000001 3,7656E+03  1,2570E+08  2,5716E+06  6,2923E+04  1,5111E-02  3,9293E+00
0000001 3,6865E+03  1,3091E+08  2,7309E+06  9,4279E+04  1,5319E-02  6,7469E+00
0000001 3,6096E+03  1,3603E+08  2,8723E+06  1,2428E+05  1,5526E-02  4,0530E+00
0000001 3,5359E+03  1,4106E+08  3,0133E+06  1,4470E+05  1,5731E-02  5,9808E+00
0000001 3,4497E+03  1,4601E+08  3,1506E+06  1,5082E+05  1,5977E-02  6,1712E+00
0000001 3,3710E+03  1,5087E+08  3,2988E+06  1,6071E+05  1,6210E-02  2,3914E+00
0000001 3,2952E+03  1,5563E+08  3,4504E+06  1,7366E+05  1,6439E-02  3,2803E+00
0000001 3,2239E+03  1,6031E+08  3,6029E+06  1,7683E+05  1,6662E-02  1,1747E+01
0000001 3,1392E+03  1,6491E+08  3,7418E+06  1,6427E+05  1,6934E-02  3,9989E+00
0000001 3,0575E+03  1,6941E+08  3,8799E+06  1,4111E+05  1,7205E-02  6,9836E+00
0000001 2,9774E+03  1,7382E+08  4,0106E+06  1,3224E+05  1,7479E-02  5,0654E+01
0000001 2,9079E+03  1,7813E+08  4,1705E+06  1,4561E+05  1,7724E-02  6,5208E+00
0000001 2,8310E+03  1,8237E+08  4,3190E+06  1,6965E+05  1,8002E-02  9,3662E+00
0000001 2,7603E+03  1,8651E+08  4,4486E+06  1,8843E+05  1,8266E-02  1,1542E+01
0000001 2,6887E+03  1,9058E+08  4,5640E+06  1,9832E+05  1,8540E-02  1,3713E+01
0000001 2,6155E+03  1,9456E+08  4,6860E+06  2,2075E+05  1,8829E-02  5,9829E+00
0000001 2,5417E+03  1,9845E+08  4,7991E+06  2,5390E+05  1,9128E-02  2,8403E+00
0000001 2,4613E+03  2,0226E+08  4,9086E+06  2,9321E+05  1,9464E-02  5,6811E+00
0000001 2,3963E+03  2,0597E+08  5,0066E+06  3,4016E+05  1,9743E-02  1,5826E+01
0000001 2,3233E+03  2,0960E+08  5,0903E+06  4,0240E+05  2,0065E-02  4,3975E+01
0000001 2,2498E+03  2,1315E+08  5,1385E+06  4,5982E+05  2,0397E-02  4,3806E+01
0000001 2,1806E+03  2,1661E+08  5,1522E+06  5,1624E+05  2,0719E-02  7,5105E+00
0000001 2,1094E+03  2,1999E+08  5,1583E+06  5,5978E+05  2,1057E-02  6,1860E+00
0000001 2,0345E+03  2,2328E+08  5,1593E+06  6,1350E+05  2,1421E-02  9,4260E+00
0000001 1,9629E+03  2,2647E+08  5,1652E+06  6,7991E+05  2,1778E-02  1,9707E+01
0000001 1,8924E+03  2,2958E+08  5,1502E+06  7,5022E+05  2,2136E-02  4,1699E+00
0000001 1,8257E+03  2,3260E+08  5,1415E+06  8,2639E+05  2,2480E-02  3,5723E+00
0000001 1,7610E+03  2,3554E+08  5,1401E+06  9,0156E+05  2,2819E-02  9,6999E+00
0000001 1,6949E+03  2,3840E+08  5,1393E+06  9,8925E+05  2,3169E-02  9,1898E+00
0000001 1,6260E+03  2,4117E+08  5,1244E+06  1,0756E+06  2,3537E-02  2,0043E+01
0000001 1,5662E+03  2,4386E+08  5,1168E+06  1,1399E+06  2,3857E-02  1,8568E+01
0000001 1,5095E+03  2,4647E+08  5,1029E+06  1,2207E+06  2,4161E-02  3,5838E+00
0000001 1,4486E+03  2,4900E+08  5,0882E+06  1,3078E+06  2,4485E-02  1,5489E+01
0000001 1,3842E+03  2,5146E+08  5,0615E+06  1,3859E+06  2,4823E-02  5,2727E+00
0000001 1,3229E+03  2,5383E+08  5,0438E+06  1,4554E+06  2,5137E-02  7,4431E+00
0000001 1,2613E+03  2,5612E+08  5,0294E+06  1,5340E+06  2,5443E-02  2,6784E+01
0000001 1,2082E+03  2,5833E+08  5,0305E+06  1,5934E+06  2,5696E-02  1,8786E+01
0000001 1,1554E+03  2,6047E+08  5,0466E+06  1,6614E+06  2,5934E-02  2,6589E+00
0000001 1,1037E+03  2,6253E+08  5,0672E+06  1,7292E+06  2,6151E-02  1,2024E+02
0000001 1,0504E+03  2,6453E+08  5,1324E+06  1,7925E+06  2,6355E-02  1,0789E+02
0000001 9,9437E+02  2,6645E+08  5,2374E+06  1,8583E+06  2,6541E-02  1,2737E+01
0000001 9,4406E+02  2,6829E+08  5,3394E+06  1,9070E+06  2,6680E-02  5,1694E+00
0000001 8,9453E+02  2,7006E+08  5,4446E+06  1,9552E+06  2,6784E-02  3,1243E+00
0000001 8,4998E+02  2,7176E+08  5,5490E+06  1,9971E+06  2,6846E-02  5,5456E+00
0000001 8,0455E+02  2,7340E+08  5,6407E+06  2,0348E+06  2,6873E-02  2,3513E+01
0000001 7,6568E+02  2,7497E+08  5,7311E+06  2,0893E+06  2,6862E-02  2,1724E+01
0000001 7,2423E+02  2,7648E+08  5,8007E+06  2,1412E+06  2,6812E-02  6,4446E+00
0000001 6,8085E+02  2,7793E+08  5,8589E+06  2,1869E+06  2,6710E-02  4,7374E+01
0000001 6,4044E+02  2,7932E+08  5,8920E+06  2,2422E+06  2,6564E-02  8,6313E+00
0000001 6,0135E+02  2,8065E+08  5,9296E+06  2,3011E+06  2,6370E-02  1,8664E+01
0000001 5,6887E+02  2,8192E+08  5,9678E+06  2,3725E+06  2,6163E-02  2,3626E+01
0000001 5,3558E+02  2,8313E+08  6,0010E+06  2,4280E+06  2,5905E-02  4,0401E+01
0000001 5,0308E+02  2,8430E+08  6,0546E+06  2,4780E+06  2,5601E-02  5,5799E+00
0000001 4,7571E+02  2,8541E+08  6,1099E+06  2,5328E+06  2,5302E-02  7,8472E+00
0000001 4,5079E+02  2,8647E+08  6,1720E+06  2,5829E+06  2,4994E-02  3,2510E+00
0000001 4,2408E+02  2,8750E+08  6,2271E+06  2,6305E+06  2,4620E-02  1,4412E+01
0000001 4,0259E+02  2,8848E+08  6,2732E+06  2,6868E+06  2,4284E-02  4,9975E+00
0000001 3,8138E+02  2,8942E+08  6,3214E+06  2,7473E+06  2,3919E-02  5,1910E+00
0000001 3,5992E+02  2,9033E+08  6,3718E+06  2,7994E+06  2,3515E-02  2,6463E+01
0000001 3,4028E+02  2,9120E+08  6,4226E+06  2,8655E+06  2,3111E-02  5,0005E+00
0000001 3,2438E+02  2,9204E+08  6,4767E+06  2,9337E+06  2,2758E-02  8,0718E+00
0000001 3,0656E+02  2,9285E+08  6,5280E+06  3,0083E+06  2,2334E-02  1,1814E+01
0000001 2,9249E+02  2,9362E+08  6,5862E+06  3,0743E+06  2,1976E-02  9,2233E+00
0000001 2,7676E+02  2,9437E+08  6,6345E+06  3,1334E+06  2,1550E-02  2,0058E+02
0000001 2,5951E+02  2,9509E+08  6,6464E+06  3,2150E+06  2,1049E-02  1,0416E+02
0000001 2,4687E+02  2,9578E+08  6,6660E+06  3,3219E+06  2,0659E-02  5,5086E+00
0000001 2,2915E+02  2,9644E+08  6,6913E+06  3,4226E+06  2,0076E-02  9,9605E+02
0000001 2,1527E+02  2,9708E+08  6,7054E+06  3,4277E+06  1,9587E-02  8,9032E+01
0000001 2,0232E+02  2,9769E+08  6,7437E+06  3,4220E+06  1,9104E-02  2,6267E+01
0000001 1,9150E+02  2,9827E+08  6,7682E+06  3,4085E+06  1,8678E-02  5,0610E+00
0000001 1,8084E+02  2,9883E+08  6,7970E+06  3,3992E+06  1,8238E-02  1,0197E+02
0000001 1,7057E+02  2,9937E+08  6,8489E+06  3,4040E+06  1,7794E-02  5,3421E+01
0000001 1,5923E+02  2,9989E+08  6,8866E+06  3,3928E+06  1,7278E-02  9,6255E+00
0000001 1,4943E+02  3,0038E+08  6,9160E+06  3,3824E+06  1,6808E-02  3,2891E+01
0000001 1,4295E+02  3,0085E+08  6,9518E+06  3,3631E+06  1,6485E-02  2,7854E+01
0000001 1,3313E+02  3,0131E+08  7,0005E+06  3,3456E+06  1,5975E-02  4,7979E+00
0000001 1,2379E+02  3,0175E+08  7,0495E+06  3,3238E+06  1,5465E-02  1,5595E+01
0000001 1,1773E+02  3,0216E+08  7,0864E+06  3,3002E+06  1,5121E-02  1,2864E+01
0000001 1,0925E+02  3,0256E+08  7,1224E+06  3,2682E+06  1,4619E-02  6,2835E+00
0000001 1,0522E+02  3,0295E+08  7,1605E+06  3,2329E+06  1,4372E-02  1,0017E+01
0000001 1,0061E+02  3,0332E+08  7,1925E+06  3,1923E+06  1,4083E-02  8,1106E+00
0000001 9,6426E+01  3,0368E+08  7,2204E+06  3,1592E+06  1,3813E-02  1,4570E+01
0000001 9,2143E+01  3,0403E+08  7,2530E+06  3,1346E+06  1,3529E-02  4,8126E+01
0000001 8,8441E+01  3,0437E+08  7,2775E+06  3,0953E+06  1,3278E-02  1,2072E+01
0000001 8,3422E+01  3,0470E+08  7,2982E+06  3,0491E+06  1,2928E-02  2,4852E+01
0000001 7,8521E+01  3,0502E+08  7,3213E+06  2,9932E+06  1,2575E-02  1,2788E+01
0000001 7,2957E+01  3,0532E+08  7,3503E+06  2,9343E+06  1,2159E-02  2,6247E+01
0000001 6,9669E+01  3,0561E+08  7,3737E+06  2,8893E+06  1,1905E-02  7,8553E+00
0000001 6,7871E+01  3,0589E+08  7,3917E+06  2,8480E+06  1,1764E-02  1,0212E+01
0000001 6,5252E+01  3,0617E+08  7,4045E+06  2,8018E+06  1,1554E-02  6,3312E+00
0000001 6,0355E+01  3,0644E+08  7,4209E+06  2,7524E+06  1,1148E-02  2,6834E+01
0000001 5,8038E+01  3,0670E+08  7,4450E+06  2,7014E+06  1,0949E-02  8,8948E+00
0000001 5,6864E+01  3,0695E+08  7,4643E+06  2,6549E+06  1,0846E-02  7,9206E+01
0000001 5,4277E+01  3,0719E+08  7,4802E+06  2,5893E+06  1,0616E-02  9,1230E+00
0000001 5,2143E+01  3,0742E+08  7,4891E+06  2,5275E+06  1,0421E-02  4,7930E+00
0000001 4,9551E+01  3,0766E+08  7,4953E+06  2,4714E+06  1,0176E-02  1,4693E+01
0000001 4,7680E+01  3,0788E+08  7,5082E+06  2,4121E+06  9,9951E-03  1,4279E+01
0000001 4,5433E+01  3,0810E+08  7,5289E+06  2,3566E+06  9,7713E-03  6,0950E+00
0000001 4,1652E+01  3,0831E+08  7,5448E+06  2,3038E+06  9,3779E-03  2,0612E+01
0000001 4,0063E+01  3,0850E+08  7,5585E+06  2,2442E+06  9,2057E-03  7,6089E+00
0000001 3,6895E+01  3,0870E+08  7,5764E+06  2,1823E+06  8,8487E-03  7,9010E+00
0000001 3,4145E+01  3,0888E+08  7,5947E+06  2,1191E+06  8,5230E-03  5,5159E+01
0000001 3,2006E+01  3,0905E+08  7,5978E+06  2,0521E+06  8,2582E-03  7,3485E+00
0000001 3,0647E+01  3,0921E+08  7,6059E+06  1,9904E+06  8,0844E-03  5,7213E+00
0000001 2,9333E+01  3,0937E+08  7,6170E+06  1,9266E+06  7,9121E-03  3,0289E+02
0000001 2,7047E+01  3,0951E+08  7,6596E+06  1,8506E+06  7,6013E-03  2,0797E+01
0000001 2,5736E+01  3,0964E+08  7,7093E+06  1,7796E+06  7,4163E-03  9,6010E+00
0000001 2,4433E+01  3,0977E+08  7,7609E+06  1,7064E+06  7,2271E-03  1,1042E+01
0000001 2,3075E+01  3,0989E+08  7,8161E+06  1,6331E+06  7,0241E-03  5,6249E+00
0000001 2,1922E+01  3,1000E+08  7,8655E+06  1,5595E+06  6,8465E-03  3,6919E+01
0000001 2,0777E+01  3,1031E+08  8,0505E+06  1,3453E+06  6,6653E-03  7,3837E+01
0000001 1,8955E+01  3,1040E+08  8,1234E+06  1,2789E+06  6,3659E-03  1,6279E+01
0000001 1,7221E+01  3,1057E+08  8,2651E+06  1,1563E+06  6,0669E-03  1,7129E+01
0000001 1,5709E+01  3,1066E+08  8,3345E+06  1,1038E+06  5,7933E-03  4,1146E+01
0000001 1,3765E+01  3,1093E+08  8,4991E+06  9,7953E+05  5,4215E-03  1,2218E+01
0000001 1,1700E+01  3,1101E+08  8,5562E+06  9,4519E+05  4,9966E-03  2,0087E+03
0000001 1,0715E+01  3,1109E+08  8,5621E+06  7,6595E+05  4,7810E-03  6,7285E+00
0000001 9,5323E+00  3,1124E+08  8,5365E+06  4,3241E+05  4,5087E-03  7,6067E+01
0000001 8,6903E+00  3,1134E+08  8,4607E+06  2,0692E+05  4,3046E-03  1,3868E+01
0000001 7,2324E+00  3,1141E+08  8,4009E+06  7,1115E+04  3,9269E-03  1,4434E+03
0000001 6,6253E+00  3,1147E+08  8,4850E+06 -3,3475E+04  3,7585E-03  1,5661E+01
0000001 5,8675E+00  3,1159E+08  8,6862E+06 -2,8868E+05  3,5370E-03  5,6308E+00
0000001 4,9430E+00  3,1165E+08  8,7674E+06 -3,7370E+05  3,2464E-03  1,6688E+01
0000001 3,6195E+00  3,1168E+08  9,0601E+06 -5,0705E+05  2,7780E-03  6,8849E+01
0000001 2,7787E+00  3,1163E+08  9,3371E+06 -5,9399E+05  2,4341E-03  7,2128E+00
0000001 1,9391E+00  3,1151E+08  9,5367E+06 -6,3053E+05  2,0333E-03  7,2567E+01
0000001 9,3317E-01  3,1137E+08  9,6835E+06 -5,0515E+05  1,4106E-03  3,4184E+01
0000001 0,0000E+00  3,1136E+08  9,8503E+06 -5,2758E+05  0,0000E+00  1,7467E+00
