Calc. Date= 04-27-2023. Time= 14:02:24
============================== SRIM-2013.00 ==============================
 =====================================================================
 =                   Ion Energy vs Position File                     =
 =====================================================================
 =   AXIS DEFINITIONS: X=Depth. Y.Z= Lateral plane of target surface.=
 =   (If beam enters target at an angle. this tilt is in Y direction)=
 =   Shown are: Ion Number. Energy (keV). X. Y. Z Position           =
 ==================  CALCULATION   DATA  =============================
  Ion Data: Name. Mass.   Energy . Energy Interval
           Sr     080.00  1200000keV    23529411eV
 =====================================================================
Ion       Energy     Depth (X)     Y           Z       Electronic   Energy Lost to
Number    (keV)    (Angstrom)  (Angstrom)  (Angstrom)  Stop.(eV/A)  Last Recoil(eV)
------- ----------- ---------- ----------- ----------- -----------  ---------------
0000001 1.2000E+06  0.0000E+00  0.0000E+00  0.0000E+00  5.1093E-01  0.0000E+00
0000001 1.1762E+06  4.6770E+07  3.9760E+04 -3.9915E+03  5.1662E-01  9.7961E+00
0000001 1.1528E+06  9.2618E+07  6.3066E+04 -1.4679E+04  5.2233E-01  1.3722E+01
0000001 1.1293E+06  1.3724E+08  8.8029E+04 -2.8715E+04  5.2815E-01  3.1574E+01
0000001 1.1058E+06  1.8127E+08  1.0491E+05  1.1802E+04  5.3409E-01  7.3633E+00
0000001 1.0823E+06  2.2530E+08  1.1139E+05  2.2022E+04  5.4014E-01  4.7978E+00
0000001 1.0586E+06  2.6871E+08  1.0860E+05  1.7514E+03  5.4633E-01  6.9817E+01
0000001 1.0350E+06  3.1149E+08  1.0688E+05 -2.0513E+04  5.5263E-01  9.0439E+00
0000001 1.0117E+06  3.5307E+08  1.0266E+05 -4.1047E+04  5.5897E-01  2.0694E+01
0000001 9.8818E+05  3.9517E+08  1.2660E+05 -7.2605E+04  5.6550E-01  3.1885E+01
0000001 9.6460E+05  4.3663E+08  1.5807E+05 -1.0751E+05  5.7217E-01  1.1656E+01
0000001 9.4094E+05  4.7800E+08  2.0375E+05 -1.6303E+05  5.7900E-01  6.5507E+00
0000001 9.1745E+05  5.1871E+08  2.4001E+05 -2.2920E+05  5.8592E-01  2.7635E+01
0000001 8.9405E+05  5.5928E+08  2.9921E+05 -2.5091E+05  5.9295E-01  7.8254E+00
0000001 8.7056E+05  5.9866E+08  3.5123E+05 -2.7651E+05  6.0019E-01  1.2845E+01
0000001 8.4689E+05  6.3788E+08  4.3475E+05 -3.1266E+05  6.0764E-01  1.8731E+01
0000001 8.2337E+05  6.7589E+08  5.2805E+05 -4.2088E+05  6.1521E-01  7.6972E+01
0000001 7.9970E+05  7.1372E+08  6.0931E+05 -5.2107E+05  6.2303E-01  6.8135E+00
0000001 7.7627E+05  7.5133E+08  7.0844E+05 -6.9284E+05  6.3096E-01  1.0938E+01
0000001 7.5286E+05  7.8776E+08  7.6656E+05 -8.4262E+05  6.3909E-01  6.6919E+00
0000001 7.2932E+05  8.2488E+08  8.0141E+05 -1.0089E+06  6.4749E-01  1.4124E+02
0000001 7.0583E+05  8.6079E+08  8.7924E+05 -1.1686E+06  6.5611E-01  6.1172E+01
0000001 6.8225E+05  8.9685E+08  9.5168E+05 -1.3040E+06  6.6500E-01  3.9404E+01
0000001 6.5867E+05  9.3214E+08  1.0350E+06 -1.4174E+06  6.7417E-01  5.7622E+00
0000001 6.3525E+05  9.6708E+08  1.1555E+06 -1.5401E+06  6.8355E-01  3.0111E+01
0000001 6.1156E+05  1.0012E+09  1.2446E+06 -1.6557E+06  6.9334E-01  2.9249E+01
0000001 5.8817E+05  1.0350E+09  1.3253E+06 -1.7503E+06  7.0332E-01  5.2392E+00
0000001 5.6455E+05  1.0683E+09  1.4354E+06 -1.8258E+06  7.1372E-01  1.1967E+01
0000001 5.4110E+05  1.1007E+09  1.5102E+06 -1.9282E+06  7.2439E-01  1.5105E+01
0000001 5.1756E+05  1.1335E+09  1.5604E+06 -2.0693E+06  7.3546E-01  1.1068E+02
0000001 4.9393E+05  1.1653E+09  1.6096E+06 -2.2219E+06  7.4694E-01  1.5624E+01
0000001 4.7043E+05  1.1962E+09  1.6176E+06 -2.3640E+06  7.5870E-01  1.2258E+02
0000001 4.4698E+05  1.2269E+09  1.5501E+06 -2.5690E+06  7.7079E-01  2.3767E+02
0000001 4.2347E+05  1.2573E+09  1.4257E+06 -2.7617E+06  7.8324E-01  1.2693E+01
0000001 3.9997E+05  1.2870E+09  1.2530E+06 -2.9376E+06  7.9597E-01  5.3117E+00
0000001 3.7645E+05  1.3163E+09  1.1007E+06 -3.1147E+06  8.0892E-01  7.7162E+00
0000001 3.5289E+05  1.3448E+09  1.0171E+06 -3.3593E+06  8.2201E-01  1.4000E+01
0000001 3.2936E+05  1.3730E+09  9.9469E+05 -3.7086E+06  8.3504E-01  3.1022E+01
0000001 3.0563E+05  1.4010E+09  1.0630E+06 -4.0520E+06  8.4790E-01  5.8713E+00
0000001 2.8216E+05  1.4284E+09  1.1774E+06 -4.3759E+06  8.6003E-01  2.0214E+01
0000001 2.5859E+05  1.4556E+09  1.3132E+06 -4.6842E+06  8.7114E-01  1.6776E+01
0000001 2.3528E+05  1.4823E+09  1.4537E+06 -4.9824E+06  8.8044E-01  8.0533E+00
0000001 2.1167E+05  1.5090E+09  1.5464E+06 -5.4060E+06  8.8725E-01  6.6403E+00
0000001 1.8808E+05  1.5354E+09  1.6241E+06 -5.8820E+06  8.9214E-01  3.0675E+01
0000001 1.6469E+05  1.5613E+09  1.7925E+06 -6.3574E+06  8.9111E-01  5.8733E+00
0000001 1.4117E+05  1.5883E+09  2.0363E+06 -6.8243E+06  8.8149E-01  1.9303E+01
0000001 1.1760E+05  1.6157E+09  2.3290E+06 -7.1932E+06  8.6374E-01  8.3352E+00
0000001 9.4082E+04  1.6436E+09  2.7207E+06 -7.6750E+06  8.3072E-01  1.0680E+01
0000001 7.0533E+04  1.6730E+09  3.1305E+06 -8.4429E+06  7.7608E-01  1.0002E+02
0000001 4.7025E+04  1.7047E+09  3.4970E+06 -8.8058E+06  6.9037E-01  1.2536E+01
0000001 2.3522E+04  1.7420E+09  3.6982E+06 -8.8274E+06  5.3648E-01  1.0677E+01
0000001 0.0000E+00  1.8174E+09 -1.3213E+05 -2.3650E+07  0.0000E+00  4.6690E-01
