Calc. Date= 05-04-2023. Time= 15:00:37
============================== SRIM-2013.00 ==============================
 =====================================================================
 =                   Ion Energy vs Position File                     =
 =====================================================================
 =   AXIS DEFINITIONS: X=Depth. Y.Z= Lateral plane of target surface.=
 =   (If beam enters target at an angle. this tilt is in Y direction)=
 =   Shown are: Ion Number. Energy (keV). X. Y. Z Position           =
 ==================  CALCULATION   DATA  =============================
  Ion Data: Name. Mass.   Energy . Energy Interval
           He     004.00  15000keV    294117eV
 =====================================================================
Ion       Energy     Depth (X)     Y           Z       Electronic   Energy Lost to
Number    (keV)    (Angstrom)  (Angstrom)  (Angstrom)  Stop.(eV/A)  Last Recoil(eV)
------- ----------- ---------- ----------- ----------- -----------  ---------------
0000001 1.5000E+04  0.0000E+00  0.0000E+00  0.0000E+00  5.6128E-03  0.0000E+00
0000001 1.4695E+04  5.5314E+07 -7.8616E+04  5.7069E+04  5.7005E-03  4.2713E+00
0000001 1.4348E+04  1.1903E+08 -1.5812E+05  2.9812E+05  5.8038E-03  4.1716E+00
0000001 1.4084E+04  1.6592E+08 -1.5937E+05  4.6357E+05  5.8853E-03  1.0510E+01
0000001 1.3795E+04  2.1207E+08 -1.6106E+05  5.4738E+05  5.9773E-03  3.0672E+00
0000001 1.3518E+04  2.5742E+08 -2.4113E+05  5.8071E+05  6.0688E-03  2.7675E+01
0000001 1.3179E+04  3.1670E+08 -2.3781E+05  4.0730E+05  6.1851E-03  3.7282E+00
0000001 1.2914E+04  3.6033E+08 -1.3942E+05  3.6366E+05  6.2792E-03  2.0036E+00
0000001 1.2579E+04  4.1739E+08 -5.7471E+05  7.9945E+05  6.4035E-03  4.3896E+00
0000001 1.2339E+04  4.5934E+08 -1.2252E+06  1.4406E+06  6.4958E-03  5.9115E+00
0000001 1.2007E+04  5.1424E+08 -1.9551E+06  2.2126E+06  6.6284E-03  1.2480E+01
0000001 1.1721E+04  5.5453E+08 -2.3984E+06  2.7709E+06  6.7477E-03  3.6992E+00
0000001 1.1448E+04  5.9404E+08 -2.8048E+06  3.2324E+06  6.8659E-03  3.2994E+01
0000001 1.1091E+04  6.4551E+08 -3.5678E+06  3.7462E+06  7.0279E-03  6.4683E+00
0000001 1.0833E+04  6.8324E+08 -4.1015E+06  4.1013E+06  7.1505E-03  9.6063E+00
0000001 1.0578E+04  7.2019E+08 -4.6048E+06  4.3774E+06  7.2764E-03  3.6952E+00
0000001 1.0236E+04  7.6834E+08 -5.2223E+06  4.6713E+06  7.4535E-03  4.6930E+00
0000001 9.9830E+03  8.0359E+08 -5.6467E+06  5.0427E+06  7.5906E-03  2.9555E+00
0000001 9.6173E+03  8.4940E+08 -6.3030E+06  5.7246E+06  7.7993E-03  4.1525E+00
0000001 9.3679E+03  8.8283E+08 -6.8219E+06  6.2621E+06  7.9703E-03  4.1645E+00
0000001 9.0415E+03  9.2629E+08 -7.5141E+06  6.9961E+06  8.1970E-03  7.8950E+00
0000001 8.7754E+03  9.5802E+08 -7.9799E+06  7.6617E+06  8.3818E-03  3.2533E+00
0000001 8.5143E+03  9.8897E+08 -8.4466E+06  8.3324E+06  8.5632E-03  7.1250E+00
0000001 8.1583E+03  1.0290E+09 -9.1216E+06  9.3819E+06  8.8104E-03  9.4489E+00
0000001 7.8990E+03  1.0581E+09 -9.6669E+06  1.0258E+07  9.0047E-03  8.8430E+00
0000001 7.6282E+03  1.0864E+09 -1.0239E+07  1.1073E+07  9.2389E-03  2.4144E+00
0000001 7.2929E+03  1.1229E+09 -1.0899E+07  1.2197E+07  9.5486E-03  2.0937E+00
0000001 7.0477E+03  1.1494E+09 -1.1374E+07  1.3048E+07  9.7900E-03  2.3302E+01
0000001 6.7059E+03  1.1836E+09 -1.1836E+07  1.4232E+07  1.0150E-02  2.8848E+00
0000001 6.4674E+03  1.2083E+09 -1.2217E+07  1.5234E+07  1.0419E-02  6.7537E+01
0000001 6.1202E+03  1.2401E+09 -1.2847E+07  1.6291E+07  1.0840E-02  3.4466E+00
0000001 5.8797E+03  1.2630E+09 -1.3302E+07  1.6994E+07  1.1155E-02  3.2755E+00
0000001 5.5411E+03  1.2924E+09 -1.3891E+07  1.7969E+07  1.1633E-02  3.8047E+00
0000001 5.2866E+03  1.3135E+09 -1.4293E+07  1.8755E+07  1.2023E-02  2.0280E+01
0000001 4.9610E+03  1.3403E+09 -1.4919E+07  1.9768E+07  1.2566E-02  6.0001E+00
0000001 4.6415E+03  1.3658E+09 -1.5460E+07  2.0657E+07  1.3152E-02  3.5652E+00
0000001 4.3234E+03  1.3900E+09 -1.5936E+07  2.1597E+07  1.3799E-02  4.8143E+00
0000001 4.0814E+03  1.4072E+09 -1.6165E+07  2.2287E+07  1.4338E-02  1.8023E+01
0000001 3.7570E+03  1.4289E+09 -1.6525E+07  2.3169E+07  1.5134E-02  3.9427E+00
0000001 3.5200E+03  1.4442E+09 -1.6802E+07  2.3791E+07  1.5776E-02  3.6154E+00
0000001 3.2063E+03  1.4634E+09 -1.7116E+07  2.4552E+07  1.6718E-02  3.5383E+00
0000001 2.9027E+03  1.4812E+09 -1.7490E+07  2.5311E+07  1.7742E-02  2.5720E+00
0000001 2.6022E+03  1.4976E+09 -1.7908E+07  2.5933E+07  1.8882E-02  5.4540E+01
0000001 2.3096E+03  1.5125E+09 -1.8263E+07  2.6644E+07  2.0126E-02  8.4731E+00
0000001 2.0269E+03  1.5261E+09 -1.8451E+07  2.7305E+07  2.1459E-02  8.8205E+00
0000001 1.7530E+03  1.5383E+09 -1.8518E+07  2.7809E+07  2.2861E-02  7.5863E+00
0000001 1.4363E+03  1.5517E+09 -1.8690E+07  2.8385E+07  2.4550E-02  5.0781E+00
0000001 1.1403E+03  1.5631E+09 -1.8896E+07  2.8889E+07  2.5999E-02  1.8189E+01
0000001 8.5591E+02  1.5744E+09 -1.9237E+07  2.9553E+07  2.6840E-02  1.4985E+01
0000001 5.7425E+02  1.5846E+09 -1.9658E+07  3.0223E+07  2.6200E-02  6.7410E+00
0000001 2.8649E+02  1.5964E+09 -2.0080E+07  3.1000E+07  2.1816E-02  4.8450E+01
0000001 0.0000E+00  1.6148E+09 -1.8826E+07  3.6456E+07  0.0000E+00  4.0536E-01
0000002 1.5000E+04  0.0000E+00  0.0000E+00  0.0000E+00  5.6128E-03  0.0000E+00
0000002 1.4634E+04  6.1575E+07  3.2532E+04  6.6495E+04  5.7183E-03  5.0346E+00
0000002 1.4344E+04  1.0926E+08  7.0902E+04  1.9805E+05  5.8050E-03  4.6547E+00
0000002 1.4074E+04  1.5617E+08  8.8501E+04  4.6120E+05  5.8884E-03  4.5199E+01
0000002 1.3726E+04  2.1756E+08  4.2077E+05  9.3135E+05  6.0000E-03  8.5783E+00
0000002 1.3442E+04  2.6271E+08  7.1422E+05  1.4834E+06  6.0946E-03  7.3273E+00
0000002 1.3153E+04  3.0707E+08  1.0375E+06  2.1069E+06  6.1942E-03  2.9818E+00
0000002 1.2899E+04  3.5064E+08  1.3476E+06  2.6986E+06  6.2847E-03  1.2033E+01
0000002 1.2614E+04  3.9347E+08  1.5543E+06  3.2689E+06  6.3904E-03  7.0286E+00
0000002 1.2339E+04  4.3551E+08  1.7088E+06  4.0323E+06  6.4959E-03  2.0227E+00
0000002 1.1998E+04  4.9037E+08  1.8538E+06  5.1681E+06  6.6324E-03  4.3096E+00
0000002 1.1709E+04  5.3063E+08  1.9345E+06  5.9821E+06  6.7525E-03  4.7794E+00
0000002 1.1432E+04  5.7008E+08  2.0241E+06  6.8792E+06  6.8734E-03  3.0316E+01
0000002 1.1151E+04  6.0875E+08  2.2227E+06  7.7160E+06  7.0000E-03  1.9327E+00
0000002 1.0878E+04  6.4662E+08  2.4715E+06  8.4932E+06  7.1289E-03  1.4557E+01
0000002 1.0525E+04  6.9589E+08  2.8628E+06  9.6344E+06  7.3034E-03  4.2009E+00
0000002 1.0241E+04  7.3194E+08  3.1969E+06  1.0404E+07  7.4504E-03  3.0818E+00
0000002 9.9639E+03  7.6717E+08  3.5428E+06  1.1234E+07  7.6012E-03  1.2868E+01
0000002 9.6136E+03  8.1295E+08  4.2000E+06  1.2331E+07  7.8015E-03  8.7411E+00
0000002 9.3512E+03  8.4636E+08  4.7264E+06  1.3025E+07  7.9820E-03  2.7912E+00
0000002 9.0981E+03  8.7901E+08  5.2091E+06  1.3678E+07  8.1577E-03  4.9974E+00
0000002 8.8111E+03  9.1088E+08  5.7069E+06  1.4258E+07  8.3570E-03  6.3497E+00
0000002 8.4585E+03  9.5211E+08  6.4056E+06  1.4913E+07  8.6019E-03  2.6665E+01
0000002 8.2100E+03  9.8214E+08  6.8717E+06  1.5387E+07  8.7745E-03  3.0606E+00
0000002 7.9342E+03  1.0114E+09  7.2988E+06  1.5931E+07  8.9753E-03  3.0017E+00
0000002 7.6468E+03  1.0398E+09  7.6701E+06  1.6454E+07  9.2225E-03  7.1698E+00
0000002 7.3044E+03  1.0764E+09  8.1705E+06  1.7008E+07  9.5377E-03  3.5935E+00
0000002 7.0550E+03  1.1030E+09  8.5115E+06  1.7433E+07  9.7827E-03  4.3566E+00
0000002 6.7095E+03  1.1372E+09  8.9264E+06  1.7870E+07  1.0146E-02  3.0325E+02
0000002 6.4549E+03  1.1619E+09  8.9877E+06  1.7786E+07  1.0433E-02  4.5869E+00
0000002 6.1201E+03  1.1937E+09  9.0954E+06  1.7575E+07  1.0840E-02  1.1005E+01
0000002 5.8567E+03  1.2167E+09  9.2114E+06  1.7437E+07  1.1186E-02  3.1443E+00
0000002 5.5400E+03  1.2460E+09  9.4196E+06  1.7251E+07  1.1635E-02  2.2126E+00
0000002 5.2109E+03  1.2739E+09  9.5873E+06  1.7134E+07  1.2144E-02  3.6429E+00
0000002 4.9681E+03  1.2940E+09  9.4464E+06  1.7108E+07  1.2553E-02  5.5681E+01
0000002 4.6379E+03  1.3195E+09  9.3616E+06  1.7196E+07  1.3159E-02  8.1629E+00
0000002 4.3940E+03  1.3378E+09  9.3238E+06  1.7259E+07  1.3650E-02  4.3362E+00
0000002 4.0676E+03  1.3608E+09  9.3875E+06  1.7326E+07  1.4370E-02  5.2222E+00
0000002 3.7590E+03  1.3825E+09  9.4532E+06  1.7488E+07  1.5129E-02  5.0948E+00
0000002 3.5169E+03  1.3978E+09  9.4274E+06  1.7631E+07  1.5785E-02  1.3212E+01
0000002 3.2151E+03  1.4170E+09  9.4046E+06  1.7722E+07  1.6689E-02  6.0180E+00
0000002 2.8936E+03  1.4348E+09  9.2071E+06  1.7828E+07  1.7775E-02  5.1847E+00
0000002 2.5953E+03  1.4512E+09  9.0421E+06  1.7934E+07  1.8910E-02  3.3791E+00
0000002 2.3008E+03  1.4661E+09  8.9700E+06  1.8015E+07  2.0166E-02  9.5834E+00
0000002 2.0192E+03  1.4797E+09  8.8677E+06  1.8108E+07  2.1497E-02  4.5503E+00
0000002 1.7509E+03  1.4919E+09  8.8009E+06  1.8290E+07  2.2872E-02  4.0944E+00
0000002 1.4499E+03  1.5054E+09  8.6707E+06  1.8590E+07  2.4477E-02  1.5733E+02
0000002 1.1553E+03  1.5168E+09  8.7527E+06  1.9146E+07  2.5934E-02  7.3698E+00
0000002 8.6093E+02  1.5281E+09  8.8044E+06  1.9558E+07  2.6834E-02  6.5569E+00
0000002 5.8517E+02  1.5384E+09  8.4663E+06  1.9802E+07  2.6272E-02  8.1005E+00
0000002 2.8329E+02  1.5513E+09  8.6399E+06  2.0099E+07  2.1730E-02  1.7398E+01
0000002 0.0000E+00  1.5723E+09  9.7573E+06  1.9844E+07  0.0000E+00  3.1045E-01
0000003 1.5000E+04  0.0000E+00  0.0000E+00  0.0000E+00  5.6128E-03  0.0000E+00
0000003 1.4627E+04  6.1799E+07 -4.7376E+04 -8.1092E+04  5.7203E-03  3.0888E+00
0000003 1.4334E+04  1.0946E+08 -1.6076E+05 -2.5873E+05  5.8082E-03  4.6402E+00
0000003 1.4067E+04  1.5632E+08 -2.7771E+05 -3.5628E+05  5.8906E-03  3.8642E+00
0000003 1.3763E+04  2.0241E+08 -4.4341E+05 -3.5195E+05  5.9877E-03  3.4303E+00
0000003 1.3512E+04  2.4771E+08 -4.7355E+05 -2.9501E+05  6.0710E-03  3.4528E+01
0000003 1.3139E+04  3.0695E+08 -1.1982E+05 -3.5988E+05  6.1989E-03  2.2937E+00
0000003 1.2935E+04  3.3604E+08  1.1222E+05 -3.9835E+05  6.2716E-03  2.7364E+00
0000003 1.2580E+04  3.9315E+08  5.8950E+05 -4.3132E+05  6.4032E-03  3.3617E+00
0000003 1.2302E+04  4.3506E+08  9.9623E+05 -4.3562E+05  6.5099E-03  3.7554E+00
0000003 1.2038E+04  4.7622E+08  1.4065E+06 -4.4865E+05  6.6157E-03  2.2639E+01
0000003 1.1689E+04  5.2996E+08  1.7661E+06 -5.7471E+05  6.7611E-03  3.1352E+00
0000003 1.1420E+04  5.6937E+08  2.0606E+06 -6.7098E+05  6.8787E-03  1.8491E+01
0000003 1.1145E+04  6.0802E+08  2.2406E+06 -7.2412E+05  7.0027E-03  7.7594E+01
0000003 1.0862E+04  6.4588E+08  2.2669E+06 -6.6385E+05  7.1368E-03  2.9380E+01
0000003 1.0571E+04  6.8290E+08  2.1155E+06 -5.4746E+05  7.2798E-03  4.8588E+00
0000003 1.0220E+04  7.3100E+08  1.7894E+06 -1.8169E+05  7.4620E-03  6.1622E+00
0000003 9.9407E+03  7.6618E+08  1.3878E+06  1.3580E+05  7.6140E-03  4.8427E+00
0000003 9.6644E+03  8.0052E+08  9.3255E+05  5.3680E+05  7.7719E-03  4.4387E+00
0000003 9.3855E+03  8.3408E+08  4.5654E+05  1.0863E+06  7.9582E-03  1.9655E+02
0000003 9.0445E+03  8.7758E+08  1.4334E+05  1.9941E+06  8.1949E-03  6.4003E+00
0000003 8.7983E+03  9.0933E+08  2.3054E+04  2.7624E+06  8.3659E-03  2.0755E+01
0000003 8.4504E+03  9.5053E+08 -2.9935E+05  3.7540E+06  8.6075E-03  9.8949E+01
0000003 8.1675E+03  9.8049E+08 -5.0544E+05  4.6294E+06  8.8041E-03  4.5726E+00
0000003 7.9122E+03  1.0096E+09 -6.9932E+05  5.4247E+06  8.9937E-03  1.7833E+01
0000003 7.5740E+03  1.0473E+09 -8.3818E+05  6.4802E+06  9.2876E-03  2.7013E+00
0000003 7.3101E+03  1.0747E+09 -9.4743E+05  7.2965E+06  9.5322E-03  8.2415E+00
0000003 7.0488E+03  1.1012E+09 -1.1562E+06  8.0146E+06  9.7889E-03  4.2919E+00
0000003 6.7284E+03  1.1354E+09 -1.4407E+06  8.8382E+06  1.0125E-02  9.7000E+00
0000003 6.3861E+03  1.1683E+09 -1.7873E+06  9.5961E+06  1.0514E-02  1.2865E+01
0000003 6.1555E+03  1.1921E+09 -1.9959E+06  1.0176E+07  1.0796E-02  4.2482E+00
0000003 5.8215E+03  1.2226E+09 -2.2587E+06  1.1015E+07  1.1234E-02  2.8816E+02
0000003 5.5825E+03  1.2447E+09 -2.4569E+06  1.1327E+07  1.1572E-02  3.3199E+00
0000003 5.2662E+03  1.2728E+09 -2.8485E+06  1.1474E+07  1.2056E-02  4.1418E+00
0000003 4.9509E+03  1.2996E+09 -3.3101E+06  1.1650E+07  1.2583E-02  1.7055E+01
0000003 4.6952E+03  1.3188E+09 -3.5582E+06  1.1909E+07  1.3050E-02  4.4856E+00
0000003 4.3684E+03  1.3432E+09 -3.9528E+06  1.2146E+07  1.3703E-02  3.2780E+00
0000003 4.1126E+03  1.3605E+09 -4.2404E+06  1.2241E+07  1.4266E-02  3.9057E+00
0000003 3.7992E+03  1.3824E+09 -4.6041E+06  1.2407E+07  1.5025E-02  1.1995E+01
0000003 3.4786E+03  1.4028E+09 -4.9876E+06  1.2400E+07  1.5894E-02  4.1666E+00
0000003 3.1763E+03  1.4218E+09 -5.5348E+06  1.2492E+07  1.6814E-02  1.2485E+01
0000003 2.8948E+03  1.4395E+09 -6.1118E+06  1.2702E+07  1.7771E-02  1.5392E+01
0000003 2.5820E+03  1.4559E+09 -6.6363E+06  1.2908E+07  1.8964E-02  7.8430E+00
0000003 2.2933E+03  1.4708E+09 -7.0470E+06  1.3002E+07  2.0199E-02  3.3876E+00
0000003 2.0137E+03  1.4843E+09 -7.3817E+06  1.3071E+07  2.1524E-02  5.5785E+00
0000003 1.7464E+03  1.4965E+09 -7.8419E+06  1.3152E+07  2.2896E-02  6.6882E+01
0000003 1.4293E+03  1.5098E+09 -8.1763E+06  1.3335E+07  2.4587E-02  4.6153E+00
0000003 1.1410E+03  1.5212E+09 -8.4843E+06  1.3516E+07  2.5996E-02  4.5679E+00
0000003 8.4766E+02  1.5325E+09 -8.7887E+06  1.3755E+07  2.6848E-02  5.5457E+00
0000003 5.7619E+02  1.5426E+09 -9.0722E+06  1.4111E+07  2.6214E-02  4.3699E+00
0000003 2.8005E+02  1.5553E+09 -9.2679E+06  1.4338E+07  2.1641E-02  1.0638E+02
0000003 0.0000E+00  1.5732E+09 -4.8175E+06  1.5241E+07  0.0000E+00  4.6382E-01
0000004 1.5000E+04  0.0000E+00  0.0000E+00  0.0000E+00  5.6128E-03  0.0000E+00
0000004 1.4629E+04  5.8709E+07 -6.0917E+04  1.8138E+05  5.7198E-03  2.9019E+00
0000004 1.4374E+04  1.0640E+08 -1.8263E+05  4.6477E+05  5.7960E-03  1.2596E+01
0000004 1.4104E+04  1.5336E+08 -3.7735E+05  7.9728E+05  5.8791E-03  1.8213E+01
0000004 1.3754E+04  2.1484E+08 -5.1084E+05  1.2118E+06  5.9908E-03  5.2965E+00
0000004 1.3475E+04  2.6009E+08 -6.3019E+05  1.4907E+06  6.0833E-03  2.6685E+01
0000004 1.3195E+04  3.0454E+08 -7.6805E+05  1.8774E+06  6.1795E-03  4.0739E+00
0000004 1.2909E+04  3.4823E+08 -9.4549E+05  2.1910E+06  6.2814E-03  3.5826E+00
0000004 1.2635E+04  3.9109E+08 -1.0787E+06  2.5843E+06  6.3823E-03  1.0763E+01
0000004 1.2275E+04  4.4707E+08 -1.1654E+06  3.1028E+06  6.5208E-03  5.0486E+00
0000004 1.1987E+04  4.8814E+08 -1.2222E+06  3.2412E+06  6.6368E-03  4.1749E+00
0000004 1.1697E+04  5.2838E+08 -1.3227E+06  3.3515E+06  6.7577E-03  1.2643E+01
0000004 1.1408E+04  5.6780E+08 -1.3622E+06  3.4819E+06  6.8838E-03  4.2954E+00
0000004 1.1133E+04  6.0641E+08 -1.3384E+06  3.6824E+06  7.0086E-03  4.0281E+00
0000004 1.0854E+04  6.4424E+08 -1.2331E+06  3.9295E+06  7.1407E-03  4.0222E+00
0000004 1.0538E+04  6.9349E+08 -1.1010E+06  4.5161E+06  7.2968E-03  3.3033E+00
0000004 1.0262E+04  7.2957E+08 -9.4251E+05  5.0024E+06  7.4394E-03  1.3683E+01
0000004 9.9110E+03  7.7650E+08 -6.3049E+05  5.6565E+06  7.6305E-03  8.5001E+00
0000004 9.6600E+03  8.1080E+08 -4.2792E+05  6.0883E+06  7.7744E-03  6.6400E+00
0000004 9.3909E+03  8.4437E+08 -3.2522E+05  6.4947E+06  7.9544E-03  2.1461E+00
0000004 9.0335E+03  8.8791E+08 -9.8672E+04  6.9888E+06  8.2026E-03  5.4420E+00
0000004 8.7419E+03  9.1960E+08  1.3277E+05  7.4316E+06  8.4051E-03  3.5700E+00
0000004 8.4750E+03  9.5047E+08  3.1180E+05  7.8206E+06  8.5905E-03  3.7798E+00
0000004 8.2178E+03  9.8056E+08  3.8857E+05  8.0513E+06  8.7691E-03  1.8792E+01
0000004 7.8702E+03  1.0195E+09  5.4087E+05  8.5022E+06  9.0287E-03  6.6756E+00
0000004 7.6271E+03  1.0477E+09  6.4557E+05  8.8017E+06  9.2398E-03  5.0560E+00
0000004 7.2766E+03  1.0842E+09  4.0238E+05  9.2974E+06  9.5643E-03  2.8571E+00
0000004 7.0006E+03  1.1107E+09  5.7938E+04  9.7622E+06  9.8377E-03  2.9560E+00
0000004 6.7318E+03  1.1363E+09 -3.2574E+05  1.0221E+07  1.0122E-02  1.6870E+01
0000004 6.3850E+03  1.1692E+09 -1.0436E+06  1.0785E+07  1.0516E-02  3.3749E+00
0000004 6.1330E+03  1.1929E+09 -1.5825E+06  1.1159E+07  1.0824E-02  1.7166E+01
0000004 5.7965E+03  1.2234E+09 -2.2207E+06  1.1767E+07  1.1268E-02  3.3998E+00
0000004 5.5314E+03  1.2452E+09 -2.7190E+06  1.2198E+07  1.1647E-02  1.0200E+01
0000004 5.2748E+03  1.2663E+09 -3.1745E+06  1.2615E+07  1.2042E-02  6.9839E+00
0000004 4.9510E+03  1.2932E+09 -3.8496E+06  1.3271E+07  1.2583E-02  2.8659E+00
0000004 4.7016E+03  1.3124E+09 -4.3753E+06  1.3779E+07  1.3038E-02  4.3973E+00
0000004 4.3807E+03  1.3368E+09 -5.1018E+06  1.4366E+07  1.3678E-02  2.1679E+00
0000004 4.0412E+03  1.3597E+09 -5.7849E+06  1.4889E+07  1.4432E-02  6.1573E+00
0000004 3.7891E+03  1.3760E+09 -6.2578E+06  1.5247E+07  1.5051E-02  3.4826E+00
0000004 3.4883E+03  1.3964E+09 -6.8174E+06  1.5644E+07  1.5866E-02  2.3732E+01
0000004 3.1746E+03  1.4155E+09 -7.3988E+06  1.5800E+07  1.6819E-02  1.0002E+01
0000004 2.8784E+03  1.4331E+09 -7.9214E+06  1.5815E+07  1.7829E-02  1.3031E+02
0000004 2.5905E+03  1.4494E+09 -8.4987E+06  1.6108E+07  1.8929E-02  4.3391E+00
0000004 2.3197E+03  1.4644E+09 -9.0421E+06  1.6358E+07  2.0081E-02  1.0686E+01
0000004 2.0487E+03  1.4781E+09 -9.5255E+06  1.6521E+07  2.1352E-02  7.7440E+00
0000004 1.6992E+03  1.4932E+09 -1.0097E+07  1.6880E+07  2.3146E-02  4.3300E+00
0000004 1.4445E+03  1.5038E+09 -1.0475E+07  1.7218E+07  2.4506E-02  5.9895E+00
0000004 1.1659E+03  1.5153E+09 -1.1011E+07  1.7627E+07  2.5887E-02  2.9315E+00
0000004 8.6879E+02  1.5267E+09 -1.1465E+07  1.7998E+07  2.6824E-02  5.3390E+00
0000004 5.8502E+02  1.5370E+09 -1.1802E+07  1.8371E+07  2.6271E-02  6.3381E+00
0000004 2.7711E+02  1.5489E+09 -1.2283E+07  1.8821E+07  2.1559E-02  5.0530E+00
0000004 0.0000E+00  1.5677E+09 -1.0527E+07  1.7361E+07  0.0000E+00  6.7665E-01
0000005 1.5000E+04  0.0000E+00  0.0000E+00  0.0000E+00  5.6128E-03  0.0000E+00
0000005 1.4682E+04  5.6246E+07  2.9733E+04  2.5581E+04  5.7044E-03  4.9514E+00
0000005 1.4407E+04  1.0407E+08  6.6900E+04  2.1194E+04  5.7861E-03  1.3600E+01
0000005 1.4108E+04  1.5110E+08  3.9554E+04 -1.3532E+04  5.8780E-03  2.8825E+00
0000005 1.3802E+04  1.9731E+08 -5.8668E+04 -4.5531E+04  5.9751E-03  2.6185E+02
0000005 1.3528E+04  2.4271E+08  6.5719E+04  3.2887E+05  6.0654E-03  6.5051E+00
0000005 1.3199E+04  3.0206E+08  5.1981E+05  8.7961E+05  6.1781E-03  3.8531E+02
0000005 1.2929E+04  3.4574E+08  1.3726E+06  1.0781E+06  6.2738E-03  4.8439E+01
0000005 1.2562E+04  4.0280E+08  2.3219E+06  1.2841E+06  6.4098E-03  2.7380E+00
0000005 1.2299E+04  4.4468E+08  3.0147E+06  1.5202E+06  6.5114E-03  8.2110E+00
0000005 1.2028E+04  4.8581E+08  3.5941E+06  1.8529E+06  6.6198E-03  3.8247E+00
0000005 1.1696E+04  5.3950E+08  4.4391E+06  2.3617E+06  6.7580E-03  6.2221E+00
0000005 1.1423E+04  5.7892E+08  5.1531E+06  2.8065E+06  6.8771E-03  8.7734E+00
0000005 1.1167E+04  6.1759E+08  5.8251E+06  3.3051E+06  6.9929E-03  1.2600E+01
0000005 1.0838E+04  6.6803E+08  6.5583E+06  4.0236E+06  7.1481E-03  7.1503E+00
0000005 1.0585E+04  7.0501E+08  7.1153E+06  4.4746E+06  7.2730E-03  3.8925E+00
0000005 1.0206E+04  7.5313E+08  7.8396E+06  5.1253E+06  7.4695E-03  1.1344E+01
0000005 9.9378E+03  7.8827E+08  8.4164E+06  5.5408E+06  7.6156E-03  1.7612E+01
0000005 9.6693E+03  8.2263E+08  8.9656E+06  6.0864E+06  7.7690E-03  5.4293E+00
0000005 9.3796E+03  8.5618E+08  9.5582E+06  6.7631E+06  7.9622E-03  4.4113E+00
0000005 9.0972E+03  8.8889E+08  1.0210E+07  7.5260E+06  8.1584E-03  3.5115E+00
0000005 8.7710E+03  9.3128E+08  1.1081E+07  8.6156E+06  8.3849E-03  1.3939E+01
0000005 8.5018E+03  9.6220E+08  1.1645E+07  9.2859E+06  8.5719E-03  3.1246E+00
0000005 8.1619E+03  1.0022E+09  1.2248E+07  1.0112E+07  8.8079E-03  1.1988E+01
0000005 7.8938E+03  1.0313E+09  1.2662E+07  1.0650E+07  9.0090E-03  5.8690E+00
0000005 7.6442E+03  1.0597E+09  1.2976E+07  1.1208E+07  9.2247E-03  3.2253E+00
0000005 7.3221E+03  1.0963E+09  1.3254E+07  1.1927E+07  9.5208E-03  1.4554E+01
0000005 7.0086E+03  1.1316E+09  1.3442E+07  1.2694E+07  9.8295E-03  3.5680E+00
0000005 6.7525E+03  1.1573E+09  1.3462E+07  1.3233E+07  1.0099E-02  5.7968E+01
0000005 6.4073E+03  1.1903E+09  1.3553E+07  1.3748E+07  1.0489E-02  2.9408E+00
0000005 6.1385E+03  1.2140E+09  1.3656E+07  1.4094E+07  1.0817E-02  2.8179E+01
0000005 5.7932E+03  1.2445E+09  1.3667E+07  1.4571E+07  1.1273E-02  3.3659E+00
0000005 5.5362E+03  1.2664E+09  1.3682E+07  1.5000E+07  1.1640E-02  7.0926E+00
0000005 5.2882E+03  1.2875E+09  1.3679E+07  1.5413E+07  1.2020E-02  8.0185E+00
0000005 4.9412E+03  1.3144E+09  1.3614E+07  1.5829E+07  1.2600E-02  5.1103E+00
0000005 4.7025E+03  1.3336E+09  1.3458E+07  1.6036E+07  1.3036E-02  7.0861E+00
0000005 4.3915E+03  1.3580E+09  1.3063E+07  1.6226E+07  1.3655E-02  1.4282E+01
0000005 4.0793E+03  1.3811E+09  1.2766E+07  1.6212E+07  1.4343E-02  6.3863E+00
0000005 3.7607E+03  1.4027E+09  1.2602E+07  1.6236E+07  1.5124E-02  9.6321E+00
0000005 3.5225E+03  1.4181E+09  1.2562E+07  1.6093E+07  1.5769E-02  1.8413E+01
0000005 3.1848E+03  1.4373E+09  1.2529E+07  1.5836E+07  1.6786E-02  1.2906E+01
0000005 2.8857E+03  1.4550E+09  1.2569E+07  1.5479E+07  1.7803E-02  6.3530E+00
0000005 2.5965E+03  1.4713E+09  1.2562E+07  1.5166E+07  1.8905E-02  7.0943E+00
0000005 2.2964E+03  1.4862E+09  1.2580E+07  1.4890E+07  2.0185E-02  3.6106E+00
0000005 2.0115E+03  1.4998E+09  1.2586E+07  1.4653E+07  2.1535E-02  2.1980E+01
0000005 1.7048E+03  1.5118E+09  1.3155E+07  1.4924E+07  2.3117E-02  4.9367E+00
0000005 1.4554E+03  1.5221E+09  1.5524E+07  1.6403E+07  2.4449E-02  3.0070E+01
0000005 1.1622E+03  1.5332E+09  1.8023E+07  1.7855E+07  2.5904E-02  6.2915E+01
0000005 8.5520E+02  1.5443E+09  2.0292E+07  1.9121E+07  2.6841E-02  7.9663E+00
0000005 5.7803E+02  1.5543E+09  2.2367E+07  2.0104E+07  2.6226E-02  3.1627E+00
0000005 2.8322E+02  1.5659E+09  2.4453E+07  2.1373E+07  2.1728E-02  9.2823E+00
0000005 0.0000E+00  1.5802E+09  3.1376E+07  2.0327E+07  0.0000E+00  5.4996E-01
0000006 1.5000E+04  0.0000E+00  0.0000E+00  0.0000E+00  5.6128E-03  0.0000E+00
0000006 1.4620E+04  6.8582E+07 -6.2721E+04  3.6221E+05  5.7224E-03  8.0958E+00
0000006 1.4333E+04  1.1624E+08  9.2233E+04  1.4915E+06  5.8085E-03  7.3398E+00
0000006 1.4061E+04  1.6310E+08  3.0771E+05  2.5527E+06  5.8923E-03  4.9126E+00
0000006 1.3785E+04  2.0921E+08  5.6770E+05  3.5165E+06  5.9808E-03  4.7853E+00
0000006 1.3492E+04  2.5451E+08  9.1081E+05  4.5636E+06  6.0778E-03  3.3349E+01
0000006 1.3198E+04  2.9899E+08  1.3023E+06  5.4985E+06  6.1785E-03  5.2174E+00
0000006 1.2936E+04  3.4269E+08  1.7045E+06  6.3115E+06  6.2714E-03  2.8004E+02
0000006 1.2573E+04  3.9979E+08  2.1082E+06  6.8571E+06  6.4059E-03  3.0923E+00
0000006 1.2289E+04  4.4172E+08  2.4441E+06  7.2002E+06  6.5153E-03  2.1712E+00
0000006 1.2035E+04  4.8286E+08  2.7442E+06  7.5326E+06  6.6171E-03  4.3197E+00
0000006 1.1753E+04  5.2323E+08  2.9359E+06  7.9471E+06  6.7340E-03  2.0213E+01
0000006 1.1397E+04  5.7587E+08  2.9204E+06  8.4927E+06  6.8889E-03  1.5206E+01
0000006 1.1104E+04  6.1443E+08  2.8984E+06  9.0241E+06  7.0222E-03  4.5082E+00
0000006 1.0848E+04  6.5216E+08  2.9497E+06  9.5717E+06  7.1432E-03  6.6097E+00
0000006 1.0501E+04  7.0132E+08  3.0433E+06  1.0227E+07  7.3154E-03  9.3345E+00
0000006 1.0245E+04  7.3734E+08  2.9883E+06  1.0612E+07  7.4485E-03  5.6257E+00
0000006 9.9645E+03  7.7258E+08  2.7912E+06  1.0776E+07  7.6008E-03  5.4299E+00
0000006 9.6920E+03  8.0703E+08  2.5796E+06  1.0785E+07  7.7557E-03  3.2953E+00
0000006 9.3325E+03  8.5170E+08  2.2790E+06  1.0545E+07  7.9949E-03  2.2119E+00
0000006 9.0643E+03  8.8428E+08  2.0777E+06  1.0351E+07  8.1812E-03  1.3154E+01
0000006 8.8089E+03  9.1610E+08  1.8056E+06  1.0111E+07  8.3586E-03  4.5450E+00
0000006 8.4620E+03  9.5737E+08  1.4526E+06  9.8416E+06  8.5995E-03  3.2725E+00
0000006 8.2104E+03  9.8741E+08  1.2133E+06  9.6521E+06  8.7743E-03  3.9689E+00
0000006 7.8870E+03  1.0263E+09  8.9182E+05  9.4325E+06  9.0147E-03  1.3469E+01
0000006 7.6072E+03  1.0546E+09  8.0540E+05  9.2766E+06  9.2575E-03  4.1950E+00
0000006 7.3391E+03  1.0820E+09  7.0571E+05  8.9828E+06  9.5045E-03  3.4502E+00
0000006 7.0022E+03  1.1174E+09  4.8287E+05  8.5948E+06  9.8361E-03  8.5912E+01
0000006 6.7524E+03  1.1431E+09  1.0295E+05  8.3669E+06  1.0099E-02  4.9395E+00
0000006 6.4154E+03  1.1761E+09 -4.8585E+05  7.9380E+06  1.0480E-02  5.4343E+00
0000006 6.1588E+03  1.1999E+09 -8.7172E+05  7.5811E+06  1.0792E-02  4.4892E+00
0000006 5.8170E+03  1.2304E+09 -1.4991E+06  7.2224E+06  1.1240E-02  5.9127E+00
0000006 5.5675E+03  1.2524E+09 -1.9757E+06  6.9789E+06  1.1594E-02  3.2072E+00
0000006 5.2392E+03  1.2805E+09 -2.5513E+06  6.7403E+06  1.2099E-02  3.9498E+00
0000006 4.9937E+03  1.3006E+09 -2.9264E+06  6.6213E+06  1.2509E-02  3.2967E+00
0000006 4.6566E+03  1.3263E+09 -3.4301E+06  6.4818E+06  1.3124E-02  7.0305E+00
0000006 4.3585E+03  1.3505E+09 -4.0066E+06  6.3130E+06  1.3724E-02  5.8322E+00
0000006 4.1060E+03  1.3678E+09 -4.4715E+06  6.1174E+06  1.4281E-02  3.8334E+00
0000006 3.8040E+03  1.3896E+09 -5.1122E+06  5.8230E+06  1.5012E-02  1.5725E+03
0000006 3.4898E+03  1.4101E+09 -6.6499E+06  5.5574E+06  1.5862E-02  4.5527E+00
0000006 3.1619E+03  1.4290E+09 -8.1573E+06  5.3309E+06  1.6860E-02  4.3654E+00
0000006 2.9323E+03  1.4423E+09 -9.2316E+06  5.1511E+06  1.7637E-02  1.1120E+01
0000006 2.6432E+03  1.4588E+09 -1.0363E+07  4.9638E+06  1.8719E-02  3.2917E+00
0000006 2.2820E+03  1.4776E+09 -1.1254E+07  4.7666E+06  2.0250E-02  4.8867E+01
0000006 1.9944E+03  1.4911E+09 -1.1690E+07  4.5779E+06  2.1620E-02  8.0000E+00
0000006 1.7309E+03  1.5032E+09 -1.2024E+07  4.4112E+06  2.2978E-02  5.6316E+01
0000006 1.4154E+03  1.5164E+09 -1.2257E+07  4.1930E+06  2.4659E-02  4.7714E+00
0000006 1.1263E+03  1.5277E+09 -1.2654E+07  4.0449E+06  2.6058E-02  9.8572E+00
0000006 8.6875E+02  1.5371E+09 -1.3304E+07  3.5645E+06  2.6824E-02  8.0152E+00
0000006 5.5573E+02  1.5486E+09 -1.4371E+07  2.7425E+06  2.6067E-02  7.5505E+00
0000006 2.8970E+02  1.5592E+09 -1.5382E+07  1.9033E+06  2.1902E-02  9.2578E+00
0000006 0.0000E+00  1.5793E+09 -1.8612E+07 -2.2169E+06  0.0000E+00  2.5782E-01
0000007 1.5000E+04  0.0000E+00  0.0000E+00  0.0000E+00  5.6128E-03  0.0000E+00
0000007 1.4637E+04  6.2362E+07  2.0493E+05 -1.4416E+05  5.7174E-03  7.4203E+01
0000007 1.4384E+04  1.1008E+08  3.2862E+05 -5.3123E+05  5.7929E-03  4.7971E+00
0000007 1.4106E+04  1.5710E+08  4.9186E+05 -1.0563E+06  5.8784E-03  6.4502E+00
0000007 1.3762E+04  2.1858E+08  8.1579E+05 -1.8137E+06  5.9881E-03  3.8773E+00
0000007 1.3510E+04  2.6386E+08  1.2445E+06 -2.4860E+06  6.0716E-03  6.5967E+00
0000007 1.3163E+04  3.2313E+08  2.0674E+06 -3.4213E+06  6.1906E-03  4.7002E+00
0000007 1.2898E+04  3.6672E+08  2.8215E+06 -4.0772E+06  6.2851E-03  6.9421E+00
0000007 1.2628E+04  4.0954E+08  3.6503E+06 -4.7838E+06  6.3851E-03  5.8870E+00
0000007 1.2259E+04  4.6545E+08  4.7865E+06 -5.6774E+06  6.5273E-03  1.0078E+01
0000007 1.2005E+04  5.0650E+08  5.5982E+06 -6.3900E+06  6.6294E-03  8.6728E+00
0000007 1.1746E+04  5.4681E+08  6.2138E+06 -7.0629E+06  6.7368E-03  7.7144E+00
0000007 1.1386E+04  5.9939E+08  7.0040E+06 -8.0162E+06  6.8938E-03  8.5720E+00
0000007 1.1111E+04  6.3794E+08  7.4778E+06 -8.7516E+06  7.0185E-03  2.1610E+00
0000007 1.0829E+04  6.7568E+08  7.8959E+06 -9.4173E+06  7.1524E-03  7.7087E+00
0000007 1.0571E+04  7.1264E+08  8.3782E+06 -1.0077E+07  7.2802E-03  9.1839E+00
0000007 1.0207E+04  7.6075E+08  8.9892E+06 -1.0935E+07  7.4691E-03  6.7707E+00
0000007 9.9384E+03  7.9589E+08  9.4635E+06 -1.1534E+07  7.6152E-03  3.0685E+00
0000007 9.6575E+03  8.3023E+08  1.0034E+07 -1.2177E+07  7.7759E-03  8.5434E+00
0000007 9.3927E+03  8.6375E+08  1.0728E+07 -1.2945E+07  7.9531E-03  4.1170E+00
0000007 9.0332E+03  9.0724E+08  1.1572E+07 -1.4066E+07  8.2028E-03  2.3559E+01
0000007 8.7653E+03  9.3896E+08  1.2050E+07 -1.4805E+07  8.3888E-03  1.1688E+01
0000007 8.4822E+03  9.6986E+08  1.2467E+07 -1.5521E+07  8.5855E-03  3.9141E+00
0000007 8.1497E+03  1.0098E+09  1.2946E+07 -1.6523E+07  8.8164E-03  5.0772E+01
0000007 7.8971E+03  1.0389E+09  1.3434E+07 -1.7173E+07  9.0063E-03  1.6672E+01
0000007 7.5762E+03  1.0765E+09  1.4204E+07 -1.8076E+07  9.2855E-03  3.3705E+00
0000007 7.3345E+03  1.1039E+09  1.4796E+07 -1.8794E+07  9.5089E-03  5.3815E+00
0000007 6.9881E+03  1.1392E+09  1.5772E+07 -1.9761E+07  9.8506E-03  3.3034E+00
0000007 6.7264E+03  1.1648E+09  1.6601E+07 -2.0468E+07  1.0128E-02  5.9090E+00
0000007 6.3839E+03  1.1976E+09  1.7891E+07 -2.1368E+07  1.0517E-02  1.9086E+01
0000007 6.1515E+03  1.2213E+09  1.8802E+07 -2.1990E+07  1.0801E-02  1.0788E+01
0000007 5.8118E+03  1.2518E+09  1.9884E+07 -2.2818E+07  1.1247E-02  5.5630E+00
0000007 5.5649E+03  1.2738E+09  2.0621E+07 -2.3429E+07  1.1598E-02  5.5003E+00
0000007 5.2307E+03  1.3018E+09  2.1550E+07 -2.4149E+07  1.2113E-02  6.9818E+00
0000007 4.9899E+03  1.3219E+09  2.2224E+07 -2.4693E+07  1.2516E-02  3.4886E+00
0000007 4.6756E+03  1.3476E+09  2.3010E+07 -2.5384E+07  1.3087E-02  3.8171E+00
0000007 4.3316E+03  1.3718E+09  2.3766E+07 -2.6142E+07  1.3781E-02  3.9193E+01
0000007 4.0791E+03  1.3890E+09  2.4359E+07 -2.6710E+07  1.4343E-02  6.6437E+00
0000007 3.7642E+03  1.4107E+09  2.5157E+07 -2.7504E+07  1.5115E-02  8.6963E+00
0000007 3.4585E+03  1.4310E+09  2.5954E+07 -2.8245E+07  1.5952E-02  6.8862E+00
0000007 3.2333E+03  1.4453E+09  2.6501E+07 -2.8923E+07  1.6632E-02  1.6259E+01
0000007 2.9259E+03  1.4632E+09  2.7317E+07 -2.9837E+07  1.7660E-02  3.9817E+01
0000007 2.6301E+03  1.4797E+09  2.8155E+07 -3.0463E+07  1.8771E-02  9.4960E+00
0000007 2.3319E+03  1.4947E+09  2.8811E+07 -3.1056E+07  2.0027E-02  3.5229E+00
0000007 1.9953E+03  1.5117E+09  2.9682E+07 -3.1643E+07  2.1615E-02  1.2736E+01
0000007 1.7199E+03  1.5238E+09  3.0327E+07 -3.2132E+07  2.3036E-02  1.6341E+01
0000007 1.4154E+03  1.5370E+09  3.1000E+07 -3.2708E+07  2.4660E-02  6.5563E+00
0000007 1.1323E+03  1.5483E+09  3.1452E+07 -3.3109E+07  2.6033E-02  2.0152E+01
0000007 8.4238E+02  1.5594E+09  3.1677E+07 -3.3497E+07  2.6853E-02  3.5439E+01
0000007 5.6567E+02  1.5695E+09  3.1613E+07 -3.3828E+07  2.6140E-02  3.5769E+00
0000007 2.7959E+02  1.5812E+09  3.1449E+07 -3.4090E+07  2.1628E-02  8.8165E+00
0000007 0.0000E+00  1.5993E+09  3.3344E+07 -3.6847E+07  0.0000E+00  5.8719E-01
0000008 1.5000E+04  0.0000E+00  0.0000E+00  0.0000E+00  5.6128E-03  0.0000E+00
0000008 1.4635E+04  6.9277E+07 -1.8038E+05  1.6762E+05  5.7180E-03  4.4762E+00
0000008 1.4381E+04  1.1702E+08 -3.6486E+05  3.8110E+05  5.7939E-03  3.9517E+00
0000008 1.4104E+04  1.6399E+08 -5.7593E+05  5.1043E+05  5.8790E-03  1.5470E+01
0000008 1.3723E+04  2.2546E+08 -8.1551E+05  4.0852E+05  6.0011E-03  7.5443E+00
0000008 1.3455E+04  2.7064E+08 -9.5881E+05  3.2784E+05  6.0903E-03  2.2849E+01
0000008 1.3170E+04  3.1504E+08 -1.1529E+06  3.9114E+05  6.1883E-03  1.3210E+02
0000008 1.2860E+04  3.5861E+08 -1.1333E+06  2.1110E+05  6.2991E-03  2.3425E+01
0000008 1.2586E+04  4.0135E+08 -1.1347E+06 -2.8468E+04  6.4010E-03  4.8282E+00
0000008 1.2302E+04  4.4331E+08 -1.0930E+06 -3.2090E+05  6.5102E-03  4.9506E+00
0000008 1.2039E+04  4.8447E+08 -1.0592E+06 -7.1576E+05  6.6153E-03  4.9572E+00
0000008 1.1685E+04  5.3822E+08 -1.1231E+06 -1.2971E+06  6.7630E-03  1.1574E+01
0000008 1.1420E+04  5.7763E+08 -1.2495E+06 -1.7056E+06  6.8785E-03  9.3836E+00
0000008 1.1156E+04  6.1628E+08 -1.4998E+06 -1.7198E+06  6.9976E-03  3.4138E+00
0000008 1.0873E+04  6.5415E+08 -1.8942E+06 -1.5849E+06  7.1314E-03  3.5860E+00
0000008 1.0541E+04  7.0344E+08 -2.5268E+06 -1.4047E+06  7.2955E-03  3.4889E+00
0000008 1.0283E+04  7.3958E+08 -3.0098E+06 -1.2862E+06  7.4287E-03  5.5452E+00
0000008 9.9348E+03  7.8660E+08 -3.6216E+06 -1.0503E+06  7.6172E-03  5.2673E+00
0000008 9.6615E+03  8.2096E+08 -4.0731E+06 -8.6284E+05  7.7735E-03  2.7977E+00
0000008 9.4008E+03  8.5451E+08 -4.5893E+06 -6.5341E+05  7.9475E-03  2.8452E+00
0000008 9.1119E+03  8.8729E+08 -5.0478E+06 -4.5229E+05  8.1481E-03  4.1202E+00
0000008 8.7669E+03  9.2973E+08 -5.5002E+06 -2.6360E+05  8.3877E-03  9.0322E+00
0000008 8.5215E+03  9.6067E+08 -5.7804E+06 -1.8884E+05  8.5581E-03  9.0865E+00
0000008 8.1638E+03  1.0007E+09 -6.1589E+06  4.9167E+03  8.8066E-03  2.0060E+00
0000008 7.8913E+03  1.0299E+09 -6.3702E+06  1.9399E+05  9.0111E-03  3.9324E+00
0000008 7.6232E+03  1.0582E+09 -6.5346E+06  3.1982E+05  9.2432E-03  4.7594E+00
0000008 7.2790E+03  1.0947E+09 -6.6832E+06  3.5264E+05  9.5619E-03  2.9418E+00
0000008 7.0254E+03  1.1212E+09 -6.5270E+06  5.4819E+05  9.8125E-03  3.6015E+00
0000008 6.6925E+03  1.1553E+09 -6.2929E+06  9.6956E+05  1.0165E-02  1.9051E+01
0000008 6.4280E+03  1.1800E+09 -6.0639E+06  1.3361E+06  1.0465E-02  2.9924E+00
0000008 6.1731E+03  1.2038E+09 -5.8094E+06  1.6640E+06  1.0774E-02  2.8895E+01
0000008 5.8286E+03  1.2344E+09 -5.5167E+06  1.8584E+06  1.1224E-02  6.8102E+00
0000008 5.5753E+03  1.2564E+09 -5.3546E+06  1.8912E+06  1.1583E-02  1.4772E+01
0000008 5.2585E+03  1.2846E+09 -4.9813E+06  1.9432E+06  1.2068E-02  9.3199E+00
0000008 4.9262E+03  1.3113E+09 -4.3649E+06  1.9390E+06  1.2627E-02  1.6379E+01
0000008 4.6991E+03  1.3305E+09 -3.8115E+06  1.9425E+06  1.3043E-02  5.3761E+00
0000008 4.3768E+03  1.3549E+09 -3.1727E+06  1.9968E+06  1.3686E-02  1.2393E+02
0000008 4.0355E+03  1.3779E+09 -2.7025E+06  2.2910E+06  1.4445E-02  7.5594E+00
0000008 3.7999E+03  1.3941E+09 -2.3531E+06  2.5308E+06  1.5023E-02  3.4224E+00
0000008 3.4812E+03  1.4146E+09 -1.9760E+06  2.7044E+06  1.5887E-02  8.2467E+00
0000008 3.1827E+03  1.4336E+09 -1.7008E+06  2.8226E+06  1.6793E-02  7.5793E+00
0000008 2.8803E+03  1.4513E+09 -1.4250E+06  3.0782E+06  1.7823E-02  7.2136E+00
0000008 2.5819E+03  1.4676E+09 -1.2758E+06  3.3228E+06  1.8964E-02  5.9514E+00
0000008 2.2946E+03  1.4825E+09 -1.2439E+06  3.5673E+06  2.0194E-02  3.6407E+00
0000008 2.0184E+03  1.4960E+09 -1.1279E+06  3.8386E+06  2.1501E-02  5.9041E+00
0000008 1.7638E+03  1.5082E+09 -8.8516E+05  4.1217E+06  2.2804E-02  2.6911E+01
0000008 1.4403E+03  1.5217E+09 -8.2623E+05  4.4746E+06  2.4528E-02  4.9373E+00
0000008 1.1476E+03  1.5331E+09 -7.1653E+05  4.9578E+06  2.5968E-02  3.7212E+00
0000008 8.4639E+02  1.5443E+09 -6.0057E+05  5.6391E+06  2.6850E-02  5.1956E+00
0000008 5.6742E+02  1.5545E+09 -4.1738E+05  6.2933E+06  2.6153E-02  4.5056E+00
0000008 2.9053E+02  1.5662E+09 -6.3690E+05  7.3201E+06  2.1924E-02  8.0499E+00
0000008 0.0000E+00  1.5873E+09 -1.3826E+06  4.3030E+06  0.0000E+00  2.4142E-01
0000009 1.5000E+04  0.0000E+00  0.0000E+00  0.0000E+00  5.6128E-03  0.0000E+00
0000009 1.4652E+04  6.5837E+07  3.7483E+04  1.6836E+05  5.7131E-03  4.1222E+00
0000009 1.4371E+04  1.1358E+08  2.1418E+05  4.7707E+05  5.7969E-03  3.8583E+01
0000009 1.4104E+04  1.6056E+08  3.7422E+05  8.8217E+05  5.8789E-03  6.8047E+00
0000009 1.3759E+04  2.2204E+08  5.1403E+05  1.2128E+06  5.9892E-03  5.7461E+01
0000009 1.3482E+04  2.6730E+08  3.7255E+05  1.3377E+06  6.0810E-03  5.3496E+00
0000009 1.3209E+04  3.1181E+08  1.6211E+05  1.4317E+06  6.1746E-03  1.3242E+01
0000009 1.2930E+04  3.5551E+08 -9.0284E+04  1.4918E+06  6.2734E-03  1.9984E+01
0000009 1.2640E+04  3.9843E+08 -3.9718E+05  1.6598E+06  6.3806E-03  5.2561E+00
0000009 1.2302E+04  4.5447E+08 -7.3888E+05  1.4858E+06  6.5101E-03  5.2221E+01
0000009 1.2020E+04  4.9560E+08 -1.1126E+06  1.3797E+06  6.6231E-03  3.4885E+00
0000009 1.1731E+04  5.3593E+08 -1.4848E+06  1.4194E+06  6.7432E-03  4.3886E+00
0000009 1.1446E+04  5.7544E+08 -1.9158E+06  1.4389E+06  6.8672E-03  7.1962E+01
0000009 1.1170E+04  6.1416E+08 -2.6432E+06  1.3835E+06  6.9915E-03  2.6322E+01
0000009 1.0825E+04  6.6459E+08 -3.6619E+06  1.5014E+06  7.1547E-03  3.5030E+00
0000009 1.0561E+04  7.0153E+08 -4.5120E+06  1.6474E+06  7.2851E-03  6.5037E+00
0000009 1.0218E+04  7.4958E+08 -5.6784E+06  1.9135E+06  7.4628E-03  6.2103E+00
0000009 9.9414E+03  7.8474E+08 -6.6138E+06  2.0670E+06  7.6136E-03  1.0459E+01
0000009 9.6927E+03  8.1912E+08 -7.4062E+06  2.2295E+06  7.7553E-03  5.1273E+00
0000009 9.3160E+03  8.6376E+08 -8.5285E+06  2.4393E+06  8.0064E-03  3.2218E+00
0000009 9.0622E+03  8.9632E+08 -9.4445E+06  2.5252E+06  8.1827E-03  1.1024E+01
0000009 8.7985E+03  9.2811E+08 -1.0477E+07  2.5992E+06  8.3658E-03  3.0658E+00
0000009 8.5156E+03  9.5909E+08 -1.1583E+07  2.6999E+06  8.5623E-03  4.1149E+00
0000009 8.1868E+03  9.9916E+08 -1.3132E+07  2.9302E+06  8.7906E-03  6.3053E+00
0000009 7.9353E+03  1.0284E+09 -1.4295E+07  3.2111E+06  8.9744E-03  6.4755E+00
0000009 7.6095E+03  1.0661E+09 -1.5736E+07  3.6807E+06  9.2554E-03  4.3717E+00
0000009 7.2717E+03  1.1026E+09 -1.7032E+07  4.2081E+06  9.5689E-03  3.9694E+00
0000009 7.0114E+03  1.1291E+09 -1.7908E+07  4.5857E+06  9.8266E-03  2.1823E+01
0000009 6.7529E+03  1.1547E+09 -1.8679E+07  4.8893E+06  1.0099E-02  3.7618E+00
0000009 6.3951E+03  1.1877E+09 -1.9750E+07  5.1903E+06  1.0504E-02  1.1799E+01
0000009 6.1293E+03  1.2114E+09 -2.0612E+07  5.4013E+06  1.0829E-02  4.7469E+01
0000009 5.8144E+03  1.2419E+09 -2.1935E+07  5.6473E+06  1.1244E-02  2.3144E+01
0000009 5.5567E+03  1.2638E+09 -2.3020E+07  5.7434E+06  1.1610E-02  4.7154E+00
0000009 5.2163E+03  1.2917E+09 -2.4484E+07  5.8602E+06  1.2136E-02  1.0510E+01
0000009 4.9701E+03  1.3118E+09 -2.5437E+07  5.9163E+06  1.2550E-02  7.9228E+00
0000009 4.6288E+03  1.3373E+09 -2.6571E+07  6.0573E+06  1.3177E-02  3.0062E+00
0000009 4.3789E+03  1.3555E+09 -2.7440E+07  6.1113E+06  1.3681E-02  5.6297E+00
0000009 4.0699E+03  1.3785E+09 -2.8506E+07  6.1362E+06  1.4364E-02  4.3557E+00
0000009 3.7568E+03  1.4001E+09 -2.9563E+07  6.1164E+06  1.5134E-02  3.3997E+00
0000009 3.5124E+03  1.4154E+09 -3.0295E+07  6.0269E+06  1.5798E-02  4.0663E+00
0000009 3.2302E+03  1.4346E+09 -3.1185E+07  5.9845E+06  1.6642E-02  7.9060E+00
0000009 2.9158E+03  1.4525E+09 -3.1989E+07  5.8699E+06  1.7695E-02  1.2065E+01
0000009 2.6260E+03  1.4689E+09 -3.2906E+07  5.6632E+06  1.8787E-02  1.0156E+01
0000009 2.3498E+03  1.4840E+09 -3.3838E+07  5.4104E+06  1.9947E-02  1.8367E+01
0000009 2.0119E+03  1.5010E+09 -3.5138E+07  5.1003E+06  2.1533E-02  6.8830E+00
0000009 1.7429E+03  1.5132E+09 -3.6117E+07  4.9785E+06  2.2915E-02  3.7294E+00
0000009 1.4279E+03  1.5265E+09 -3.7051E+07  4.9526E+06  2.4594E-02  4.0333E+01
0000009 1.1426E+03  1.5378E+09 -3.7779E+07  5.2057E+06  2.5989E-02  3.2873E+00
0000009 8.5256E+02  1.5490E+09 -3.8591E+07  5.4165E+06  2.6843E-02  1.4849E+02
0000009 5.7378E+02  1.5592E+09 -3.9589E+07  5.5076E+06  2.6197E-02  9.3592E+00
0000009 2.7685E+02  1.5708E+09 -4.0521E+07  5.5009E+06  2.1552E-02  9.7368E+00
0000009 0.0000E+00  1.5902E+09 -4.6612E+07  5.7964E+06  0.0000E+00  8.9857E-01
0000010 1.5000E+04  0.0000E+00  0.0000E+00  0.0000E+00  5.6128E-03  0.0000E+00
0000010 1.4664E+04  5.7345E+07 -4.3122E+04  6.5108E+04  5.7097E-03  2.6925E+00
0000010 1.4372E+04  1.0511E+08 -6.6693E+04  1.0401E+05  5.7966E-03  5.3759E+00
0000010 1.4079E+04  1.5206E+08 -3.8071E+04  1.1712E+05  5.8868E-03  2.0414E+00
0000010 1.3738E+04  2.1348E+08  2.7425E+05  2.1769E+05  5.9960E-03  1.6277E+02
0000010 1.3470E+04  2.5870E+08  7.0330E+05  6.7825E+05  6.0850E-03  9.2253E+01
0000010 1.3191E+04  3.0315E+08  1.3422E+06  1.4436E+06  6.1808E-03  1.1565E+01
0000010 1.2926E+04  3.4681E+08  1.9731E+06  2.2311E+06  6.2749E-03  1.1680E+01
0000010 1.2641E+04  3.8971E+08  2.6020E+06  2.9114E+06  6.3803E-03  3.0278E+00
0000010 1.2277E+04  4.4572E+08  3.3692E+06  3.7704E+06  6.5199E-03  3.1127E+01
0000010 1.1985E+04  4.8679E+08  3.7024E+06  4.3670E+06  6.6377E-03  4.1259E+00
0000010 1.1729E+04  5.2706E+08  4.1538E+06  4.8440E+06  6.7444E-03  4.2952E+00
0000010 1.1453E+04  5.6660E+08  4.7511E+06  5.4215E+06  6.8638E-03  3.1374E+00
0000010 1.1111E+04  6.1811E+08  5.5241E+06  6.2791E+06  7.0189E-03  4.6342E+00
0000010 1.0835E+04  6.5585E+08  6.1305E+06  6.8635E+06  7.1496E-03  3.4314E+00
0000010 1.0568E+04  6.9283E+08  6.7543E+06  7.4317E+06  7.2818E-03  3.7352E+00
0000010 1.0290E+04  7.2902E+08  7.4141E+06  7.9344E+06  7.4249E-03  4.9904E+00
0000010 9.9271E+03  7.7602E+08  8.2724E+06  8.3416E+06  7.6215E-03  2.8093E+00
0000010 9.6701E+03  8.1035E+08  8.9463E+06  8.6720E+06  7.7685E-03  4.2603E+00
0000010 9.4008E+03  8.4396E+08  9.6580E+06  9.0088E+06  7.9475E-03  2.8246E+00
0000010 9.0636E+03  8.8754E+08  1.0722E+07  9.3917E+06  8.1817E-03  9.2567E+00
0000010 8.8106E+03  9.1935E+08  1.1485E+07  9.7257E+06  8.3574E-03  8.5421E+00
0000010 8.5216E+03  9.5038E+08  1.2240E+07  1.0173E+07  8.5581E-03  3.1467E+00
0000010 8.1890E+03  9.9050E+08  1.3066E+07  1.1126E+07  8.7891E-03  1.3369E+01
0000010 7.9045E+03  1.0196E+09  1.3263E+07  1.2752E+07  9.0001E-03  1.2494E+01
0000010 7.6385E+03  1.0479E+09  1.3415E+07  1.4307E+07  9.2298E-03  6.1891E+00
0000010 7.3193E+03  1.0845E+09  1.3565E+07  1.6260E+07  9.5234E-03  5.2756E+00
0000010 6.9961E+03  1.1198E+09  1.3710E+07  1.8091E+07  9.8424E-03  3.5910E+00
0000010 6.7523E+03  1.1454E+09  1.3868E+07  1.9513E+07  1.0099E-02  5.3123E+00
0000010 6.4011E+03  1.1783E+09  1.4181E+07  2.1420E+07  1.0497E-02  9.0590E+01
0000010 6.1450E+03  1.2021E+09  1.4401E+07  2.2961E+07  1.0809E-02  4.1065E+00
0000010 5.7962E+03  1.2325E+09  1.4687E+07  2.4699E+07  1.1269E-02  2.9500E+00
0000010 5.5500E+03  1.2544E+09  1.4812E+07  2.5870E+07  1.1620E-02  6.1669E+00
0000010 5.2937E+03  1.2754E+09  1.4887E+07  2.6935E+07  1.2012E-02  1.8631E+02
0000010 4.9659E+03  1.3023E+09  1.5276E+07  2.8614E+07  1.2557E-02  8.8869E+00
0000010 4.6534E+03  1.3278E+09  1.5555E+07  3.0187E+07  1.3130E-02  1.8510E+01
0000010 4.3393E+03  1.3520E+09  1.5786E+07  3.1796E+07  1.3765E-02  7.0792E+00
0000010 4.0782E+03  1.3692E+09  1.5927E+07  3.2937E+07  1.4345E-02  3.6417E+00
0000010 3.7511E+03  1.3908E+09  1.6029E+07  3.4336E+07  1.5149E-02  7.2763E+00
0000010 3.5054E+03  1.4061E+09  1.5964E+07  3.5338E+07  1.5817E-02  3.6190E+00
0000010 3.1900E+03  1.4251E+09  1.5881E+07  3.6604E+07  1.6770E-02  8.0520E+00
0000010 2.8785E+03  1.4428E+09  1.5752E+07  3.7779E+07  1.7829E-02  9.8664E+01
0000010 2.5808E+03  1.4591E+09  1.5657E+07  3.9003E+07  1.8969E-02  5.4155E+00
0000010 2.2960E+03  1.4739E+09  1.5582E+07  4.0215E+07  2.0187E-02  1.1367E+01
0000010 2.0202E+03  1.4874E+09  1.5569E+07  4.1213E+07  2.1492E-02  6.4161E+00
0000010 1.7567E+03  1.4996E+09  1.5714E+07  4.2010E+07  2.2842E-02  6.7184E+00
0000010 1.4432E+03  1.5131E+09  1.5991E+07  4.2811E+07  2.4513E-02  1.0220E+01
0000010 1.1577E+03  1.5245E+09  1.6122E+07  4.3427E+07  2.5924E-02  9.7280E+00
0000010 8.6316E+02  1.5359E+09  1.6193E+07  4.4080E+07  2.6831E-02  1.9103E+01
0000010 5.8520E+02  1.5461E+09  1.6348E+07  4.4654E+07  2.6272E-02  4.2470E+00
0000010 2.8973E+02  1.5581E+09  1.6514E+07  4.5162E+07  2.1903E-02  4.1571E+00
0000010 0.0000E+00  1.5756E+09  2.0914E+07  4.5681E+07  0.0000E+00  3.0678E-01
