Calc. Date= 04-25-2023. Time= 15:45:19
============================== SRIM-2013.00 ==============================
 =====================================================================
 =                   Ion Energy vs Position File                     =
 =====================================================================
 =   AXIS DEFINITIONS: X=Depth. Y.Z= Lateral plane of target surface.=
 =   (If beam enters target at an angle. this tilt is in Y direction)=
 =   Shown are: Ion Number. Energy (keV). X. Y. Z Position           =
 ==================  CALCULATION   DATA  =============================
  Ion Data: Name. Mass.   Energy . Energy Interval
           He     015.00  15000keV    294117eV
 =====================================================================
Ion       Energy     Depth (X)     Y           Z       Electronic   Energy Lost to
Number    (keV)    (Angstrom)  (Angstrom)  (Angstrom)  Stop.(eV/A)  Last Recoil(eV)
------- ----------- ---------- ----------- ----------- -----------  ---------------
0000001 1.5000E+04  0.0000E+00  0.0000E+00  0.0000E+00  1.4529E-02  0.0000E+00
0000001 1.4655E+04  2.3742E+07  2.2460E+03 -1.2925E+04  1.4752E-02  6.2502E+00
0000001 1.4412E+04  3.9771E+07 -1.6627E+04 -2.0170E+04  1.4914E-02  5.1059E+00
0000001 1.4088E+04  6.0810E+07 -4.2727E+04 -1.0807E+03  1.5134E-02  1.6137E+01
0000001 1.3774E+04  8.1467E+07 -2.8598E+04 -1.6698E+04  1.5355E-02  7.2510E+00
0000001 1.3466E+04  1.0175E+08  7.4541E+04 -1.4638E+05  1.5578E-02  6.8600E+01
0000001 1.3157E+04  1.2168E+08  2.1324E+05 -2.8649E+05  1.5808E-02  8.7639E+00
0000001 1.2932E+04  1.3638E+08  3.0497E+05 -4.1174E+05  1.5981E-02  5.4068E+00
0000001 1.2633E+04  1.5566E+08  4.4562E+05 -5.9472E+05  1.6217E-02  3.2673E+00
0000001 1.2333E+04  1.7458E+08  6.3913E+05 -7.6033E+05  1.6459E-02  4.2858E+00
0000001 1.2035E+04  1.9314E+08  8.2420E+05 -9.2121E+05  1.6708E-02  9.5483E+00
0000001 1.1710E+04  2.1133E+08  9.8299E+05 -1.0597E+06  1.6988E-02  5.5885E+00
0000001 1.1464E+04  2.2471E+08  1.0670E+06 -1.1697E+06  1.7207E-02  7.1264E+00
0000001 1.1156E+04  2.4221E+08  1.1683E+06 -1.3253E+06  1.7488E-02  1.2886E+01
0000001 1.0863E+04  2.5933E+08  1.2894E+06 -1.4673E+06  1.7763E-02  1.0512E+01
0000001 1.0571E+04  2.7609E+08  1.4231E+06 -1.6126E+06  1.8047E-02  2.1745E+01
0000001 1.0276E+04  2.9250E+08  1.5838E+06 -1.7801E+06  1.8342E-02  3.6021E+01
0000001 9.9761E+03  3.0853E+08  1.7367E+06 -1.9137E+06  1.8651E-02  4.1061E+00
0000001 9.6694E+03  3.2418E+08  1.8725E+06 -2.0250E+06  1.8978E-02  3.1726E+00
0000001 9.3725E+03  3.3944E+08  1.9710E+06 -2.0619E+06  1.9304E-02  5.1830E+00
0000001 9.0770E+03  3.5433E+08  2.0652E+06 -2.0842E+06  1.9638E-02  5.1135E+00
0000001 8.7979E+03  3.6886E+08  2.1610E+06 -2.1102E+06  1.9963E-02  9.5015E+00
0000001 8.5077E+03  3.8302E+08  2.2538E+06 -2.0951E+06  2.0311E-02  1.2949E+02
0000001 8.1628E+03  4.0022E+08  2.2970E+06 -2.1009E+06  2.0737E-02  1.2974E+01
0000001 7.8806E+03  4.1357E+08  2.3651E+06 -2.0566E+06  2.1095E-02  9.0606E+00
0000001 7.6082E+03  4.2655E+08  2.4053E+06 -1.9647E+06  2.1449E-02  1.8061E+01
0000001 7.3504E+03  4.3918E+08  2.4218E+06 -1.8769E+06  2.1792E-02  9.0071E+00
0000001 7.0165E+03  4.5449E+08  2.4408E+06 -1.7943E+06  2.2245E-02  1.1856E+02
0000001 6.7434E+03  4.6634E+08  2.5008E+06 -1.7523E+06  2.2624E-02  4.9450E+00
0000001 6.4695E+03  4.7782E+08  2.5707E+06 -1.7367E+06  2.3008E-02  3.5630E+00
0000001 6.1397E+03  4.9165E+08  2.7025E+06 -1.7660E+06  2.3477E-02  3.2413E+01
0000001 5.8169E+03  5.0494E+08  2.8642E+06 -1.8288E+06  2.3938E-02  7.2694E+00
0000001 5.5687E+03  5.1517E+08  3.0123E+06 -1.8716E+06  2.4291E-02  3.8046E+00
0000001 5.2612E+03  5.2748E+08  3.1641E+06 -1.9028E+06  2.4725E-02  7.9953E+00
0000001 4.9730E+03  5.3927E+08  3.3123E+06 -1.9427E+06  2.5121E-02  3.2481E+01
0000001 4.6941E+03  5.5055E+08  3.4662E+06 -1.9994E+06  2.5489E-02  6.2106E+00
0000001 4.3681E+03  5.6345E+08  3.6563E+06 -2.0581E+06  2.5892E-02  4.5650E+00
0000001 4.1014E+03  5.7365E+08  3.8086E+06 -2.1076E+06  2.6191E-02  4.2604E+00
0000001 3.7925E+03  5.8527E+08  4.0010E+06 -2.1841E+06  2.6488E-02  5.8619E+00
0000001 3.4981E+03  5.9619E+08  4.1854E+06 -2.3203E+06  2.6707E-02  8.0536E+00
0000001 3.2213E+03  6.0647E+08  4.3597E+06 -2.3934E+06  2.6836E-02  5.5482E+00
0000001 2.9201E+03  6.1768E+08  4.4510E+06 -2.1496E+06  2.6870E-02  7.7404E+00
0000001 2.6438E+03  6.2808E+08  4.4984E+06 -1.6791E+06  2.6774E-02  1.2206E+01
0000001 2.3419E+03  6.3905E+08  4.6126E+06 -1.0002E+06  2.6492E-02  1.7729E+01
0000001 2.0413E+03  6.5020E+08  4.6360E+06  3.2370E+05  2.5977E-02  6.3259E+01
0000001 1.7461E+03  6.6133E+08  4.7839E+06  1.6292E+06  2.5182E-02  3.0597E+00
0000001 1.4565E+03  6.7314E+08  4.9894E+06  3.0059E+06  2.4044E-02  1.9638E+01
0000001 1.1608E+03  6.8591E+08  5.3776E+06  4.4725E+06  2.2407E-02  1.9654E+01
0000001 8.6867E+02  6.9872E+08  5.7905E+06  5.8980E+06  2.0161E-02  4.8473E+00
0000001 5.8203E+02  7.1377E+08  5.0911E+06  8.2407E+06  1.7087E-02  1.1980E+01
0000001 2.9240E+02  7.3376E+08  3.4373E+06  1.1815E+07  1.2535E-02  6.8284E+00
0000001 0.0000E+00  7.6355E+08 -4.7737E+06  1.7833E+07  0.0000E+00  3.7637E-01
