Calc. Date= 04-27-2023. Time= 14:03:06
============================== SRIM-2013.00 ==============================
 =====================================================================
 =                   Ion Energy vs Position File                     =
 =====================================================================
 =   AXIS DEFINITIONS: X=Depth. Y.Z= Lateral plane of target surface.=
 =   (If beam enters target at an angle. this tilt is in Y direction)=
 =   Shown are: Ion Number. Energy (keV). X. Y. Z Position           =
 ==================  CALCULATION   DATA  =============================
  Ion Data: Name. Mass.   Energy . Energy Interval
           Sr     080.00  1200000keV    23529411eV
 =====================================================================
Ion       Energy     Depth (X)     Y           Z       Electronic   Energy Lost to
Number    (keV)    (Angstrom)  (Angstrom)  (Angstrom)  Stop.(eV/A)  Last Recoil(eV)
------- ----------- ---------- ----------- ----------- -----------  ---------------
0000001 1.2000E+06  0.0000E+00  0.0000E+00  0.0000E+00  5.1093E-01  0.0000E+00
0000001 1.1764E+06  4.6352E+07  1.2892E+03  2.5710E+02  5.1658E-01  4.9870E+00
0000001 1.1527E+06  9.1574E+07  2.2860E+03 -1.8196E+04  5.2235E-01  4.8792E+00
0000001 1.1293E+06  1.3620E+08 -2.2874E+04 -2.7893E+04  5.2817E-01  4.4783E+00
0000001 1.1057E+06  1.8022E+08 -5.0709E+04 -4.6345E+04  5.3412E-01  1.0572E+01
0000001 1.0824E+06  2.2304E+08 -6.7870E+04 -7.7757E+04  5.4012E-01  9.7211E+00
0000001 1.0585E+06  2.6704E+08 -9.8266E+04 -1.1632E+05  5.4636E-01  8.1686E+00
0000001 1.0349E+06  3.0982E+08 -1.2526E+05 -1.7177E+05  5.5266E-01  2.2377E+04
0000001 1.0117E+06  3.5082E+08 -7.9234E+04 -2.4311E+05  5.5897E-01  4.5996E+00
0000001 9.8820E+05  3.9292E+08 -3.4880E+04 -3.0482E+05  5.6550E-01  1.5690E+01
0000001 9.6445E+05  4.3494E+08  1.5978E+04 -3.9143E+05  5.7222E-01  3.2444E+00
0000001 9.4102E+05  4.7575E+08  4.5001E+04 -4.6218E+05  5.7898E-01  8.7064E+01
0000001 9.1750E+05  5.1592E+08  6.8211E+04 -5.3710E+05  5.8590E-01  1.2558E+02
0000001 8.9393E+05  5.5703E+08  9.7227E+04 -6.2838E+05  5.9299E-01  1.4441E+02
0000001 8.7023E+05  5.9692E+08  1.1996E+05 -7.0030E+05  6.0029E-01  4.2991E+00
0000001 8.4704E+05  6.3511E+08  8.5764E+04 -7.1773E+05  6.0759E-01  4.9073E+00
0000001 8.2352E+05  6.7363E+08  2.9027E+04 -6.9812E+05  6.1516E-01  1.7571E+01
0000001 7.9993E+05  7.1197E+08  1.1613E+04 -6.5965E+05  6.2296E-01  2.8311E+01
0000001 7.7642E+05  7.4910E+08  4.9352E+03 -5.9545E+05  6.3091E-01  1.5858E+02
0000001 7.5279E+05  7.8601E+08 -2.9945E+03 -4.9959E+05  6.3912E-01  6.8067E+00
0000001 7.2920E+05  8.2266E+08 -2.3273E+04 -4.2008E+05  6.4753E-01  1.1516E+01
0000001 7.0568E+05  8.5902E+08 -8.0765E+04 -3.4186E+05  6.5616E-01  8.1763E+00
0000001 6.8224E+05  8.9463E+08 -1.4005E+05 -2.7405E+05  6.6500E-01  1.4767E+01
0000001 6.5852E+05  9.3036E+08 -2.3731E+05 -1.9382E+05  6.7423E-01  2.7847E+01
0000001 6.3512E+05  9.6486E+08 -3.2036E+05 -1.4639E+05  6.8361E-01  6.1057E+01
0000001 6.1151E+05  9.9900E+08 -4.6815E+05 -1.2669E+05  6.9336E-01  1.8234E+01
0000001 5.8804E+05  1.0336E+09 -6.4384E+05 -1.1237E+05  7.0337E-01  1.3941E+01
0000001 5.6455E+05  1.0673E+09 -8.7571E+05 -8.6827E+04  7.1372E-01  4.1119E+00
0000001 5.4101E+05  1.1005E+09 -1.1328E+06 -1.5357E+04  7.2444E-01  1.2470E+01
0000001 5.1736E+05  1.1329E+09 -1.4128E+06  7.1998E+04  7.3556E-01  6.5114E+00
0000001 4.9408E+05  1.1643E+09 -1.6902E+06  1.3705E+05  7.4686E-01  4.0962E+00
0000001 4.7056E+05  1.1956E+09 -1.9202E+06  1.4135E+05  7.5864E-01  1.1064E+01
0000001 4.4694E+05  1.2266E+09 -2.0973E+06  1.1767E+05  7.7081E-01  7.0972E+01
0000001 4.2348E+05  1.2570E+09 -2.2427E+06  6.4502E+04  7.8323E-01  4.9048E+01
0000001 3.9985E+05  1.2870E+09 -2.3736E+06  3.6397E+04  7.9603E-01  9.3232E+01
0000001 3.7634E+05  1.3163E+09 -2.4257E+06 -3.0892E+04  8.0898E-01  5.1791E+00
0000001 3.5275E+05  1.3454E+09 -2.4666E+06 -1.2194E+05  8.2209E-01  1.6792E+02
0000001 3.2940E+05  1.3734E+09 -2.4660E+06 -2.1399E+05  8.3502E-01  5.1112E+01
0000001 3.0575E+05  1.4010E+09 -2.4409E+06 -2.4921E+05  8.4784E-01  5.3280E+00
0000001 2.8226E+05  1.4285E+09 -2.4496E+06 -2.6740E+05  8.5998E-01  3.7438E+00
0000001 2.5865E+05  1.4554E+09 -2.5002E+06 -2.4368E+05  8.7111E-01  5.5625E+00
0000001 2.3522E+05  1.4821E+09 -2.4703E+06 -1.3402E+05  8.8046E-01  1.3268E+01
0000001 2.1157E+05  1.5086E+09 -2.3560E+06 -1.4877E+05  8.8727E-01  3.7530E+01
0000001 1.8810E+05  1.5350E+09 -2.2914E+06 -1.4314E+05  8.9212E-01  5.3781E+01
0000001 1.6455E+05  1.5615E+09 -2.2145E+06 -4.6718E+04  8.9104E-01  2.6037E+01
0000001 1.4106E+05  1.5879E+09 -2.0676E+06  8.2879E+04  8.8143E-01  3.8247E+00
0000001 1.1762E+05  1.6148E+09 -1.9353E+06  2.2560E+05  8.6376E-01  4.1374E+01
0000001 9.4096E+04  1.6427E+09 -1.7130E+06  4.4458E+05  8.3075E-01  2.0632E+01
0000001 7.0549E+04  1.6721E+09 -1.5950E+06  4.8643E+05  7.7613E-01  6.6903E+01
0000001 4.6994E+04  1.7049E+09 -1.5432E+06  2.5170E+05  6.9023E-01  3.3425E+02
0000001 2.3494E+04  1.7421E+09 -1.0004E+06  2.0363E+05  5.3620E-01  3.0880E+04
0000001 0.0000E+00  1.8189E+09  6.5853E+06  3.6240E+06  0.0000E+00  7.3806E-01
