Calc. Date= 04-27-2023. Time= 13:33:21
============================== SRIM-2013.00 ==============================
 =====================================================================
 =                   Ion Energy vs Position File                     =
 =====================================================================
 =   AXIS DEFINITIONS: X=Depth. Y.Z= Lateral plane of target surface.=
 =   (If beam enters target at an angle. this tilt is in Y direction)=
 =   Shown are: Ion Number. Energy (keV). X. Y. Z Position           =
 ==================  CALCULATION   DATA  =============================
  Ion Data: Name. Mass.   Energy . Energy Interval
            H     005.00  15000keV    294117eV
 =====================================================================
Ion       Energy     Depth (X)     Y           Z       Electronic   Energy Lost to
Number    (keV)    (Angstrom)  (Angstrom)  (Angstrom)  Stop.(eV/A)  Last Recoil(eV)
------- ----------- ---------- ----------- ----------- -----------  ---------------
0000001 1.5000E+04  0.0000E+00  0.0000E+00  0.0000E+00  1.6218E-03  0.0000E+00
0000001 1.4706E+04  1.8013E+08 -3.4414E+05  3.3084E+05  1.6456E-03  1.8919E+00
0000001 1.4407E+04  3.5161E+08 -1.0555E+06  1.1714E+06  1.6707E-03  3.6497E+00
0000001 1.4107E+04  5.1997E+08 -2.0314E+06  2.0383E+06  1.6967E-03  4.0609E+00
0000001 1.3816E+04  6.8521E+08 -3.4717E+06  3.6124E+06  1.7227E-03  3.3243E+00
0000001 1.3477E+04  8.8772E+08 -5.4974E+06  5.5279E+06  1.7544E-03  2.3968E+00
0000001 1.3215E+04  1.0465E+09 -7.1515E+06  6.8413E+06  1.7796E-03  3.1086E+00
0000001 1.2920E+04  1.2025E+09 -9.0404E+06  8.0537E+06  1.8091E-03  2.6776E+00
0000001 1.2584E+04  1.3933E+09 -1.1032E+07  9.6741E+06  1.8442E-03  1.3282E+01
0000001 1.2314E+04  1.5427E+09 -1.2733E+07  1.1351E+07  1.8734E-03  8.4188E+00
0000001 1.2057E+04  1.6893E+09 -1.4630E+07  1.3035E+07  1.9023E-03  2.6873E+00
0000001 1.1700E+04  1.8687E+09 -1.7016E+07  1.5419E+07  1.9441E-03  2.7280E+00
0000001 1.1435E+04  2.0088E+09 -1.9230E+07  1.7578E+07  1.9765E-03  2.6426E+01
0000001 1.1175E+04  2.1461E+09 -2.1223E+07  1.9908E+07  2.0095E-03  3.2113E+00
0000001 1.0864E+04  2.3140E+09 -2.3295E+07  2.2837E+07  2.0507E-03  2.6767E+00
0000001 1.0521E+04  2.4774E+09 -2.5389E+07  2.6085E+07  2.0984E-03  6.0437E+00
0000001 1.0247E+04  2.6050E+09 -2.7423E+07  2.8665E+07  2.1383E-03  3.7287E+00
0000001 9.9778E+03  2.7296E+09 -2.9744E+07  3.0885E+07  2.1795E-03  3.6804E+00
0000001 9.6481E+03  2.8814E+09 -3.2917E+07  3.3424E+07  2.2323E-03  2.7196E+00
0000001 9.3761E+03  2.9995E+09 -3.5363E+07  3.5456E+07  2.2782E-03  5.5544E+00
0000001 9.1101E+03  3.1148E+09 -3.7943E+07  3.7585E+07  2.3252E-03  1.3154E+01
0000001 8.7724E+03  3.2548E+09 -4.0918E+07  4.0327E+07  2.3883E-03  5.1794E+00
0000001 8.4875E+03  3.3633E+09 -4.3377E+07  4.2797E+07  2.4447E-03  4.1738E+01
0000001 8.1736E+03  3.4949E+09 -4.6326E+07  4.6871E+07  2.5106E-03  3.0927E+01
0000001 7.9111E+03  3.5970E+09 -4.8438E+07  5.0210E+07  2.5689E-03  4.5070E+00
0000001 7.6441E+03  3.6963E+09 -5.0303E+07  5.3570E+07  2.6316E-03  3.1751E+00
0000001 7.3164E+03  3.8162E+09 -5.2431E+07  5.7905E+07  2.7137E-03  7.1967E+00
0000001 7.0034E+03  3.9316E+09 -5.4342E+07  6.2254E+07  2.7977E-03  5.9991E+01
0000001 6.7322E+03  4.0207E+09 -5.5465E+07  6.5667E+07  2.8757E-03  4.2945E+00
0000001 6.4161E+03  4.1280E+09 -5.6935E+07  6.9614E+07  2.9729E-03  2.9790E+00
0000001 6.1250E+03  4.2311E+09 -5.8199E+07  7.2794E+07  3.0693E-03  1.8727E+01
0000001 5.8289E+03  4.3300E+09 -5.8721E+07  7.6300E+07  3.1845E-03  2.8957E+00
0000001 5.5846E+03  4.4061E+09 -5.8809E+07  7.8730E+07  3.2869E-03  3.1272E+00
0000001 5.2851E+03  4.4973E+09 -5.9044E+07  8.1506E+07  3.4125E-03  2.6084E+00
0000001 4.9885E+03  4.5842E+09 -5.8701E+07  8.3459E+07  3.5389E-03  7.6271E+01
0000001 4.6851E+03  4.6669E+09 -5.7320E+07  8.4228E+07  3.6921E-03  2.0647E+01
0000001 4.3950E+03  4.7452E+09 -5.5885E+07  8.4461E+07  3.8539E-03  2.1770E+01
0000001 4.1066E+03  4.8193E+09 -5.4635E+07  8.4153E+07  4.0309E-03  1.2180E+02
0000001 3.8045E+03  4.8890E+09 -5.2789E+07  8.4272E+07  4.2363E-03  7.5355E+00
0000001 3.5214E+03  4.9543E+09 -5.0952E+07  8.4531E+07  4.4511E-03  5.6017E+00
0000001 3.2300E+03  5.0154E+09 -4.9801E+07  8.4769E+07  4.6987E-03  1.2118E+01
0000001 2.9093E+03  5.0829E+09 -4.9317E+07  8.5398E+07  5.0088E-03  3.9638E+00
0000001 2.6417E+03  5.1347E+09 -4.9138E+07  8.6130E+07  5.3040E-03  4.3499E+00
0000001 2.3432E+03  5.1916E+09 -4.8062E+07  8.8230E+07  5.6815E-03  1.2232E+01
0000001 2.0430E+03  5.2427E+09 -4.6819E+07  9.0553E+07  6.1233E-03  9.3669E+00
0000001 1.7527E+03  5.2881E+09 -4.5735E+07  9.2398E+07  6.6228E-03  2.0798E+01
0000001 1.4364E+03  5.3341E+09 -4.4893E+07  9.3849E+07  7.2627E-03  5.7504E+00
0000001 1.1502E+03  5.3729E+09 -4.4346E+07  9.5046E+07  7.9285E-03  3.4276E+01
0000001 8.8132E+02  5.4048E+09 -4.3434E+07  9.6606E+07  8.5849E-03  9.6224E+00
0000001 5.7032E+02  5.4395E+09 -4.2159E+07  9.8547E+07  9.0793E-03  8.8732E+00
0000001 2.9349E+02  5.4712E+09 -4.0684E+07  1.0098E+08  8.1011E-03  1.8643E+01
0000001 0.0000E+00  5.5298E+09 -3.9742E+07  1.1068E+08  0.0000E+00  4.5208E-01
