Calc. Date= 04-04-2023. Time= 17:32:29
============================== SRIM-2013.00 ==============================
 =====================================================================
 =                   Ion Energy vs Position File                     =
 =====================================================================
 =   AXIS DEFINITIONS: X=Depth. Y.Z= Lateral plane of target surface.=
 =   (If beam enters target at an angle. this tilt is in Y direction)=
 =   Shown are: Ion Number. Energy (keV). X. Y. Z Position           =
 ==================  CALCULATION   DATA  =============================
  Ion Data: Name. Mass.   Energy . Energy Interval
           Ca     040.00  800000keV    1000000eV
 =====================================================================
Ion       Energy     Depth (X)     Y           Z       Electronic   Energy Lost to
Number    (keV)    (Angstrom)  (Angstrom)  (Angstrom)  Stop.(eV/A)  Last Recoil(eV)
------- ----------- ---------- ----------- ----------- -----------  ---------------
0000001 8.0000E+05  0.0000E+00  0.0000E+00  0.0000E+00  1.3515E-01  0.0000E+00
0000001 7.9876E+05  7.9128E+06  2.4495E+02 -5.3202E+02  1.3530E-01  6.2429E+01
0000001 7.9788E+05  1.5086E+07  3.3409E+02 -1.1835E+03  1.3541E-01  7.7900E+00
0000001 7.9687E+05  2.2253E+07 -6.4421E+02 -9.4836E+02  1.3554E-01  6.3438E+01
0000001 7.9595E+05  2.9414E+07 -1.4145E+03 -2.1270E+03  1.3565E-01  7.7140E+00
0000001 7.9499E+05  3.6568E+07 -2.6049E+03 -3.1584E+03  1.3577E-01  4.7917E+01
0000001 7.9382E+05  4.5503E+07 -5.8628E+03 -4.4696E+03  1.3592E-01  4.7972E+02
0000001 7.9290E+05  5.2643E+07 -9.4865E+03 -8.9686E+03  1.3603E-01  9.0655E+00
0000001 7.9184E+05  5.9777E+07 -1.3010E+04 -1.4334E+04  1.3616E-01  8.0492E+00
0000001 7.9084E+05  6.6905E+07 -1.9362E+04 -2.3675E+04  1.3628E-01  6.2936E+00
0000001 7.8983E+05  7.4026E+07 -2.6563E+04 -3.2543E+04  1.3641E-01  4.3826E+00
0000001 7.8891E+05  8.1141E+07 -3.4179E+04 -4.1280E+04  1.3652E-01  1.2349E+03
0000001 7.8784E+05  8.8249E+07 -4.6071E+04 -5.5314E+04  1.3666E-01  3.3377E+00
0000001 7.8682E+05  9.5351E+07 -5.7868E+04 -6.9600E+04  1.3678E-01  4.0033E+00
0000001 7.8593E+05  1.0245E+08 -6.9992E+04 -8.4039E+04  1.3689E-01  4.7773E+00
0000001 7.8499E+05  1.0953E+08 -8.2306E+04 -9.7808E+04  1.3701E-01  3.8456E+00
0000001 7.8400E+05  1.1662E+08 -9.5302E+04 -1.1172E+05  1.3713E-01  4.8849E+01
0000001 7.8276E+05  1.2546E+08 -1.0961E+05 -1.2887E+05  1.3729E-01  6.8031E+01
0000001 7.8180E+05  1.3253E+08 -1.1954E+05 -1.4340E+05  1.3741E-01  5.7855E+00
0000001 7.8079E+05  1.3959E+08 -1.2973E+05 -1.5686E+05  1.3754E-01  7.2792E+00
0000001 7.7982E+05  1.4665E+08 -1.4000E+05 -1.6981E+05  1.3767E-01  1.3481E+01
0000001 7.7886E+05  1.5370E+08 -1.5004E+05 -1.8368E+05  1.3779E-01  1.0041E+01
0000001 7.7782E+05  1.6074E+08 -1.5964E+05 -1.9741E+05  1.3792E-01  1.1823E+01
0000001 7.7685E+05  1.6778E+08 -1.6905E+05 -2.1160E+05  1.3805E-01  3.7850E+01
0000001 7.7592E+05  1.7481E+08 -1.7928E+05 -2.2505E+05  1.3817E-01  1.6079E+01
0000001 7.7486E+05  1.8183E+08 -1.9107E+05 -2.3804E+05  1.3830E-01  3.1762E+01
0000001 7.7399E+05  1.8885E+08 -2.0307E+05 -2.5184E+05  1.3841E-01  5.4389E+00
0000001 7.7284E+05  1.9586E+08 -2.1600E+05 -2.6612E+05  1.3856E-01  9.9606E+00
0000001 7.7186E+05  2.0286E+08 -2.3099E+05 -2.7639E+05  1.3869E-01  2.7288E+02
0000001 7.7089E+05  2.0986E+08 -2.5226E+05 -2.8938E+05  1.3881E-01  9.4737E+01
0000001 7.6987E+05  2.1685E+08 -2.7802E+05 -3.0376E+05  1.3894E-01  6.3557E+00
0000001 7.6899E+05  2.2383E+08 -3.0559E+05 -3.1921E+05  1.3905E-01  2.4869E+01
0000001 7.6783E+05  2.3255E+08 -3.3888E+05 -3.3967E+05  1.3920E-01  6.6058E+00
0000001 7.6681E+05  2.3952E+08 -3.6556E+05 -3.5683E+05  1.3934E-01  8.9398E+00
0000001 7.6586E+05  2.4649E+08 -3.9204E+05 -3.7552E+05  1.3946E-01  1.3731E+01
0000001 7.6492E+05  2.5344E+08 -4.1975E+05 -3.9559E+05  1.3959E-01  4.1475E+00
0000001 7.6395E+05  2.6039E+08 -4.4888E+05 -4.1580E+05  1.3971E-01  4.4808E+00
0000001 7.6294E+05  2.6734E+08 -4.7825E+05 -4.3535E+05  1.3985E-01  1.6419E+01
0000001 7.6199E+05  2.7428E+08 -5.0649E+05 -4.5524E+05  1.3997E-01  1.2810E+01
0000001 7.6076E+05  2.8294E+08 -5.4183E+05 -4.8094E+05  1.4014E-01  5.8028E+01
0000001 7.5985E+05  2.8987E+08 -5.7188E+05 -5.0040E+05  1.4026E-01  1.5540E+01
0000001 7.5882E+05  2.9678E+08 -6.0332E+05 -5.1997E+05  1.4039E-01  4.9182E+00
0000001 7.5794E+05  3.0369E+08 -6.3657E+05 -5.3907E+05  1.4051E-01  3.7910E+01
0000001 7.5692E+05  3.1060E+08 -6.7047E+05 -5.5734E+05  1.4064E-01  2.2139E+01
0000001 7.5596E+05  3.1750E+08 -7.0465E+05 -5.7736E+05  1.4077E-01  2.3510E+01
0000001 7.5477E+05  3.2611E+08 -7.4673E+05 -6.0523E+05  1.4093E-01  2.1293E+01
0000001 7.5380E+05  3.3300E+08 -7.7901E+05 -6.2962E+05  1.4106E-01  5.0263E+01
0000001 7.5297E+05  3.3987E+08 -8.1121E+05 -6.5348E+05  1.4116E-01  5.5362E+00
0000001 7.5200E+05  3.4675E+08 -8.4421E+05 -6.7669E+05  1.4129E-01  4.5994E+00
0000001 7.5081E+05  3.5533E+08 -8.8431E+05 -7.0507E+05  1.4146E-01  2.8995E+01
0000001 7.4992E+05  3.6219E+08 -9.1526E+05 -7.2759E+05  1.4158E-01  1.0959E+01
0000001 7.4892E+05  3.6904E+08 -9.4491E+05 -7.5061E+05  1.4171E-01  4.7942E+00
0000001 7.4795E+05  3.7588E+08 -9.7441E+05 -7.7300E+05  1.4184E-01  1.1294E+01
0000001 7.4696E+05  3.8272E+08 -1.0043E+06 -7.9423E+05  1.4198E-01  1.5580E+02
0000001 7.4580E+05  3.9126E+08 -1.0385E+06 -8.2117E+05  1.4214E-01  6.0369E+00
0000001 7.4494E+05  3.9809E+08 -1.0651E+06 -8.4184E+05  1.4225E-01  4.1764E+00
0000001 7.4396E+05  4.0491E+08 -1.0920E+06 -8.6337E+05  1.4239E-01  4.0600E+00
0000001 7.4280E+05  4.1342E+08 -1.1247E+06 -8.9039E+05  1.4255E-01  1.8104E+01
0000001 7.4190E+05  4.2023E+08 -1.1549E+06 -9.1277E+05  1.4267E-01  1.1203E+01
0000001 7.4091E+05  4.2703E+08 -1.1894E+06 -9.3780E+05  1.4280E-01  6.0101E+00
0000001 7.3993E+05  4.3382E+08 -1.2245E+06 -9.6395E+05  1.4294E-01  8.4050E+00
0000001 7.3891E+05  4.4061E+08 -1.2567E+06 -9.8656E+05  1.4308E-01  2.0857E+02
0000001 7.3782E+05  4.4908E+08 -1.2919E+06 -1.0079E+06  1.4322E-01  5.8477E+00
0000001 7.3684E+05  4.5585E+08 -1.3201E+06 -1.0247E+06  1.4336E-01  3.8152E+00
0000001 7.3589E+05  4.6262E+08 -1.3486E+06 -1.0416E+06  1.4349E-01  4.9449E+00
0000001 7.3494E+05  4.6938E+08 -1.3783E+06 -1.0589E+06  1.4362E-01  4.7525E+01
0000001 7.3395E+05  4.7613E+08 -1.4090E+06 -1.0760E+06  1.4376E-01  1.0130E+01
0000001 7.3296E+05  4.8288E+08 -1.4388E+06 -1.0924E+06  1.4390E-01  4.2926E+00
0000001 7.3199E+05  4.8962E+08 -1.4687E+06 -1.1081E+06  1.4404E-01  9.5147E+00
0000001 7.3078E+05  4.9803E+08 -1.5053E+06 -1.1277E+06  1.4421E-01  4.6805E+01
0000001 7.2999E+05  5.0308E+08 -1.5264E+06 -1.1404E+06  1.4432E-01  3.6869E+00
0000001 7.2878E+05  5.1148E+08 -1.5609E+06 -1.1619E+06  1.4449E-01  2.4943E+02
0000001 7.2779E+05  5.1819E+08 -1.5870E+06 -1.1815E+06  1.4463E-01  2.7993E+00
0000001 7.2693E+05  5.2489E+08 -1.6124E+06 -1.2019E+06  1.4475E-01  9.2810E+00
0000001 7.2597E+05  5.3159E+08 -1.6360E+06 -1.2214E+06  1.4488E-01  1.2768E+01
0000001 7.2500E+05  5.3829E+08 -1.6570E+06 -1.2407E+06  1.4502E-01  2.6018E+01
0000001 7.2400E+05  5.4497E+08 -1.6767E+06 -1.2595E+06  1.4516E-01  8.9334E+00
0000001 7.2280E+05  5.5332E+08 -1.7008E+06 -1.2838E+06  1.4533E-01  1.2658E+01
0000001 7.2187E+05  5.6000E+08 -1.7206E+06 -1.3034E+06  1.4546E-01  4.2597E+00
0000001 7.2079E+05  5.6833E+08 -1.7452E+06 -1.3272E+06  1.4561E-01  5.2470E+00
0000001 7.1981E+05  5.7499E+08 -1.7638E+06 -1.3459E+06  1.4575E-01  9.0402E+00
0000001 7.1874E+05  5.8164E+08 -1.7813E+06 -1.3643E+06  1.4591E-01  1.1421E+01
0000001 7.1797E+05  5.8662E+08 -1.7941E+06 -1.3783E+06  1.4602E-01  1.2749E+01
0000001 7.1675E+05  5.9492E+08 -1.8180E+06 -1.4024E+06  1.4619E-01  1.1363E+02
0000001 7.1580E+05  6.0156E+08 -1.8407E+06 -1.4224E+06  1.4633E-01  3.3919E+01
0000001 7.1488E+05  6.0818E+08 -1.8637E+06 -1.4425E+06  1.4646E-01  4.9160E+00
0000001 7.1392E+05  6.1480E+08 -1.8866E+06 -1.4620E+06  1.4660E-01  6.2548E+00
0000001 7.1287E+05  6.2141E+08 -1.9095E+06 -1.4806E+06  1.4675E-01  4.0782E+00
0000001 7.1186E+05  6.2802E+08 -1.9321E+06 -1.4991E+06  1.4690E-01  3.8297E+00
0000001 7.1097E+05  6.3462E+08 -1.9547E+06 -1.5169E+06  1.4703E-01  5.8912E+00
0000001 7.0998E+05  6.4121E+08 -1.9771E+06 -1.5340E+06  1.4717E-01  1.7684E+01
0000001 7.0879E+05  6.4944E+08 -2.0028E+06 -1.5543E+06  1.4734E-01  6.0625E+00
0000001 7.0792E+05  6.5602E+08 -2.0229E+06 -1.5702E+06  1.4747E-01  3.0371E+00
0000001 7.0697E+05  6.6260E+08 -2.0427E+06 -1.5859E+06  1.4761E-01  6.5099E+00
0000001 7.0598E+05  6.6916E+08 -2.0630E+06 -1.6014E+06  1.4775E-01  1.1687E+01
0000001 7.0492E+05  6.7572E+08 -2.0834E+06 -1.6174E+06  1.4791E-01  4.5542E+00
0000001 7.0400E+05  6.8228E+08 -2.1035E+06 -1.6343E+06  1.4805E-01  1.1329E+01
0000001 7.0298E+05  6.8882E+08 -2.1242E+06 -1.6509E+06  1.4820E-01  1.1980E+01
0000001 7.0191E+05  6.9536E+08 -2.1426E+06 -1.6672E+06  1.4836E-01  1.5085E+01
0000001 7.0088E+05  7.0189E+08 -2.1594E+06 -1.6832E+06  1.4851E-01  9.1989E+00
0000001 6.9992E+05  7.0842E+08 -2.1761E+06 -1.6987E+06  1.4865E-01  1.8933E+01
0000001 6.9880E+05  7.1657E+08 -2.1989E+06 -1.7189E+06  1.4882E-01  1.3909E+01
0000001 6.9782E+05  7.2308E+08 -2.2176E+06 -1.7350E+06  1.4897E-01  2.3612E+01
0000001 6.9682E+05  7.2959E+08 -2.2364E+06 -1.7525E+06  1.4911E-01  4.2725E+00
0000001 6.9592E+05  7.3608E+08 -2.2546E+06 -1.7696E+06  1.4925E-01  1.1998E+01
0000001 6.9495E+05  7.4258E+08 -2.2730E+06 -1.7873E+06  1.4939E-01  9.7571E+00
0000001 6.9391E+05  7.4906E+08 -2.2912E+06 -1.8051E+06  1.4955E-01  1.2647E+01
0000001 6.9279E+05  7.5716E+08 -2.3139E+06 -1.8261E+06  1.4971E-01  4.1053E+00
0000001 6.9179E+05  7.6363E+08 -2.3361E+06 -1.8444E+06  1.4986E-01  5.7551E+00
0000001 6.9099E+05  7.6848E+08 -2.3542E+06 -1.8586E+06  1.4999E-01  5.1741E+00
0000001 6.8983E+05  7.7655E+08 -2.3843E+06 -1.8812E+06  1.5016E-01  5.6666E+00
0000001 6.8898E+05  7.8301E+08 -2.4085E+06 -1.8985E+06  1.5029E-01  1.2350E+02
0000001 6.8798E+05  7.8945E+08 -2.4322E+06 -1.9140E+06  1.5045E-01  1.2761E+01
0000001 6.8697E+05  7.9589E+08 -2.4560E+06 -1.9291E+06  1.5060E-01  5.5046E+00
0000001 6.8572E+05  8.0393E+08 -2.4861E+06 -1.9492E+06  1.5079E-01  1.1540E+01
0000001 6.8489E+05  8.0875E+08 -2.5045E+06 -1.9614E+06  1.5092E-01  6.0420E+00
0000001 6.8380E+05  8.1517E+08 -2.5282E+06 -1.9780E+06  1.5108E-01  4.2172E+00
0000001 6.8287E+05  8.2158E+08 -2.5519E+06 -1.9952E+06  1.5123E-01  3.4318E+00
0000001 6.8196E+05  8.2798E+08 -2.5754E+06 -2.0115E+06  1.5137E-01  2.0268E+01
0000001 6.8092E+05  8.3438E+08 -2.5994E+06 -2.0280E+06  1.5152E-01  5.1568E+00
0000001 6.7975E+05  8.4237E+08 -2.6327E+06 -2.0472E+06  1.5170E-01  4.8787E+00
0000001 6.7871E+05  8.4875E+08 -2.6604E+06 -2.0600E+06  1.5186E-01  3.3329E+00
0000001 6.7773E+05  8.5513E+08 -2.6878E+06 -2.0681E+06  1.5201E-01  3.0871E+00
0000001 6.7699E+05  8.5991E+08 -2.7087E+06 -2.0709E+06  1.5213E-01  3.9601E+00
0000001 6.7584E+05  8.6786E+08 -2.7450E+06 -2.0764E+06  1.5231E-01  1.4017E+01
0000001 6.7478E+05  8.7422E+08 -2.7733E+06 -2.0810E+06  1.5248E-01  4.3605E+00
0000001 6.7381E+05  8.8057E+08 -2.8019E+06 -2.0854E+06  1.5263E-01  1.0352E+01
0000001 6.7283E+05  8.8691E+08 -2.8300E+06 -2.0899E+06  1.5278E-01  1.4683E+01
0000001 6.7185E+05  8.9325E+08 -2.8569E+06 -2.0939E+06  1.5294E-01  1.1229E+01
0000001 6.7091E+05  8.9958E+08 -2.8830E+06 -2.0978E+06  1.5308E-01  2.1087E+01
0000001 6.6990E+05  9.0590E+08 -2.9067E+06 -2.1020E+06  1.5324E-01  7.3193E+00
0000001 6.6885E+05  9.1222E+08 -2.9309E+06 -2.1049E+06  1.5341E-01  2.0045E+01
0000001 6.6799E+05  9.1853E+08 -2.9559E+06 -2.1086E+06  1.5354E-01  6.6957E+00
0000001 6.6692E+05  9.2641E+08 -2.9868E+06 -2.1135E+06  1.5371E-01  5.0813E+00
0000001 6.6598E+05  9.3271E+08 -3.0108E+06 -2.1176E+06  1.5386E-01  1.0606E+01
0000001 6.6473E+05  9.4057E+08 -3.0410E+06 -2.1205E+06  1.5406E-01  5.2241E+00
0000001 6.6376E+05  9.4685E+08 -3.0652E+06 -2.1226E+06  1.5421E-01  5.2669E+00
0000001 6.6281E+05  9.5313E+08 -3.0892E+06 -2.1248E+06  1.5436E-01  6.1907E+00
0000001 6.6184E+05  9.5940E+08 -3.1133E+06 -2.1277E+06  1.5452E-01  8.5001E+00
0000001 6.6079E+05  9.6566E+08 -3.1377E+06 -2.1308E+06  1.5469E-01  5.8266E+00
0000001 6.5989E+05  9.7191E+08 -3.1625E+06 -2.1339E+06  1.5483E-01  8.1639E+00
0000001 6.5891E+05  9.7816E+08 -3.1868E+06 -2.1377E+06  1.5499E-01  1.6816E+01
0000001 6.5786E+05  9.8440E+08 -3.2113E+06 -2.1414E+06  1.5516E-01  4.2589E+02
0000001 6.5700E+05  9.9064E+08 -3.2355E+06 -2.1480E+06  1.5530E-01  2.0076E+01
0000001 6.5591E+05  9.9843E+08 -3.2656E+06 -2.1541E+06  1.5548E-01  1.1317E+01
0000001 6.5498E+05  1.0046E+09 -3.2908E+06 -2.1590E+06  1.5563E-01  6.8338E+00
0000001 6.5387E+05  1.0124E+09 -3.3220E+06 -2.1640E+06  1.5580E-01  1.7233E+02
0000001 6.5294E+05  1.0186E+09 -3.3463E+06 -2.1652E+06  1.5595E-01  8.5029E+00
0000001 6.5176E+05  1.0264E+09 -3.3764E+06 -2.1670E+06  1.5614E-01  3.5108E+01
0000001 6.5095E+05  1.0310E+09 -3.3941E+06 -2.1672E+06  1.5628E-01  5.1364E+00
0000001 6.4982E+05  1.0388E+09 -3.4233E+06 -2.1667E+06  1.5646E-01  9.0100E+00
0000001 6.4887E+05  1.0449E+09 -3.4464E+06 -2.1667E+06  1.5662E-01  4.8515E+00
0000001 6.4790E+05  1.0511E+09 -3.4709E+06 -2.1719E+06  1.5678E-01  5.8912E+00
0000001 6.4686E+05  1.0573E+09 -3.4988E+06 -2.1909E+06  1.5695E-01  7.1567E+00
0000001 6.4576E+05  1.0650E+09 -3.5351E+06 -2.2130E+06  1.5714E-01  3.5003E+00
0000001 6.4478E+05  1.0711E+09 -3.5636E+06 -2.2306E+06  1.5730E-01  4.5274E+00
0000001 6.4399E+05  1.0757E+09 -3.5846E+06 -2.2436E+06  1.5743E-01  3.2011E+02
0000001 6.4285E+05  1.0834E+09 -3.6147E+06 -2.2640E+06  1.5762E-01  3.2747E+00
0000001 6.4185E+05  1.0895E+09 -3.6375E+06 -2.2809E+06  1.5778E-01  1.2869E+01
0000001 6.4086E+05  1.0957E+09 -3.6599E+06 -2.2985E+06  1.5795E-01  6.9316E+00
0000001 6.3986E+05  1.1018E+09 -3.6834E+06 -2.3169E+06  1.5811E-01  1.1507E+01
0000001 6.3889E+05  1.1079E+09 -3.7113E+06 -2.3352E+06  1.5827E-01  5.9061E+00
0000001 6.3797E+05  1.1140E+09 -3.7391E+06 -2.3533E+06  1.5843E-01  7.1993E+00
0000001 6.3680E+05  1.1216E+09 -3.7726E+06 -2.3761E+06  1.5862E-01  1.2746E+02
0000001 6.3591E+05  1.1277E+09 -3.7980E+06 -2.3923E+06  1.5878E-01  4.1741E+00
0000001 6.3499E+05  1.1338E+09 -3.8234E+06 -2.4093E+06  1.5893E-01  6.5687E+00
0000001 6.3378E+05  1.1414E+09 -3.8564E+06 -2.4299E+06  1.5914E-01  7.2298E+00
0000001 6.3279E+05  1.1475E+09 -3.8829E+06 -2.4458E+06  1.5931E-01  4.5104E+01
0000001 6.3197E+05  1.1535E+09 -3.9087E+06 -2.4624E+06  1.5944E-01  4.0641E+01
0000001 6.3077E+05  1.1611E+09 -3.9390E+06 -2.4826E+06  1.5965E-01  6.0872E+00
0000001 6.2979E+05  1.1672E+09 -3.9645E+06 -2.4987E+06  1.5981E-01  3.4170E+00
0000001 6.2896E+05  1.1717E+09 -3.9842E+06 -2.5114E+06  1.5996E-01  7.5896E+00
0000001 6.2797E+05  1.1777E+09 -4.0113E+06 -2.5294E+06  1.6012E-01  1.0553E+01
0000001 6.2687E+05  1.1838E+09 -4.0391E+06 -2.5486E+06  1.6031E-01  1.0307E+01
0000001 6.2582E+05  1.1898E+09 -4.0685E+06 -2.5670E+06  1.6049E-01  3.3903E+01
0000001 6.2485E+05  1.1958E+09 -4.0995E+06 -2.5855E+06  1.6066E-01  4.6627E+00
0000001 6.2385E+05  1.2018E+09 -4.1324E+06 -2.6044E+06  1.6083E-01  4.3008E+00
0000001 6.2295E+05  1.2078E+09 -4.1652E+06 -2.6238E+06  1.6099E-01  4.7898E+00
0000001 6.2179E+05  1.2153E+09 -4.2067E+06 -2.6483E+06  1.6119E-01  9.8860E+00
0000001 6.2091E+05  1.2213E+09 -4.2407E+06 -2.6680E+06  1.6134E-01  8.5880E+00
0000001 6.1981E+05  1.2288E+09 -4.2846E+06 -2.6927E+06  1.6153E-01  1.3705E+02
0000001 6.1885E+05  1.2348E+09 -4.3180E+06 -2.7148E+06  1.6170E-01  2.0111E+01
0000001 6.1790E+05  1.2407E+09 -4.3510E+06 -2.7362E+06  1.6187E-01  4.4718E+00
0000001 6.1691E+05  1.2467E+09 -4.3851E+06 -2.7574E+06  1.6204E-01  6.2969E+00
0000001 6.1577E+05  1.2541E+09 -4.4278E+06 -2.7843E+06  1.6224E-01  2.9961E+01
0000001 6.1499E+05  1.2586E+09 -4.4541E+06 -2.8007E+06  1.6237E-01  4.6523E+00
0000001 6.1400E+05  1.2645E+09 -4.4879E+06 -2.8226E+06  1.6255E-01  1.1159E+01
0000001 6.1276E+05  1.2719E+09 -4.5314E+06 -2.8496E+06  1.6276E-01  8.8531E+00
0000001 6.1181E+05  1.2779E+09 -4.5670E+06 -2.8697E+06  1.6293E-01  2.2022E+01
0000001 6.1078E+05  1.2838E+09 -4.6024E+06 -2.8893E+06  1.6312E-01  4.1596E+00
0000001 6.0989E+05  1.2897E+09 -4.6381E+06 -2.9090E+06  1.6328E-01  1.4988E+03
0000001 6.0892E+05  1.2956E+09 -4.6791E+06 -2.9327E+06  1.6345E-01  2.0303E+01
0000001 6.0789E+05  1.3015E+09 -4.7211E+06 -2.9574E+06  1.6363E-01  1.1588E+01
0000001 6.0691E+05  1.3074E+09 -4.7639E+06 -2.9830E+06  1.6381E-01  1.3709E+01
0000001 6.0584E+05  1.3133E+09 -4.8049E+06 -3.0088E+06  1.6400E-01  2.0569E+01
0000001 6.0490E+05  1.3192E+09 -4.8469E+06 -3.0340E+06  1.6417E-01  7.8325E+00
0000001 6.0394E+05  1.3250E+09 -4.8895E+06 -3.0585E+06  1.6434E-01  1.7580E+01
0000001 6.0280E+05  1.3324E+09 -4.9428E+06 -3.0877E+06  1.6454E-01  6.7060E+00
0000001 6.0184E+05  1.3382E+09 -4.9863E+06 -3.1108E+06  1.6471E-01  5.7108E+00
0000001 6.0079E+05  1.3455E+09 -5.0421E+06 -3.1398E+06  1.6490E-01  1.3534E+01
0000001 5.9991E+05  1.3514E+09 -5.0869E+06 -3.1636E+06  1.6506E-01  6.5887E+00
0000001 5.9887E+05  1.3572E+09 -5.1347E+06 -3.1883E+06  1.6525E-01  4.3200E+00
0000001 5.9796E+05  1.3630E+09 -5.1821E+06 -3.2131E+06  1.6542E-01  2.9117E+00
0000001 5.9698E+05  1.3689E+09 -5.2309E+06 -3.2390E+06  1.6560E-01  5.2426E+01
0000001 5.9595E+05  1.3747E+09 -5.2808E+06 -3.2667E+06  1.6579E-01  5.0545E+01
0000001 5.9480E+05  1.3819E+09 -5.3418E+06 -3.3023E+06  1.6600E-01  8.8766E+00
0000001 5.9382E+05  1.3877E+09 -5.3896E+06 -3.3298E+06  1.6618E-01  4.1777E+00
0000001 5.9289E+05  1.3935E+09 -5.4373E+06 -3.3569E+06  1.6635E-01  9.1513E+00
0000001 5.9183E+05  1.3993E+09 -5.4853E+06 -3.3847E+06  1.6654E-01  6.4133E+00
0000001 5.9075E+05  1.4051E+09 -5.5329E+06 -3.4127E+06  1.6674E-01  4.5369E+00
0000001 5.8980E+05  1.4109E+09 -5.5795E+06 -3.4407E+06  1.6691E-01  4.4839E+00
0000001 5.8882E+05  1.4166E+09 -5.6263E+06 -3.4678E+06  1.6709E-01  4.6606E+00
0000001 5.8779E+05  1.4224E+09 -5.6737E+06 -3.4946E+06  1.6729E-01  4.2961E+00
0000001 5.8685E+05  1.4281E+09 -5.7220E+06 -3.5220E+06  1.6746E-01  4.5665E+00
0000001 5.8587E+05  1.4339E+09 -5.7709E+06 -3.5502E+06  1.6765E-01  5.5317E+01
0000001 5.8495E+05  1.4396E+09 -5.8184E+06 -3.5779E+06  1.6782E-01  3.2107E+00
0000001 5.8399E+05  1.4454E+09 -5.8651E+06 -3.6056E+06  1.6800E-01  2.1383E+01
0000001 5.8279E+05  1.4525E+09 -5.9221E+06 -3.6403E+06  1.6823E-01  2.9141E+01
0000001 5.8183E+05  1.4582E+09 -5.9676E+06 -3.6685E+06  1.6841E-01  7.0867E+01
0000001 5.8091E+05  1.4640E+09 -6.0144E+06 -3.6951E+06  1.6858E-01  6.8906E+00
0000001 5.7988E+05  1.4697E+09 -6.0602E+06 -3.7215E+06  1.6877E-01  4.7216E+00
0000001 5.7893E+05  1.4754E+09 -6.1048E+06 -3.7488E+06  1.6895E-01  2.4759E+02
0000001 5.7777E+05  1.4825E+09 -6.1589E+06 -3.7798E+06  1.6917E-01  6.5053E+00
0000001 5.7674E+05  1.4881E+09 -6.2021E+06 -3.8042E+06  1.6936E-01  2.8628E+01
0000001 5.7584E+05  1.4938E+09 -6.2448E+06 -3.8285E+06  1.6953E-01  7.0103E+00
0000001 5.7494E+05  1.4995E+09 -6.2867E+06 -3.8522E+06  1.6971E-01  2.4735E+01
0000001 5.7377E+05  1.5066E+09 -6.3405E+06 -3.8810E+06  1.6993E-01  4.1231E+00
0000001 5.7295E+05  1.5122E+09 -6.3825E+06 -3.9039E+06  1.7009E-01  4.7864E+00
0000001 5.7195E+05  1.5179E+09 -6.4246E+06 -3.9266E+06  1.7029E-01  1.0533E+01
0000001 5.7079E+05  1.5249E+09 -6.4773E+06 -3.9555E+06  1.7051E-01  1.6406E+02
0000001 5.6978E+05  1.5306E+09 -6.5210E+06 -3.9779E+06  1.7070E-01  2.2160E+01
0000001 5.6886E+05  1.5362E+09 -6.5648E+06 -3.9994E+06  1.7088E-01  1.1907E+01
0000001 5.6795E+05  1.5418E+09 -6.6105E+06 -4.0199E+06  1.7106E-01  4.0033E+00
0000001 5.6682E+05  1.5488E+09 -6.6692E+06 -4.0451E+06  1.7128E-01  1.1952E+01
0000001 5.6597E+05  1.5544E+09 -6.7188E+06 -4.0641E+06  1.7144E-01  2.8301E+00
0000001 5.6498E+05  1.5600E+09 -6.7690E+06 -4.0829E+06  1.7163E-01  4.2592E+00
0000001 5.6383E+05  1.5670E+09 -6.8318E+06 -4.1077E+06  1.7186E-01  1.9727E+01
0000001 5.6281E+05  1.5726E+09 -6.8822E+06 -4.1278E+06  1.7206E-01  1.1562E+01
0000001 5.6180E+05  1.5782E+09 -6.9324E+06 -4.1488E+06  1.7226E-01  6.9974E+00
0000001 5.6090E+05  1.5837E+09 -6.9852E+06 -4.1732E+06  1.7244E-01  7.0155E+00
0000001 5.5992E+05  1.5893E+09 -7.0416E+06 -4.2009E+06  1.7263E-01  5.4416E+00
0000001 5.5873E+05  1.5962E+09 -7.1120E+06 -4.2350E+06  1.7287E-01  3.0166E+00
0000001 5.5780E+05  1.6018E+09 -7.1683E+06 -4.2620E+06  1.7305E-01  6.4537E+00
0000001 5.5686E+05  1.6073E+09 -7.2230E+06 -4.2882E+06  1.7324E-01  1.1167E+02
0000001 5.5583E+05  1.6129E+09 -7.2767E+06 -4.3156E+06  1.7344E-01  5.5772E+00
0000001 5.5490E+05  1.6184E+09 -7.3295E+06 -4.3437E+06  1.7362E-01  4.9788E+00
0000001 5.5400E+05  1.6239E+09 -7.3813E+06 -4.3723E+06  1.7380E-01  7.9738E+00
0000001 5.5287E+05  1.6308E+09 -7.4459E+06 -4.4092E+06  1.7403E-01  8.0935E+00
0000001 5.5192E+05  1.6363E+09 -7.4978E+06 -4.4382E+06  1.7422E-01  1.0816E+01
0000001 5.5080E+05  1.6432E+09 -7.5626E+06 -4.4736E+06  1.7445E-01  2.3007E+01
0000001 5.4987E+05  1.6487E+09 -7.6147E+06 -4.5021E+06  1.7464E-01  5.0044E+00
0000001 5.4881E+05  1.6555E+09 -7.6794E+06 -4.5391E+06  1.7485E-01  6.9718E+00
0000001 5.4782E+05  1.6610E+09 -7.7316E+06 -4.5704E+06  1.7505E-01  8.0038E+00
0000001 5.4681E+05  1.6665E+09 -7.7856E+06 -4.6026E+06  1.7526E-01  4.3221E+00
0000001 5.4584E+05  1.6720E+09 -7.8377E+06 -4.6361E+06  1.7545E-01  4.1416E+00
0000001 5.4488E+05  1.6774E+09 -7.8882E+06 -4.6691E+06  1.7565E-01  1.0182E+01
0000001 5.4390E+05  1.6829E+09 -7.9384E+06 -4.7019E+06  1.7585E-01  5.3746E+00
0000001 5.4294E+05  1.6883E+09 -7.9877E+06 -4.7348E+06  1.7604E-01  1.2930E+01
0000001 5.4193E+05  1.6937E+09 -8.0371E+06 -4.7685E+06  1.7625E-01  5.1491E+00
0000001 5.4100E+05  1.6992E+09 -8.0866E+06 -4.8035E+06  1.7644E-01  3.2501E+01
0000001 5.3976E+05  1.7059E+09 -8.1490E+06 -4.8462E+06  1.7670E-01  4.8755E+00
0000001 5.3880E+05  1.7114E+09 -8.1988E+06 -4.8809E+06  1.7690E-01  9.4998E+00
0000001 5.3788E+05  1.7168E+09 -8.2487E+06 -4.9158E+06  1.7709E-01  1.1740E+02
0000001 5.3689E+05  1.7222E+09 -8.2986E+06 -4.9534E+06  1.7730E-01  4.6812E+01
0000001 5.3592E+05  1.7276E+09 -8.3488E+06 -4.9924E+06  1.7750E-01  4.1367E+00
0000001 5.3487E+05  1.7329E+09 -8.3999E+06 -5.0340E+06  1.7772E-01  3.3002E+00
0000001 5.3399E+05  1.7383E+09 -8.4498E+06 -5.0783E+06  1.7790E-01  6.9051E+01
0000001 5.3294E+05  1.7437E+09 -8.4996E+06 -5.1230E+06  1.7812E-01  1.6752E+01
0000001 5.3189E+05  1.7491E+09 -8.5505E+06 -5.1673E+06  1.7834E-01  9.5510E+00
0000001 5.3075E+05  1.7558E+09 -8.6136E+06 -5.2220E+06  1.7857E-01  2.6422E+01
0000001 5.2984E+05  1.7611E+09 -8.6619E+06 -5.2653E+06  1.7877E-01  1.6942E+01
0000001 5.2890E+05  1.7664E+09 -8.7089E+06 -5.3073E+06  1.7897E-01  1.0147E+01
0000001 5.2788E+05  1.7718E+09 -8.7552E+06 -5.3481E+06  1.7919E-01  2.5732E+01
0000001 5.2696E+05  1.7771E+09 -8.8019E+06 -5.3886E+06  1.7938E-01  5.8806E+00
0000001 5.2581E+05  1.7838E+09 -8.8603E+06 -5.4384E+06  1.7963E-01  9.3085E+00
0000001 5.2485E+05  1.7891E+09 -8.9047E+06 -5.4765E+06  1.7983E-01  6.6918E+00
0000001 5.2389E+05  1.7944E+09 -8.9490E+06 -5.5152E+06  1.8004E-01  4.1737E+00
0000001 5.2294E+05  1.7997E+09 -8.9882E+06 -5.5556E+06  1.8024E-01  1.5477E+01
0000001 5.2195E+05  1.8050E+09 -9.0240E+06 -5.5981E+06  1.8045E-01  3.8131E+00
0000001 5.2083E+05  1.8116E+09 -9.0700E+06 -5.6519E+06  1.8069E-01  4.7773E+01
0000001 5.1988E+05  1.8169E+09 -9.1068E+06 -5.6946E+06  1.8090E-01  3.6575E+01
0000001 5.1896E+05  1.8221E+09 -9.1442E+06 -5.7374E+06  1.8110E-01  6.8944E+00
0000001 5.1792E+05  1.8274E+09 -9.1819E+06 -5.7807E+06  1.8133E-01  1.0169E+01
0000001 5.1698E+05  1.8327E+09 -9.2179E+06 -5.8245E+06  1.8153E-01  5.6116E+00
0000001 5.1598E+05  1.8379E+09 -9.2532E+06 -5.8686E+06  1.8175E-01  8.2683E+02
0000001 5.1479E+05  1.8445E+09 -9.2952E+06 -5.9293E+06  1.8201E-01  5.0963E+00
0000001 5.1381E+05  1.8497E+09 -9.3286E+06 -5.9779E+06  1.8223E-01  1.0943E+02
0000001 5.1281E+05  1.8549E+09 -9.3638E+06 -6.0268E+06  1.8245E-01  2.9091E+00
0000001 5.1186E+05  1.8601E+09 -9.3995E+06 -6.0749E+06  1.8265E-01  1.0099E+01
0000001 5.1093E+05  1.8654E+09 -9.4356E+06 -6.1233E+06  1.8286E-01  1.9735E+01
0000001 5.0975E+05  1.8719E+09 -9.4827E+06 -6.1838E+06  1.8312E-01  1.3056E+01
0000001 5.0878E+05  1.8771E+09 -9.5215E+06 -6.2329E+06  1.8333E-01  8.3045E+00
0000001 5.0782E+05  1.8823E+09 -9.5617E+06 -6.2823E+06  1.8355E-01  6.4499E+01
0000001 5.0688E+05  1.8874E+09 -9.6025E+06 -6.3336E+06  1.8376E-01  1.4859E+02
0000001 5.0585E+05  1.8926E+09 -9.6422E+06 -6.3861E+06  1.8399E-01  2.2427E+01
0000001 5.0491E+05  1.8978E+09 -9.6799E+06 -6.4392E+06  1.8420E-01  5.2011E+00
0000001 5.0397E+05  1.9030E+09 -9.7173E+06 -6.4927E+06  1.8441E-01  7.8674E+00
0000001 5.0276E+05  1.9094E+09 -9.7662E+06 -6.5587E+06  1.8468E-01  9.3908E+00
0000001 5.0189E+05  1.9145E+09 -9.8066E+06 -6.6119E+06  1.8488E-01  2.1407E+02
0000001 5.0076E+05  1.9210E+09 -9.8579E+06 -6.6814E+06  1.8513E-01  4.6430E+00
0000001 4.9985E+05  1.9261E+09 -9.8983E+06 -6.7359E+06  1.8534E-01  4.1453E+00
0000001 4.9900E+05  1.9312E+09 -9.9386E+06 -6.7904E+06  1.8553E-01  6.3087E+01
0000001 4.9793E+05  1.9376E+09 -9.9900E+06 -6.8584E+06  1.8578E-01  4.2954E+00
0000001 4.9687E+05  1.9427E+09 -1.0031E+07 -6.9128E+06  1.8602E-01  7.5693E+00
0000001 4.9592E+05  1.9478E+09 -1.0071E+07 -6.9667E+06  1.8624E-01  6.4835E+00
0000001 4.9484E+05  1.9542E+09 -1.0122E+07 -7.0347E+06  1.8649E-01  3.9137E+01
0000001 4.9395E+05  1.9593E+09 -1.0163E+07 -7.0888E+06  1.8669E-01  1.1462E+01
0000001 4.9297E+05  1.9644E+09 -1.0204E+07 -7.1427E+06  1.8692E-01  6.1323E+00
0000001 4.9196E+05  1.9695E+09 -1.0245E+07 -7.1971E+06  1.8715E-01  4.3022E+00
0000001 4.9090E+05  1.9745E+09 -1.0286E+07 -7.2514E+06  1.8740E-01  1.5066E+01
0000001 4.8993E+05  1.9796E+09 -1.0327E+07 -7.3055E+06  1.8762E-01  7.3012E+00
0000001 4.8896E+05  1.9847E+09 -1.0368E+07 -7.3604E+06  1.8784E-01  8.3717E+00
0000001 4.8777E+05  1.9910E+09 -1.0420E+07 -7.4287E+06  1.8813E-01  1.0760E+01
0000001 4.8676E+05  1.9960E+09 -1.0460E+07 -7.4865E+06  1.8837E-01  2.0702E+01
0000001 4.8578E+05  2.0010E+09 -1.0499E+07 -7.5455E+06  1.8860E-01  7.9614E+00
0000001 4.8486E+05  2.0061E+09 -1.0537E+07 -7.6039E+06  1.8881E-01  6.8924E+00
0000001 4.8393E+05  2.0111E+09 -1.0574E+07 -7.6626E+06  1.8904E-01  3.8600E+00
0000001 4.8285E+05  2.0173E+09 -1.0621E+07 -7.7363E+06  1.8929E-01  5.7830E+00
0000001 4.8200E+05  2.0223E+09 -1.0659E+07 -7.7957E+06  1.8949E-01  1.1441E+02
0000001 4.8086E+05  2.0286E+09 -1.0709E+07 -7.8698E+06  1.8976E-01  6.8673E+00
0000001 4.7987E+05  2.0336E+09 -1.0748E+07 -7.9305E+06  1.8999E-01  2.2789E+01
0000001 4.7899E+05  2.0386E+09 -1.0787E+07 -7.9901E+06  1.9020E-01  5.1688E+00
0000001 4.7777E+05  2.0448E+09 -1.0836E+07 -8.0644E+06  1.9050E-01  5.8567E+00
0000001 4.7681E+05  2.0497E+09 -1.0874E+07 -8.1237E+06  1.9073E-01  2.8532E+00
0000001 4.7585E+05  2.0547E+09 -1.0913E+07 -8.1818E+06  1.9097E-01  4.9340E+00
0000001 4.7489E+05  2.0597E+09 -1.0951E+07 -8.2390E+06  1.9120E-01  5.1005E+01
0000001 4.7382E+05  2.0658E+09 -1.0998E+07 -8.3107E+06  1.9146E-01  1.5488E+02
0000001 4.7285E+05  2.0708E+09 -1.1036E+07 -8.3686E+06  1.9169E-01  7.5025E+00
0000001 4.7191E+05  2.0757E+09 -1.1075E+07 -8.4264E+06  1.9192E-01  1.9662E+03
0000001 4.7087E+05  2.0806E+09 -1.1118E+07 -8.4786E+06  1.9217E-01  2.9496E+01
0000001 4.6989E+05  2.0855E+09 -1.1162E+07 -8.5311E+06  1.9241E-01  1.2299E+01
0000001 4.6888E+05  2.0904E+09 -1.1207E+07 -8.5836E+06  1.9266E-01  7.3458E+01
0000001 4.6790E+05  2.0953E+09 -1.1253E+07 -8.6356E+06  1.9290E-01  6.1413E+00
0000001 4.6694E+05  2.1002E+09 -1.1299E+07 -8.6890E+06  1.9314E-01  8.8126E+00
0000001 4.6598E+05  2.1051E+09 -1.1345E+07 -8.7438E+06  1.9338E-01  2.8691E+01
0000001 4.6496E+05  2.1100E+09 -1.1392E+07 -8.7985E+06  1.9364E-01  9.2461E+00
0000001 4.6378E+05  2.1161E+09 -1.1450E+07 -8.8667E+06  1.9393E-01  1.2234E+01
0000001 4.6284E+05  2.1210E+09 -1.1495E+07 -8.9218E+06  1.9416E-01  1.5144E+01
0000001 4.6190E+05  2.1258E+09 -1.1542E+07 -8.9758E+06  1.9440E-01  5.1541E+00
0000001 4.6095E+05  2.1307E+09 -1.1588E+07 -9.0277E+06  1.9463E-01  2.4201E+02
0000001 4.5979E+05  2.1367E+09 -1.1646E+07 -9.0917E+06  1.9492E-01  4.6243E+00
0000001 4.5880E+05  2.1415E+09 -1.1692E+07 -9.1393E+06  1.9518E-01  1.3325E+01
0000001 4.5790E+05  2.1464E+09 -1.1737E+07 -9.1867E+06  1.9541E-01  7.9518E+00
0000001 4.5693E+05  2.1512E+09 -1.1781E+07 -9.2334E+06  1.9565E-01  5.1476E+00
0000001 4.5582E+05  2.1572E+09 -1.1836E+07 -9.2941E+06  1.9594E-01  3.6465E+00
0000001 4.5485E+05  2.1620E+09 -1.1881E+07 -9.3430E+06  1.9619E-01  7.4434E+02
0000001 4.5384E+05  2.1668E+09 -1.1922E+07 -9.3931E+06  1.9644E-01  1.2412E+01
0000001 4.5290E+05  2.1716E+09 -1.1964E+07 -9.4399E+06  1.9668E-01  2.2583E+01
0000001 4.5179E+05  2.1776E+09 -1.2014E+07 -9.4954E+06  1.9697E-01  8.9323E+00
0000001 4.5090E+05  2.1823E+09 -1.2055E+07 -9.5414E+06  1.9720E-01  4.4075E+00
0000001 4.4994E+05  2.1871E+09 -1.2097E+07 -9.5879E+06  1.9744E-01  1.4707E+01
0000001 4.4898E+05  2.1919E+09 -1.2140E+07 -9.6339E+06  1.9769E-01  1.3195E+01
0000001 4.4785E+05  2.1978E+09 -1.2193E+07 -9.6905E+06  1.9799E-01  7.0052E+01
0000001 4.4690E+05  2.2026E+09 -1.2234E+07 -9.7366E+06  1.9824E-01  4.6741E+00
0000001 4.4590E+05  2.2073E+09 -1.2276E+07 -9.7836E+06  1.9850E-01  1.6198E+01
0000001 4.4496E+05  2.2120E+09 -1.2316E+07 -9.8293E+06  1.9875E-01  1.0181E+01
0000001 4.4400E+05  2.2168E+09 -1.2357E+07 -9.8742E+06  1.9900E-01  5.5193E+00
0000001 4.4293E+05  2.2226E+09 -1.2408E+07 -9.9312E+06  1.9928E-01  5.4177E+00
0000001 4.4182E+05  2.2285E+09 -1.2460E+07 -9.9902E+06  1.9957E-01  3.5877E+00
0000001 4.4083E+05  2.2332E+09 -1.2501E+07 -1.0038E+07  1.9984E-01  7.2653E+00
0000001 4.3995E+05  2.2379E+09 -1.2541E+07 -1.0086E+07  2.0007E-01  9.6474E+01
0000001 4.3877E+05  2.2438E+09 -1.2591E+07 -1.0143E+07  2.0039E-01  7.0569E+00
0000001 4.3790E+05  2.2485E+09 -1.2631E+07 -1.0188E+07  2.0063E-01  1.6083E+01
0000001 4.3679E+05  2.2543E+09 -1.2679E+07 -1.0246E+07  2.0092E-01  1.1912E+01
0000001 4.3580E+05  2.2590E+09 -1.2718E+07 -1.0292E+07  2.0119E-01  2.8975E+02
0000001 4.3486E+05  2.2636E+09 -1.2754E+07 -1.0336E+07  2.0145E-01  1.8500E+01
0000001 4.3388E+05  2.2683E+09 -1.2790E+07 -1.0379E+07  2.0171E-01  5.4270E+00
0000001 4.3280E+05  2.2741E+09 -1.2834E+07 -1.0432E+07  2.0200E-01  2.5443E+01
0000001 4.3182E+05  2.2787E+09 -1.2868E+07 -1.0477E+07  2.0227E-01  5.7073E+00
0000001 4.3095E+05  2.2833E+09 -1.2903E+07 -1.0522E+07  2.0251E-01  6.2997E+00
0000001 4.2999E+05  2.2879E+09 -1.2938E+07 -1.0569E+07  2.0278E-01  5.6404E+00
0000001 4.2881E+05  2.2937E+09 -1.2982E+07 -1.0627E+07  2.0310E-01  3.1059E+01
0000001 4.2786E+05  2.2983E+09 -1.3017E+07 -1.0673E+07  2.0336E-01  1.0667E+01
0000001 4.2694E+05  2.3029E+09 -1.3052E+07 -1.0718E+07  2.0362E-01  6.5386E+00
0000001 4.2600E+05  2.3075E+09 -1.3087E+07 -1.0763E+07  2.0388E-01  3.0154E+01
0000001 4.2484E+05  2.3132E+09 -1.3130E+07 -1.0820E+07  2.0420E-01  5.1002E+00
0000001 4.2393E+05  2.3178E+09 -1.3166E+07 -1.0865E+07  2.0445E-01  4.1941E+00
0000001 4.2289E+05  2.3235E+09 -1.3213E+07 -1.0920E+07  2.0474E-01  2.5803E+01
0000001 4.2195E+05  2.3281E+09 -1.3250E+07 -1.0962E+07  2.0501E-01  7.0016E+00
0000001 4.2097E+05  2.3326E+09 -1.3287E+07 -1.1005E+07  2.0529E-01  5.3308E+00
0000001 4.1989E+05  2.3383E+09 -1.3334E+07 -1.1057E+07  2.0559E-01  3.1554E+01
0000001 4.1892E+05  2.3428E+09 -1.3370E+07 -1.1098E+07  2.0587E-01  3.3053E+00
0000001 4.1789E+05  2.3473E+09 -1.3406E+07 -1.1140E+07  2.0616E-01  4.5830E+00
0000001 4.1694E+05  2.3519E+09 -1.3441E+07 -1.1183E+07  2.0643E-01  3.7482E+01
0000001 4.1588E+05  2.3564E+09 -1.3477E+07 -1.1224E+07  2.0673E-01  9.4160E+00
0000001 4.1495E+05  2.3609E+09 -1.3511E+07 -1.1266E+07  2.0700E-01  4.6147E+00
0000001 4.1398E+05  2.3654E+09 -1.3546E+07 -1.1307E+07  2.0728E-01  3.0900E+01
0000001 4.1285E+05  2.3710E+09 -1.3588E+07 -1.1358E+07  2.0761E-01  3.0341E+02
0000001 4.1192E+05  2.3755E+09 -1.3623E+07 -1.1401E+07  2.0788E-01  1.2340E+01
0000001 4.1097E+05  2.3800E+09 -1.3658E+07 -1.1443E+07  2.0816E-01  1.1613E+01
0000001 4.0986E+05  2.3855E+09 -1.3699E+07 -1.1496E+07  2.0848E-01  1.5512E+02
0000001 4.0877E+05  2.3911E+09 -1.3741E+07 -1.1548E+07  2.0880E-01  1.0458E+01
0000001 4.0789E+05  2.3956E+09 -1.3773E+07 -1.1590E+07  2.0906E-01  2.1620E+01
0000001 4.0693E+05  2.4000E+09 -1.3806E+07 -1.1632E+07  2.0934E-01  5.9988E+00
0000001 4.0599E+05  2.4044E+09 -1.3838E+07 -1.1676E+07  2.0961E-01  7.7870E+00
0000001 4.0482E+05  2.4100E+09 -1.3880E+07 -1.1730E+07  2.0996E-01  1.1611E+01
0000001 4.0388E+05  2.4144E+09 -1.3913E+07 -1.1772E+07  2.1025E-01  4.4348E+00
0000001 4.0300E+05  2.4188E+09 -1.3947E+07 -1.1814E+07  2.1051E-01  1.0348E+02
0000001 4.0178E+05  2.4243E+09 -1.3991E+07 -1.1866E+07  2.1088E-01  7.0108E+00
0000001 4.0088E+05  2.4287E+09 -1.4026E+07 -1.1906E+07  2.1115E-01  5.2974E+00
0000001 3.9999E+05  2.4331E+09 -1.4061E+07 -1.1946E+07  2.1141E-01  1.2350E+02
0000001 3.9889E+05  2.4386E+09 -1.4103E+07 -1.1994E+07  2.1174E-01  1.8615E+01
0000001 3.9784E+05  2.4441E+09 -1.4143E+07 -1.2043E+07  2.1206E-01  9.0719E+00
0000001 3.9693E+05  2.4484E+09 -1.4176E+07 -1.2081E+07  2.1234E-01  6.6495E+00
0000001 3.9576E+05  2.4539E+09 -1.4216E+07 -1.2127E+07  2.1270E-01  6.5642E+00
0000001 3.9499E+05  2.4571E+09 -1.4241E+07 -1.2155E+07  2.1294E-01  9.2778E+00
0000001 3.9379E+05  2.4626E+09 -1.4285E+07 -1.2201E+07  2.1331E-01  3.1929E+00
0000001 3.9292E+05  2.4669E+09 -1.4320E+07 -1.2237E+07  2.1357E-01  6.0360E+02
0000001 3.9190E+05  2.4712E+09 -1.4357E+07 -1.2270E+07  2.1389E-01  2.1860E+01
0000001 3.9079E+05  2.4766E+09 -1.4403E+07 -1.2310E+07  2.1423E-01  2.4421E+01
0000001 3.8979E+05  2.4810E+09 -1.4441E+07 -1.2343E+07  2.1454E-01  7.5441E+00
0000001 3.8892E+05  2.4853E+09 -1.4479E+07 -1.2377E+07  2.1482E-01  5.0728E+00
0000001 3.8794E+05  2.4896E+09 -1.4515E+07 -1.2411E+07  2.1512E-01  4.1794E+00
0000001 3.8679E+05  2.4949E+09 -1.4560E+07 -1.2454E+07  2.1549E-01  6.4097E+00
0000001 3.8585E+05  2.4992E+09 -1.4595E+07 -1.2488E+07  2.1579E-01  1.0112E+01
0000001 3.8497E+05  2.5035E+09 -1.4630E+07 -1.2522E+07  2.1606E-01  4.0324E+00
0000001 3.8387E+05  2.5088E+09 -1.4672E+07 -1.2564E+07  2.1641E-01  1.2262E+01
0000001 3.8293E+05  2.5131E+09 -1.4704E+07 -1.2596E+07  2.1671E-01  2.0125E+01
0000001 3.8181E+05  2.5184E+09 -1.4745E+07 -1.2637E+07  2.1706E-01  7.8967E+00
0000001 3.8087E+05  2.5226E+09 -1.4777E+07 -1.2669E+07  2.1737E-01  1.0670E+02
0000001 3.7993E+05  2.5269E+09 -1.4809E+07 -1.2702E+07  2.1768E-01  2.0416E+01
0000001 3.7897E+05  2.5311E+09 -1.4840E+07 -1.2735E+07  2.1799E-01  4.0938E+00
0000001 3.7787E+05  2.5364E+09 -1.4878E+07 -1.2776E+07  2.1835E-01  4.5495E+00
0000001 3.7690E+05  2.5406E+09 -1.4909E+07 -1.2808E+07  2.1866E-01  4.8460E+00
0000001 3.7594E+05  2.5448E+09 -1.4939E+07 -1.2840E+07  2.1897E-01  4.4264E+00
0000001 3.7499E+05  2.5490E+09 -1.4970E+07 -1.2871E+07  2.1928E-01  5.7167E+00
0000001 3.7386E+05  2.5542E+09 -1.5007E+07 -1.2909E+07  2.1965E-01  6.2060E+00
0000001 3.7280E+05  2.5595E+09 -1.5044E+07 -1.2947E+07  2.2001E-01  8.3120E+00
0000001 3.7194E+05  2.5636E+09 -1.5075E+07 -1.2976E+07  2.2030E-01  4.3355E+00
0000001 3.7085E+05  2.5689E+09 -1.5114E+07 -1.3013E+07  2.2066E-01  4.6604E+00
0000001 3.6995E+05  2.5730E+09 -1.5146E+07 -1.3042E+07  2.2096E-01  1.2873E+01
0000001 3.6897E+05  2.5772E+09 -1.5177E+07 -1.3071E+07  2.2129E-01  5.6044E+00
0000001 3.6781E+05  2.5823E+09 -1.5217E+07 -1.3108E+07  2.2167E-01  4.9618E+01
0000001 3.6697E+05  2.5865E+09 -1.5250E+07 -1.3138E+07  2.2195E-01  5.0461E+01
0000001 3.6582E+05  2.5916E+09 -1.5291E+07 -1.3174E+07  2.2235E-01  2.2541E+01
0000001 3.6491E+05  2.5958E+09 -1.5326E+07 -1.3202E+07  2.2266E-01  2.0285E+01
0000001 3.6399E+05  2.5999E+09 -1.5359E+07 -1.3230E+07  2.2298E-01  6.6368E+00
0000001 3.6277E+05  2.6050E+09 -1.5401E+07 -1.3264E+07  2.2339E-01  7.6662E+00
0000001 3.6186E+05  2.6091E+09 -1.5435E+07 -1.3289E+07  2.2371E-01  1.3768E+01
0000001 3.6089E+05  2.6132E+09 -1.5469E+07 -1.3312E+07  2.2404E-01  2.9446E+00
0000001 3.5999E+05  2.6173E+09 -1.5503E+07 -1.3333E+07  2.2435E-01  1.9770E+01
0000001 3.5894E+05  2.6224E+09 -1.5545E+07 -1.3359E+07  2.2471E-01  3.3542E+01
0000001 3.5795E+05  2.6264E+09 -1.5580E+07 -1.3379E+07  2.2506E-01  1.2049E+01
0000001 3.5697E+05  2.6305E+09 -1.5615E+07 -1.3399E+07  2.2541E-01  6.7939E+01
0000001 3.5583E+05  2.6356E+09 -1.5661E+07 -1.3424E+07  2.2581E-01  2.2907E+01
0000001 3.5500E+05  2.6396E+09 -1.5699E+07 -1.3447E+07  2.2610E-01  5.7327E+01
0000001 3.5384E+05  2.6446E+09 -1.5744E+07 -1.3487E+07  2.2651E-01  7.7274E+01
0000001 3.5298E+05  2.6487E+09 -1.5778E+07 -1.3518E+07  2.2681E-01  3.0331E+00
0000001 3.5189E+05  2.6537E+09 -1.5820E+07 -1.3556E+07  2.2720E-01  4.9012E+00
0000001 3.5091E+05  2.6577E+09 -1.5853E+07 -1.3585E+07  2.2755E-01  1.3736E+01
0000001 3.4987E+05  2.6627E+09 -1.5894E+07 -1.3622E+07  2.2793E-01  1.4795E+01
0000001 3.4896E+05  2.6667E+09 -1.5928E+07 -1.3650E+07  2.2826E-01  4.3183E+00
0000001 3.4790E+05  2.6717E+09 -1.5969E+07 -1.3686E+07  2.2864E-01  3.3814E+01
0000001 3.4686E+05  2.6767E+09 -1.6009E+07 -1.3721E+07  2.2902E-01  1.7590E+01
0000001 3.4596E+05  2.6806E+09 -1.6042E+07 -1.3748E+07  2.2935E-01  3.2324E+00
0000001 3.4483E+05  2.6856E+09 -1.6083E+07 -1.3781E+07  2.2976E-01  4.3043E+00
0000001 3.4400E+05  2.6895E+09 -1.6115E+07 -1.3808E+07  2.3007E-01  1.3553E+02
0000001 3.4278E+05  2.6945E+09 -1.6157E+07 -1.3844E+07  2.3052E-01  4.5927E+00
0000001 3.4186E+05  2.6984E+09 -1.6191E+07 -1.3876E+07  2.3087E-01  7.8317E+00
0000001 3.4092E+05  2.7023E+09 -1.6227E+07 -1.3908E+07  2.3121E-01  8.0807E+00
0000001 3.3980E+05  2.7072E+09 -1.6270E+07 -1.3947E+07  2.3163E-01  2.0064E+01
0000001 3.3897E+05  2.7112E+09 -1.6303E+07 -1.3978E+07  2.3194E-01  1.3134E+01
0000001 3.3778E+05  2.7160E+09 -1.6346E+07 -1.4016E+07  2.3238E-01  4.6983E+00
0000001 3.3684E+05  2.7199E+09 -1.6380E+07 -1.4046E+07  2.3275E-01  6.5592E+00
0000001 3.3589E+05  2.7238E+09 -1.6415E+07 -1.4076E+07  2.3311E-01  1.5435E+01
0000001 3.3500E+05  2.7277E+09 -1.6448E+07 -1.4105E+07  2.3345E-01  1.2881E+01
0000001 3.3385E+05  2.7326E+09 -1.6488E+07 -1.4141E+07  2.3389E-01  6.1905E+00
0000001 3.3286E+05  2.7364E+09 -1.6521E+07 -1.4169E+07  2.3427E-01  7.4630E+00
0000001 3.3197E+05  2.7403E+09 -1.6554E+07 -1.4197E+07  2.3461E-01  4.1686E+00
0000001 3.3098E+05  2.7441E+09 -1.6587E+07 -1.4224E+07  2.3499E-01  1.1406E+01
0000001 3.2977E+05  2.7489E+09 -1.6628E+07 -1.4260E+07  2.3546E-01  5.2266E+00
0000001 3.2879E+05  2.7528E+09 -1.6660E+07 -1.4288E+07  2.3585E-01  1.6694E+01
0000001 3.2785E+05  2.7566E+09 -1.6694E+07 -1.4316E+07  2.3622E-01  3.3476E+02
0000001 3.2695E+05  2.7604E+09 -1.6728E+07 -1.4340E+07  2.3657E-01  5.0621E+00
0000001 3.2590E+05  2.7652E+09 -1.6772E+07 -1.4371E+07  2.3699E-01  1.0351E+01
0000001 3.2493E+05  2.7690E+09 -1.6808E+07 -1.4395E+07  2.3737E-01  8.1937E+00
0000001 3.2388E+05  2.7737E+09 -1.6852E+07 -1.4426E+07  2.3779E-01  2.9533E+03
0000001 3.2282E+05  2.7785E+09 -1.6904E+07 -1.4463E+07  2.3822E-01  4.7257E+00
0000001 3.2190E+05  2.7822E+09 -1.6945E+07 -1.4493E+07  2.3859E-01  3.7533E+00
0000001 3.2097E+05  2.7860E+09 -1.6987E+07 -1.4522E+07  2.3897E-01  6.0295E+00
0000001 3.1993E+05  2.7907E+09 -1.7038E+07 -1.4557E+07  2.3939E-01  2.2272E+02
0000001 3.1890E+05  2.7954E+09 -1.7088E+07 -1.4593E+07  2.3981E-01  1.1808E+01
0000001 3.1796E+05  2.7992E+09 -1.7128E+07 -1.4623E+07  2.4018E-01  1.4121E+01
0000001 3.1689E+05  2.8038E+09 -1.7177E+07 -1.4659E+07  2.4062E-01  3.4347E+00
0000001 3.1582E+05  2.8085E+09 -1.7224E+07 -1.4694E+07  2.4107E-01  1.2329E+01
0000001 3.1487E+05  2.8122E+09 -1.7260E+07 -1.4722E+07  2.4146E-01  1.5853E+01
0000001 3.1392E+05  2.8159E+09 -1.7296E+07 -1.4751E+07  2.4186E-01  1.5374E+01
0000001 3.1298E+05  2.8196E+09 -1.7333E+07 -1.4778E+07  2.4225E-01  7.7758E+01
0000001 3.1186E+05  2.8243E+09 -1.7379E+07 -1.4811E+07  2.4272E-01  1.1094E+01
0000001 3.1094E+05  2.8280E+09 -1.7417E+07 -1.4838E+07  2.4310E-01  7.6261E+00
0000001 3.0981E+05  2.8326E+09 -1.7465E+07 -1.4872E+07  2.4358E-01  6.7873E+00
0000001 3.0886E+05  2.8362E+09 -1.7503E+07 -1.4900E+07  2.4399E-01  4.1728E+00
0000001 3.0789E+05  2.8399E+09 -1.7542E+07 -1.4928E+07  2.4441E-01  1.6767E+01
0000001 3.0677E+05  2.8445E+09 -1.7591E+07 -1.4963E+07  2.4488E-01  8.5686E+00
0000001 3.0584E+05  2.8481E+09 -1.7630E+07 -1.4992E+07  2.4528E-01  8.9339E+00
0000001 3.0495E+05  2.8518E+09 -1.7669E+07 -1.5020E+07  2.4566E-01  7.6013E+00
0000001 3.0387E+05  2.8563E+09 -1.7717E+07 -1.5056E+07  2.4614E-01  1.0666E+01
0000001 3.0279E+05  2.8608E+09 -1.7777E+07 -1.5097E+07  2.4661E-01  3.8353E+01
0000001 3.0193E+05  2.8644E+09 -1.7826E+07 -1.5131E+07  2.4699E-01  1.8510E+01
0000001 3.0090E+05  2.8690E+09 -1.7887E+07 -1.5174E+07  2.4744E-01  1.8733E+01
0000001 3.0000E+05  2.8726E+09 -1.7936E+07 -1.5207E+07  2.4784E-01  8.4048E+00
0000001 2.9892E+05  2.8771E+09 -1.7998E+07 -1.5249E+07  2.4831E-01  4.1928E+00
0000001 2.9778E+05  2.8815E+09 -1.8060E+07 -1.5290E+07  2.4882E-01  4.7529E+00
0000001 2.9692E+05  2.8851E+09 -1.8108E+07 -1.5322E+07  2.4921E-01  2.4858E+01
0000001 2.9582E+05  2.8896E+09 -1.8169E+07 -1.5361E+07  2.4971E-01  4.7838E+00
0000001 2.9491E+05  2.8931E+09 -1.8216E+07 -1.5391E+07  2.5012E-01  7.0456E+00
0000001 2.9378E+05  2.8976E+09 -1.8273E+07 -1.5428E+07  2.5063E-01  2.3541E+01
0000001 2.9289E+05  2.9011E+09 -1.8317E+07 -1.5458E+07  2.5103E-01  2.9533E+01
0000001 2.9198E+05  2.9046E+09 -1.8359E+07 -1.5488E+07  2.5145E-01  3.0986E+01
0000001 2.9082E+05  2.9090E+09 -1.8411E+07 -1.5525E+07  2.5199E-01  1.2484E+01
0000001 2.8995E+05  2.9126E+09 -1.8452E+07 -1.5553E+07  2.5239E-01  1.1865E+01
0000001 2.8886E+05  2.9169E+09 -1.8504E+07 -1.5587E+07  2.5289E-01  4.3074E+00
0000001 2.8799E+05  2.9205E+09 -1.8546E+07 -1.5614E+07  2.5330E-01  3.3540E+01
0000001 2.8692E+05  2.9248E+09 -1.8597E+07 -1.5648E+07  2.5380E-01  5.2444E+01
0000001 2.8585E+05  2.9292E+09 -1.8649E+07 -1.5681E+07  2.5430E-01  1.1227E+01
0000001 2.8494E+05  2.9326E+09 -1.8690E+07 -1.5706E+07  2.5473E-01  7.0128E+00
0000001 2.8382E+05  2.9370E+09 -1.8741E+07 -1.5737E+07  2.5527E-01  7.5324E+00
0000001 2.8299E+05  2.9404E+09 -1.8783E+07 -1.5762E+07  2.5566E-01  1.8754E+02
0000001 2.8192E+05  2.9448E+09 -1.8834E+07 -1.5791E+07  2.5617E-01  9.6391E+02
0000001 2.8076E+05  2.9491E+09 -1.8881E+07 -1.5823E+07  2.5673E-01  9.5574E+00
0000001 2.7991E+05  2.9525E+09 -1.8918E+07 -1.5849E+07  2.5715E-01  2.9683E+01
0000001 2.7881E+05  2.9568E+09 -1.8963E+07 -1.5882E+07  2.5768E-01  6.6560E+00
0000001 2.7794E+05  2.9602E+09 -1.8998E+07 -1.5908E+07  2.5811E-01  6.3534E+00
0000001 2.7698E+05  2.9636E+09 -1.9033E+07 -1.5934E+07  2.5858E-01  1.3276E+01
0000001 2.7594E+05  2.9679E+09 -1.9078E+07 -1.5967E+07  2.5909E-01  2.9664E+01
0000001 2.7488E+05  2.9721E+09 -1.9124E+07 -1.5999E+07  2.5961E-01  4.5594E+00
0000001 2.7395E+05  2.9755E+09 -1.9160E+07 -1.6025E+07  2.6008E-01  9.1030E+00
0000001 2.7276E+05  2.9797E+09 -1.9205E+07 -1.6057E+07  2.6067E-01  2.5928E+01
0000001 2.7194E+05  2.9831E+09 -1.9242E+07 -1.6082E+07  2.6109E-01  8.6802E+00
0000001 2.7084E+05  2.9873E+09 -1.9288E+07 -1.6115E+07  2.6164E-01  1.2043E+01
0000001 2.6980E+05  2.9915E+09 -1.9332E+07 -1.6147E+07  2.6216E-01  7.0929E+00
0000001 2.6894E+05  2.9948E+09 -1.9367E+07 -1.6172E+07  2.6260E-01  6.0944E+00
0000001 2.6786E+05  2.9990E+09 -1.9410E+07 -1.6204E+07  2.6316E-01  5.8142E+00
0000001 2.6699E+05  3.0023E+09 -1.9446E+07 -1.6227E+07  2.6361E-01  6.1520E+00
0000001 2.6577E+05  3.0064E+09 -1.9493E+07 -1.6256E+07  2.6424E-01  1.7923E+01
0000001 2.6498E+05  3.0097E+09 -1.9529E+07 -1.6280E+07  2.6465E-01  9.1745E+00
0000001 2.6387E+05  3.0139E+09 -1.9575E+07 -1.6310E+07  2.6523E-01  5.6998E+00
0000001 2.6295E+05  3.0172E+09 -1.9611E+07 -1.6334E+07  2.6571E-01  2.3744E+01
0000001 2.6195E+05  3.0213E+09 -1.9655E+07 -1.6364E+07  2.6624E-01  2.1621E+01
0000001 2.6088E+05  3.0254E+09 -1.9698E+07 -1.6393E+07  2.6681E-01  6.0158E+00
0000001 2.5979E+05  3.0294E+09 -1.9740E+07 -1.6424E+07  2.6739E-01  9.2577E+00
0000001 2.5889E+05  3.0327E+09 -1.9775E+07 -1.6449E+07  2.6786E-01  1.2134E+02
0000001 2.5785E+05  3.0368E+09 -1.9819E+07 -1.6478E+07  2.6843E-01  6.6705E+01
0000001 2.5699E+05  3.0400E+09 -1.9856E+07 -1.6501E+07  2.6890E-01  5.7016E+00
0000001 2.5591E+05  3.0440E+09 -1.9902E+07 -1.6530E+07  2.6948E-01  1.9355E+01
0000001 2.5483E+05  3.0481E+09 -1.9948E+07 -1.6557E+07  2.7007E-01  1.5090E+01
0000001 2.5398E+05  3.0513E+09 -1.9983E+07 -1.6577E+07  2.7053E-01  6.9157E+01
0000001 2.5287E+05  3.0553E+09 -2.0027E+07 -1.6603E+07  2.7115E-01  2.7561E+01
0000001 2.5193E+05  3.0585E+09 -2.0062E+07 -1.6624E+07  2.7167E-01  3.7565E+01
0000001 2.5083E+05  3.0625E+09 -2.0109E+07 -1.6651E+07  2.7228E-01  3.0212E+01
0000001 2.4994E+05  3.0657E+09 -2.0147E+07 -1.6673E+07  2.7278E-01  4.6541E+00
0000001 2.4878E+05  3.0696E+09 -2.0195E+07 -1.6702E+07  2.7343E-01  4.7954E+01
0000001 2.4790E+05  3.0728E+09 -2.0234E+07 -1.6725E+07  2.7393E-01  1.1114E+01
0000001 2.4682E+05  3.0767E+09 -2.0282E+07 -1.6754E+07  2.7454E-01  9.1201E+00
0000001 2.4598E+05  3.0799E+09 -2.0322E+07 -1.6777E+07  2.7502E-01  7.2128E+00
0000001 2.4488E+05  3.0838E+09 -2.0371E+07 -1.6806E+07  2.7566E-01  9.6256E+00
0000001 2.4391E+05  3.0869E+09 -2.0410E+07 -1.6832E+07  2.7621E-01  1.1042E+01
0000001 2.4283E+05  3.0908E+09 -2.0459E+07 -1.6867E+07  2.7684E-01  1.6510E+01
0000001 2.4200E+05  3.0939E+09 -2.0498E+07 -1.6894E+07  2.7732E-01  3.4121E+01
0000001 2.4091E+05  3.0978E+09 -2.0547E+07 -1.6927E+07  2.7796E-01  1.5529E+02
0000001 2.4000E+05  3.1009E+09 -2.0585E+07 -1.6953E+07  2.7850E-01  9.3183E+00
0000001 2.3888E+05  3.1048E+09 -2.0634E+07 -1.6985E+07  2.7916E-01  5.8168E+00
0000001 2.3782E+05  3.1086E+09 -2.0685E+07 -1.7018E+07  2.7979E-01  9.0228E+00
0000001 2.3696E+05  3.1117E+09 -2.0727E+07 -1.7042E+07  2.8030E-01  6.3272E+00
0000001 2.3592E+05  3.1155E+09 -2.0779E+07 -1.7074E+07  2.8093E-01  1.8681E+01
0000001 2.3482E+05  3.1193E+09 -2.0831E+07 -1.7107E+07  2.8159E-01  1.2538E+01
0000001 2.3394E+05  3.1224E+09 -2.0871E+07 -1.7134E+07  2.8212E-01  7.0927E+00
0000001 2.3287E+05  3.1261E+09 -2.0921E+07 -1.7166E+07  2.8278E-01  1.8209E+01
0000001 2.3180E+05  3.1299E+09 -2.0970E+07 -1.7198E+07  2.8344E-01  1.5351E+01
0000001 2.3080E+05  3.1337E+09 -2.1021E+07 -1.7229E+07  2.8406E-01  5.8751E+00
0000001 2.2992E+05  3.1367E+09 -2.1061E+07 -1.7252E+07  2.8460E-01  1.4173E+01
0000001 2.2880E+05  3.1404E+09 -2.1112E+07 -1.7280E+07  2.8529E-01  7.1375E+01
0000001 2.2794E+05  3.1434E+09 -2.1152E+07 -1.7302E+07  2.8584E-01  4.8412E+00
0000001 2.2697E+05  3.1472E+09 -2.1201E+07 -1.7332E+07  2.8645E-01  4.9040E+00
0000001 2.2586E+05  3.1509E+09 -2.1250E+07 -1.7364E+07  2.8715E-01  4.2235E+00
0000001 2.2486E+05  3.1546E+09 -2.1300E+07 -1.7396E+07  2.8779E-01  7.9149E+00
0000001 2.2395E+05  3.1575E+09 -2.1339E+07 -1.7422E+07  2.8836E-01  5.7181E+00
0000001 2.2287E+05  3.1612E+09 -2.1388E+07 -1.7454E+07  2.8906E-01  9.7886E+00
0000001 2.2200E+05  3.1642E+09 -2.1428E+07 -1.7481E+07  2.8963E-01  4.3272E+00
0000001 2.2095E+05  3.1678E+09 -2.1477E+07 -1.7513E+07  2.9031E-01  2.2177E+01
0000001 2.1994E+05  3.1715E+09 -2.1526E+07 -1.7545E+07  2.9096E-01  1.1796E+01
0000001 2.1882E+05  3.1751E+09 -2.1574E+07 -1.7574E+07  2.9170E-01  1.3352E+01
0000001 2.1796E+05  3.1780E+09 -2.1613E+07 -1.7596E+07  2.9227E-01  1.7274E+01
0000001 2.1689E+05  3.1816E+09 -2.1664E+07 -1.7623E+07  2.9298E-01  3.8948E+01
0000001 2.1581E+05  3.1852E+09 -2.1713E+07 -1.7650E+07  2.9370E-01  1.4212E+01
0000001 2.1491E+05  3.1881E+09 -2.1752E+07 -1.7672E+07  2.9430E-01  4.6958E+01
0000001 2.1388E+05  3.1917E+09 -2.1800E+07 -1.7698E+07  2.9500E-01  5.6625E+01
0000001 2.1287E+05  3.1952E+09 -2.1847E+07 -1.7726E+07  2.9569E-01  3.5073E+00
0000001 2.1199E+05  3.1981E+09 -2.1885E+07 -1.7749E+07  2.9628E-01  2.0596E+01
0000001 2.1095E+05  3.2016E+09 -2.1932E+07 -1.7779E+07  2.9699E-01  1.9602E+01
0000001 2.0997E+05  3.2052E+09 -2.1978E+07 -1.7809E+07  2.9766E-01  6.0381E+01
0000001 2.0894E+05  3.2087E+09 -2.2025E+07 -1.7839E+07  2.9838E-01  4.8747E+00
0000001 2.0791E+05  3.2122E+09 -2.2072E+07 -1.7868E+07  2.9910E-01  2.1710E+01
0000001 2.0690E+05  3.2157E+09 -2.2120E+07 -1.7899E+07  2.9980E-01  5.0706E+00
0000001 2.0579E+05  3.2192E+09 -2.2170E+07 -1.7931E+07  3.0059E-01  4.2537E+02
0000001 2.0493E+05  3.2220E+09 -2.2209E+07 -1.7953E+07  3.0120E-01  7.3877E+00
0000001 2.0394E+05  3.2254E+09 -2.2258E+07 -1.7980E+07  3.0190E-01  4.3972E+00
0000001 2.0281E+05  3.2289E+09 -2.2307E+07 -1.8008E+07  3.0270E-01  4.3150E+00
0000001 2.0197E+05  3.2317E+09 -2.2346E+07 -1.8030E+07  3.0331E-01  3.4522E+01
0000001 2.0091E+05  3.2351E+09 -2.2394E+07 -1.8057E+07  3.0407E-01  5.9852E+00
0000001 1.9992E+05  3.2385E+09 -2.2442E+07 -1.8084E+07  3.0480E-01  4.3194E+00
0000001 1.9882E+05  3.2419E+09 -2.2491E+07 -1.8111E+07  3.0560E-01  6.7923E+00
0000001 1.9799E+05  3.2446E+09 -2.2529E+07 -1.8132E+07  3.0620E-01  4.6323E+01
0000001 1.9677E+05  3.2487E+09 -2.2584E+07 -1.8161E+07  3.0711E-01  6.0042E+00
0000001 1.9592E+05  3.2514E+09 -2.2621E+07 -1.8182E+07  3.0774E-01  1.2130E+02
0000001 1.9479E+05  3.2548E+09 -2.2669E+07 -1.8209E+07  3.0858E-01  8.2176E+00
0000001 1.9394E+05  3.2575E+09 -2.2707E+07 -1.8229E+07  3.0921E-01  1.8423E+01
0000001 1.9295E+05  3.2608E+09 -2.2753E+07 -1.8254E+07  3.0997E-01  5.9600E+00
0000001 1.9190E+05  3.2641E+09 -2.2799E+07 -1.8278E+07  3.1076E-01  5.3997E+00
0000001 1.9084E+05  3.2675E+09 -2.2845E+07 -1.8303E+07  3.1156E-01  9.1468E+00
0000001 1.8978E+05  3.2708E+09 -2.2887E+07 -1.8328E+07  3.1238E-01  1.0072E+01
0000001 1.8898E+05  3.2734E+09 -2.2920E+07 -1.8348E+07  3.1300E-01  5.7257E+00
0000001 1.8796E+05  3.2767E+09 -2.2960E+07 -1.8375E+07  3.1379E-01  1.3632E+01
0000001 1.8693E+05  3.2800E+09 -2.2997E+07 -1.8403E+07  3.1458E-01  6.2442E+00
0000001 1.8597E+05  3.2832E+09 -2.3032E+07 -1.8431E+07  3.1534E-01  5.1714E+00
0000001 1.8499E+05  3.2865E+09 -2.3067E+07 -1.8459E+07  3.1611E-01  5.0598E+00
0000001 1.8382E+05  3.2904E+09 -2.3107E+07 -1.8490E+07  3.1704E-01  5.8985E+00
0000001 1.8298E+05  3.2929E+09 -2.3135E+07 -1.8509E+07  3.1770E-01  1.0113E+02
0000001 1.8196E+05  3.2961E+09 -2.3172E+07 -1.8527E+07  3.1852E-01  1.1625E+01
0000001 1.8091E+05  3.2994E+09 -2.3207E+07 -1.8545E+07  3.1937E-01  6.7527E+00
0000001 1.7987E+05  3.3025E+09 -2.3239E+07 -1.8564E+07  3.2020E-01  3.7012E+01
0000001 1.7883E+05  3.3057E+09 -2.3270E+07 -1.8582E+07  3.2104E-01  6.0381E+00
0000001 1.7785E+05  3.3089E+09 -2.3302E+07 -1.8598E+07  3.2185E-01  8.1602E+00
0000001 1.7686E+05  3.3120E+09 -2.3337E+07 -1.8611E+07  3.2266E-01  4.9203E+00
0000001 1.7588E+05  3.3152E+09 -2.3374E+07 -1.8619E+07  3.2347E-01  1.5672E+01
0000001 1.7479E+05  3.3183E+09 -2.3410E+07 -1.8628E+07  3.2437E-01  4.0648E+01
0000001 1.7399E+05  3.3208E+09 -2.3439E+07 -1.8635E+07  3.2504E-01  6.4894E+01
0000001 1.7299E+05  3.3239E+09 -2.3477E+07 -1.8642E+07  3.2587E-01  8.4054E+01
0000001 1.7196E+05  3.3270E+09 -2.3510E+07 -1.8648E+07  3.2674E-01  2.3818E+01
0000001 1.7088E+05  3.3301E+09 -2.3540E+07 -1.8655E+07  3.2766E-01  8.7445E+00
0000001 1.6993E+05  3.3332E+09 -2.3569E+07 -1.8662E+07  3.2846E-01  9.4938E+00
0000001 1.6893E+05  3.3362E+09 -2.3599E+07 -1.8670E+07  3.2933E-01  8.7655E+00
0000001 1.6792E+05  3.3393E+09 -2.3628E+07 -1.8679E+07  3.3019E-01  2.0409E+01
0000001 1.6693E+05  3.3423E+09 -2.3656E+07 -1.8688E+07  3.3104E-01  6.4902E+00
0000001 1.6596E+05  3.3454E+09 -2.3682E+07 -1.8698E+07  3.3189E-01  1.3166E+01
0000001 1.6493E+05  3.3484E+09 -2.3708E+07 -1.8707E+07  3.3278E-01  6.6495E+01
0000001 1.6391E+05  3.3514E+09 -2.3736E+07 -1.8715E+07  3.3368E-01  1.3781E+01
0000001 1.6289E+05  3.3544E+09 -2.3764E+07 -1.8724E+07  3.3458E-01  2.0732E+01
0000001 1.6193E+05  3.3573E+09 -2.3793E+07 -1.8733E+07  3.3543E-01  1.0170E+01
0000001 1.6094E+05  3.3603E+09 -2.3821E+07 -1.8740E+07  3.3631E-01  2.1592E+01
0000001 1.5988E+05  3.3633E+09 -2.3849E+07 -1.8749E+07  3.3726E-01  1.0976E+01
0000001 1.5894E+05  3.3662E+09 -2.3877E+07 -1.8758E+07  3.3811E-01  8.5916E+00
0000001 1.5796E+05  3.3691E+09 -2.3905E+07 -1.8769E+07  3.3899E-01  5.6941E+00
0000001 1.5689E+05  3.3720E+09 -2.3934E+07 -1.8781E+07  3.3997E-01  6.2853E+00
0000001 1.5586E+05  3.3749E+09 -2.3962E+07 -1.8793E+07  3.4091E-01  8.6358E+00
0000001 1.5487E+05  3.3778E+09 -2.3989E+07 -1.8805E+07  3.4181E-01  1.8222E+02
0000001 1.5384E+05  3.3807E+09 -2.4017E+07 -1.8817E+07  3.4276E-01  9.3208E+00
0000001 1.5296E+05  3.3836E+09 -2.4044E+07 -1.8830E+07  3.4358E-01  1.7484E+01
0000001 1.5181E+05  3.3870E+09 -2.4078E+07 -1.8847E+07  3.4464E-01  3.3106E+01
0000001 1.5088E+05  3.3899E+09 -2.4108E+07 -1.8859E+07  3.4552E-01  5.3493E+00
0000001 1.4985E+05  3.3927E+09 -2.4137E+07 -1.8870E+07  3.4649E-01  1.4527E+01
0000001 1.4893E+05  3.3955E+09 -2.4167E+07 -1.8881E+07  3.4735E-01  4.4310E+00
0000001 1.4796E+05  3.3983E+09 -2.4198E+07 -1.8890E+07  3.4827E-01  9.2145E+00
0000001 1.4697E+05  3.4011E+09 -2.4229E+07 -1.8898E+07  3.4921E-01  2.7360E+01
0000001 1.4599E+05  3.4039E+09 -2.4260E+07 -1.8905E+07  3.5014E-01  1.0255E+02
0000001 1.4487E+05  3.4072E+09 -2.4300E+07 -1.8913E+07  3.5123E-01  5.9335E+00
0000001 1.4390E+05  3.4100E+09 -2.4333E+07 -1.8919E+07  3.5216E-01  1.0846E+01
0000001 1.4292E+05  3.4127E+09 -2.4363E+07 -1.8925E+07  3.5311E-01  7.9273E+00
0000001 1.4192E+05  3.4154E+09 -2.4393E+07 -1.8931E+07  3.5408E-01  5.1992E+00
0000001 1.4080E+05  3.4187E+09 -2.4428E+07 -1.8938E+07  3.5518E-01  6.6138E+00
0000001 1.3985E+05  3.4214E+09 -2.4458E+07 -1.8943E+07  3.5611E-01  2.3805E+01
0000001 1.3886E+05  3.4241E+09 -2.4489E+07 -1.8950E+07  3.5708E-01  6.6502E+00
0000001 1.3786E+05  3.4268E+09 -2.4521E+07 -1.8957E+07  3.5808E-01  5.8716E+00
0000001 1.3683E+05  3.4295E+09 -2.4551E+07 -1.8965E+07  3.5910E-01  5.9108E+01
0000001 1.3584E+05  3.4321E+09 -2.4579E+07 -1.8972E+07  3.6009E-01  7.5036E+00
0000001 1.3488E+05  3.4347E+09 -2.4607E+07 -1.8978E+07  3.6105E-01  3.6796E+01
0000001 1.3384E+05  3.4379E+09 -2.4639E+07 -1.8983E+07  3.6210E-01  1.8519E+01
0000001 1.3291E+05  3.4405E+09 -2.4664E+07 -1.8987E+07  3.6303E-01  9.8813E+00
0000001 1.3198E+05  3.4431E+09 -2.4688E+07 -1.8993E+07  3.6397E-01  2.8659E+01
0000001 1.3084E+05  3.4462E+09 -2.4715E+07 -1.9000E+07  3.6513E-01  1.2561E+01
0000001 1.2987E+05  3.4488E+09 -2.4738E+07 -1.9005E+07  3.6612E-01  3.9321E+00
0000001 1.2882E+05  3.4519E+09 -2.4766E+07 -1.9011E+07  3.6719E-01  4.0272E+00
0000001 1.2787E+05  3.4544E+09 -2.4790E+07 -1.9017E+07  3.6817E-01  6.6748E+00
0000001 1.2696E+05  3.4570E+09 -2.4815E+07 -1.9023E+07  3.6911E-01  1.0210E+01
0000001 1.2584E+05  3.4600E+09 -2.4842E+07 -1.9035E+07  3.7027E-01  1.5441E+01
0000001 1.2486E+05  3.4625E+09 -2.4861E+07 -1.9051E+07  3.7129E-01  4.1055E+01
0000001 1.2390E+05  3.4650E+09 -2.4880E+07 -1.9063E+07  3.7228E-01  5.1057E+00
0000001 1.2283E+05  3.4680E+09 -2.4902E+07 -1.9080E+07  3.7340E-01  4.9939E+00
0000001 1.2190E+05  3.4705E+09 -2.4921E+07 -1.9095E+07  3.7437E-01  3.2995E+00
0000001 1.2083E+05  3.4735E+09 -2.4944E+07 -1.9113E+07  3.7550E-01  2.4833E+01
0000001 1.1996E+05  3.4759E+09 -2.4960E+07 -1.9126E+07  3.7641E-01  8.3795E+00
0000001 1.1888E+05  3.4788E+09 -2.4970E+07 -1.9142E+07  3.7755E-01  2.5400E+01
0000001 1.1783E+05  3.4817E+09 -2.4980E+07 -1.9156E+07  3.7866E-01  9.3044E+00
0000001 1.1686E+05  3.4841E+09 -2.4988E+07 -1.9167E+07  3.7969E-01  2.4542E+01
0000001 1.1594E+05  3.4865E+09 -2.4998E+07 -1.9178E+07  3.8066E-01  5.7118E+00
0000001 1.1486E+05  3.4894E+09 -2.5006E+07 -1.9192E+07  3.8181E-01  3.8886E+01
0000001 1.1393E+05  3.4918E+09 -2.5014E+07 -1.9203E+07  3.8280E-01  6.7943E+00
0000001 1.1298E+05  3.4941E+09 -2.5022E+07 -1.9214E+07  3.8382E-01  5.0877E+00
0000001 1.1187E+05  3.4969E+09 -2.5029E+07 -1.9226E+07  3.8500E-01  1.1803E+01
0000001 1.1099E+05  3.4993E+09 -2.5035E+07 -1.9237E+07  3.8594E-01  2.2425E+01
0000001 1.0994E+05  3.5020E+09 -2.5042E+07 -1.9252E+07  3.8707E-01  6.4650E+00
0000001 1.0890E+05  3.5048E+09 -2.5049E+07 -1.9266E+07  3.8818E-01  6.6548E+00
0000001 1.0784E+05  3.5076E+09 -2.5054E+07 -1.9281E+07  3.8932E-01  4.3396E+01
0000001 1.0696E+05  3.5098E+09 -2.5056E+07 -1.9293E+07  3.9027E-01  1.0962E+01
0000001 1.0594E+05  3.5125E+09 -2.5056E+07 -1.9306E+07  3.9136E-01  6.3293E+00
0000001 1.0492E+05  3.5152E+09 -2.5054E+07 -1.9316E+07  3.9246E-01  9.4240E+00
0000001 1.0386E+05  3.5179E+09 -2.5051E+07 -1.9327E+07  3.9359E-01  1.5286E+01
0000001 1.0298E+05  3.5201E+09 -2.5046E+07 -1.9334E+07  3.9454E-01  5.3691E+00
0000001 1.0197E+05  3.5228E+09 -2.5042E+07 -1.9345E+07  3.9563E-01  6.9006E+01
0000001 1.0097E+05  3.5254E+09 -2.5037E+07 -1.9356E+07  3.9670E-01  1.6011E+01
0000001 9.9865E+04  3.5280E+09 -2.5032E+07 -1.9366E+07  3.9788E-01  7.2685E+00
0000001 9.8822E+04  3.5306E+09 -2.5027E+07 -1.9376E+07  3.9900E-01  8.7054E+00
0000001 9.7987E+04  3.5328E+09 -2.5021E+07 -1.9383E+07  3.9989E-01  4.8420E+00
0000001 9.6896E+04  3.5354E+09 -2.5013E+07 -1.9388E+07  4.0106E-01  2.2075E+01
0000001 9.5865E+04  3.5379E+09 -2.5007E+07 -1.9392E+07  4.0241E-01  1.0856E+01
0000001 9.4861E+04  3.5404E+09 -2.5000E+07 -1.9398E+07  4.0382E-01  1.0469E+01
0000001 9.3865E+04  3.5430E+09 -2.4996E+07 -1.9402E+07  4.0526E-01  8.5092E+00
0000001 9.2837E+04  3.5455E+09 -2.4989E+07 -1.9408E+07  4.0677E-01  1.1105E+01
0000001 9.1985E+04  3.5475E+09 -2.4985E+07 -1.9411E+07  4.0792E-01  5.2243E+00
0000001 9.0963E+04  3.5500E+09 -2.4982E+07 -1.9415E+07  4.0929E-01  5.5691E+00
0000001 8.9940E+04  3.5524E+09 -2.4981E+07 -1.9420E+07  4.1056E-01  5.0836E+00
0000001 8.8893E+04  3.5549E+09 -2.4981E+07 -1.9424E+07  4.1182E-01  1.0985E+01
0000001 8.7876E+04  3.5573E+09 -2.4983E+07 -1.9428E+07  4.1294E-01  1.1234E+02
0000001 8.6866E+04  3.5597E+09 -2.4986E+07 -1.9430E+07  4.1400E-01  8.0671E+00
0000001 8.5871E+04  3.5620E+09 -2.4989E+07 -1.9432E+07  4.1497E-01  1.4603E+01
0000001 8.4926E+04  3.5644E+09 -2.4993E+07 -1.9434E+07  4.1583E-01  8.6306E+00
0000001 8.3911E+04  3.5667E+09 -2.4997E+07 -1.9436E+07  4.1669E-01  1.0716E+01
0000001 8.2865E+04  3.5695E+09 -2.5002E+07 -1.9436E+07  4.1748E-01  2.1587E+01
0000001 8.1900E+04  3.5718E+09 -2.5005E+07 -1.9437E+07  4.1816E-01  3.8340E+00
0000001 8.0932E+04  3.5741E+09 -2.5005E+07 -1.9438E+07  4.1874E-01  7.1236E+00
0000001 7.9878E+04  3.5767E+09 -2.5001E+07 -1.9438E+07  4.1955E-01  1.3218E+02
0000001 7.8998E+04  3.5790E+09 -2.4998E+07 -1.9436E+07  4.2041E-01  4.8308E+01
0000001 7.7906E+04  3.5816E+09 -2.4991E+07 -1.9436E+07  4.2157E-01  1.9948E+02
0000001 7.6859E+04  3.5842E+09 -2.4982E+07 -1.9434E+07  4.2272E-01  6.6150E+00
0000001 7.5919E+04  3.5864E+09 -2.4972E+07 -1.9431E+07  4.2373E-01  5.2346E+00
0000001 7.4992E+04  3.5885E+09 -2.4964E+07 -1.9427E+07  4.2473E-01  1.9645E+02
0000001 7.3916E+04  3.5911E+09 -2.4953E+07 -1.9423E+07  4.2587E-01  5.0075E+00
0000001 7.2996E+04  3.5932E+09 -2.4944E+07 -1.9420E+07  4.2683E-01  7.3413E+00
0000001 7.1958E+04  3.5957E+09 -2.4934E+07 -1.9416E+07  4.2791E-01  3.8587E+01
0000001 7.0886E+04  3.5982E+09 -2.4924E+07 -1.9411E+07  4.2901E-01  6.1866E+00
0000001 6.9830E+04  3.6006E+09 -2.4913E+07 -1.9407E+07  4.3007E-01  8.1278E+01
0000001 6.8927E+04  3.6027E+09 -2.4906E+07 -1.9404E+07  4.3096E-01  3.7175E+00
0000001 6.7851E+04  3.6051E+09 -2.4899E+07 -1.9400E+07  4.3202E-01  6.3615E+00
0000001 6.6959E+04  3.6071E+09 -2.4893E+07 -1.9396E+07  4.3287E-01  1.4329E+01
0000001 6.5953E+04  3.6095E+09 -2.4887E+07 -1.9390E+07  4.3382E-01  3.4061E+01
0000001 6.4988E+04  3.6118E+09 -2.4881E+07 -1.9385E+07  4.3471E-01  8.9518E+00
0000001 6.3933E+04  3.6141E+09 -2.4876E+07 -1.9381E+07  4.3566E-01  9.4410E+01
0000001 6.2935E+04  3.6164E+09 -2.4871E+07 -1.9377E+07  4.3654E-01  4.3536E+00
0000001 6.1957E+04  3.6187E+09 -2.4867E+07 -1.9373E+07  4.3738E-01  1.0978E+02
0000001 6.0980E+04  3.6209E+09 -2.4862E+07 -1.9369E+07  4.3819E-01  1.0899E+01
0000001 5.9899E+04  3.6234E+09 -2.4854E+07 -1.9363E+07  4.3906E-01  8.3705E+00
0000001 5.8950E+04  3.6256E+09 -2.4847E+07 -1.9360E+07  4.3980E-01  4.9543E+00
0000001 5.7965E+04  3.6278E+09 -2.4839E+07 -1.9358E+07  4.4054E-01  4.7527E+01
0000001 5.6974E+04  3.6299E+09 -2.4834E+07 -1.9355E+07  4.4125E-01  1.6524E+01
0000001 5.5935E+04  3.6324E+09 -2.4829E+07 -1.9351E+07  4.4196E-01  3.6383E+01
0000001 5.4980E+04  3.6345E+09 -2.4826E+07 -1.9347E+07  4.4258E-01  1.1295E+01
0000001 5.3909E+04  3.6369E+09 -2.4821E+07 -1.9343E+07  4.4323E-01  2.4412E+01
0000001 5.2960E+04  3.6389E+09 -2.4811E+07 -1.9341E+07  4.4378E-01  1.8857E+02
0000001 5.1932E+04  3.6412E+09 -2.4803E+07 -1.9335E+07  4.4433E-01  7.1056E+00
0000001 5.0923E+04  3.6435E+09 -2.4793E+07 -1.9329E+07  4.4483E-01  7.0379E+00
0000001 4.9958E+04  3.6458E+09 -2.4783E+07 -1.9320E+07  4.4526E-01  3.6245E+01
0000001 4.8966E+04  3.6481E+09 -2.4773E+07 -1.9311E+07  4.4565E-01  4.3104E+01
0000001 4.7969E+04  3.6503E+09 -2.4764E+07 -1.9307E+07  4.4600E-01  1.7796E+01
0000001 4.6996E+04  3.6525E+09 -2.4754E+07 -1.9304E+07  4.4629E-01  5.2884E+01
0000001 4.5944E+04  3.6549E+09 -2.4747E+07 -1.9300E+07  4.4654E-01  1.4912E+01
0000001 4.4971E+04  3.6570E+09 -2.4743E+07 -1.9298E+07  4.4671E-01  6.0562E+00
0000001 4.3962E+04  3.6594E+09 -2.4737E+07 -1.9293E+07  4.4683E-01  5.2903E+00
0000001 4.2967E+04  3.6615E+09 -2.4729E+07 -1.9289E+07  4.4688E-01  1.2022E+01
0000001 4.1970E+04  3.6638E+09 -2.4721E+07 -1.9286E+07  4.4686E-01  5.2755E+00
0000001 4.0898E+04  3.6660E+09 -2.4713E+07 -1.9283E+07  4.4676E-01  6.8511E+01
0000001 3.9931E+04  3.6683E+09 -2.4704E+07 -1.9280E+07  4.4659E-01  6.7177E+00
0000001 3.8927E+04  3.6705E+09 -2.4694E+07 -1.9281E+07  4.4633E-01  1.7056E+01
0000001 3.7977E+04  3.6726E+09 -2.4685E+07 -1.9287E+07  4.4600E-01  3.2172E+01
0000001 3.6999E+04  3.6748E+09 -2.4677E+07 -1.9293E+07  4.4558E-01  4.9456E+00
0000001 3.5952E+04  3.6771E+09 -2.4671E+07 -1.9293E+07  4.4502E-01  6.9206E+00
0000001 3.4938E+04  3.6794E+09 -2.4662E+07 -1.9292E+07  4.4437E-01  9.9140E+00
0000001 3.3997E+04  3.6814E+09 -2.4654E+07 -1.9289E+07  4.4366E-01  9.9897E+00
0000001 3.2967E+04  3.6836E+09 -2.4649E+07 -1.9283E+07  4.4276E-01  3.9029E+02
0000001 3.1987E+04  3.6858E+09 -2.4650E+07 -1.9284E+07  4.4179E-01  1.0934E+01
0000001 3.0962E+04  3.6882E+09 -2.4652E+07 -1.9285E+07  4.4062E-01  7.4573E+01
0000001 2.9922E+04  3.6905E+09 -2.4655E+07 -1.9280E+07  4.3928E-01  9.5388E+00
0000001 2.8925E+04  3.6927E+09 -2.4655E+07 -1.9269E+07  4.3783E-01  1.4150E+02
0000001 2.7989E+04  3.6948E+09 -2.4659E+07 -1.9254E+07  4.3632E-01  3.3173E+01
0000001 2.6953E+04  3.6971E+09 -2.4661E+07 -1.9238E+07  4.3446E-01  4.2328E+01
0000001 2.5998E+04  3.6993E+09 -2.4665E+07 -1.9227E+07  4.3255E-01  3.2003E+01
0000001 2.4988E+04  3.7017E+09 -2.4669E+07 -1.9211E+07  4.3031E-01  1.1578E+01
0000001 2.3964E+04  3.7041E+09 -2.4670E+07 -1.9193E+07  4.2779E-01  8.4663E+00
0000001 2.2920E+04  3.7066E+09 -2.4671E+07 -1.9172E+07  4.2492E-01  6.0121E+01
0000001 2.1953E+04  3.7091E+09 -2.4673E+07 -1.9146E+07  4.2197E-01  9.4428E+00
0000001 2.0961E+04  3.7113E+09 -2.4668E+07 -1.9119E+07  4.1861E-01  1.4551E+01
0000001 1.9976E+04  3.7137E+09 -2.4666E+07 -1.9092E+07  4.1492E-01  5.0999E+01
0000001 1.8978E+04  3.7161E+09 -2.4669E+07 -1.9067E+07  4.1075E-01  4.5942E+00
0000001 1.7965E+04  3.7186E+09 -2.4673E+07 -1.9044E+07  4.0602E-01  2.5883E+01
0000001 1.6945E+04  3.7212E+09 -2.4682E+07 -1.9023E+07  4.0066E-01  1.6542E+01
0000001 1.5992E+04  3.7235E+09 -2.4679E+07 -1.9013E+07  3.9503E-01  7.9031E+01
0000001 1.4973E+04  3.7262E+09 -2.4656E+07 -1.8999E+07  3.8826E-01  6.7177E+00
0000001 1.3963E+04  3.7287E+09 -2.4626E+07 -1.8987E+07  3.8063E-01  2.5419E+01
0000001 1.2982E+04  3.7313E+09 -2.4597E+07 -1.8979E+07  3.7220E-01  5.3221E+00
0000001 1.1994E+04  3.7340E+09 -2.4563E+07 -1.8979E+07  3.6251E-01  7.0733E+00
0000001 1.0983E+04  3.7366E+09 -2.4521E+07 -1.8975E+07  3.5113E-01  4.3556E+01
0000001 9.9825E+03  3.7394E+09 -2.4469E+07 -1.8978E+07  3.3809E-01  2.5173E+01
0000001 8.9985E+03  3.7424E+09 -2.4420E+07 -1.8993E+07  3.2327E-01  5.5747E+00
0000001 7.9927E+03  3.7457E+09 -2.4349E+07 -1.9035E+07  3.0563E-01  8.4750E+00
0000001 6.9975E+03  3.7491E+09 -2.4288E+07 -1.9085E+07  2.8524E-01  6.3971E+00
0000001 5.9894E+03  3.7527E+09 -2.4230E+07 -1.9179E+07  2.6096E-01  6.1742E+00
0000001 4.9849E+03  3.7566E+09 -2.4086E+07 -1.9286E+07  2.3241E-01  7.5437E+00
0000001 3.9923E+03  3.7611E+09 -2.3918E+07 -1.9381E+07  1.9905E-01  2.2270E+01
0000001 2.9991E+03  3.7663E+09 -2.3687E+07 -1.9586E+07  1.5953E-01  3.9442E+01
0000001 1.9928E+03  3.7739E+09 -2.3541E+07 -2.0087E+07  1.1259E-01  1.9217E+01
0000001 9.9602E+02  3.7846E+09 -2.4302E+07 -2.0626E+07  6.2239E-02  2.6494E+02
0000001 0.0000E+00  3.8023E+09 -2.1101E+07 -1.9733E+07  0.0000E+00  1.3234E+00
