Calc. Date= 04-27-2023. Time= 14:54:30
============================== SRIM-2013.00 ==============================
 =====================================================================
 =                   Ion Energy vs Position File                     =
 =====================================================================
 =   AXIS DEFINITIONS: X=Depth. Y.Z= Lateral plane of target surface.=
 =   (If beam enters target at an angle. this tilt is in Y direction)=
 =   Shown are: Ion Number. Energy (keV). X. Y. Z Position           =
 ==================  CALCULATION   DATA  =============================
  Ion Data: Name. Mass.   Energy . Energy Interval
           Sr     080.00  1200000keV    23529411eV
 =====================================================================
Ion       Energy     Depth (X)     Y           Z       Electronic   Energy Lost to
Number    (keV)    (Angstrom)  (Angstrom)  (Angstrom)  Stop.(eV/A)  Last Recoil(eV)
------- ----------- ---------- ----------- ----------- -----------  ---------------
0000001 1.2000E+06  0.0000E+00  0.0000E+00  0.0000E+00  5.1093E-01  0.0000E+00
0000001 1.1764E+06  4.4992E+07  2.3334E+04 -2.0473E+04  5.1659E-01  2.1089E+03
0000001 1.1528E+06  9.0841E+07  2.0073E+04 -3.1383E+04  5.2233E-01  5.3623E+00
0000001 1.1294E+06  1.3609E+08  2.2679E+03 -3.5060E+04  5.2815E-01  5.1681E+00
0000001 1.1058E+06  1.7950E+08 -1.6236E+04 -5.5715E+04  5.3409E-01  4.2306E+01
0000001 1.0822E+06  2.2352E+08 -5.1700E+04 -8.7983E+04  5.4017E-01  4.6392E+00
0000001 1.0586E+06  2.6692E+08 -7.4711E+04 -1.0069E+05  5.4633E-01  4.0997E+01
0000001 1.0353E+06  3.0971E+08 -5.8813E+04 -1.1237E+05  5.5256E-01  5.0921E+00
0000001 1.0118E+06  3.5187E+08 -2.4925E+04 -1.1394E+05  5.5897E-01  2.3832E+01
0000001 9.8821E+05  3.9455E+08  1.6870E+04 -1.1664E+05  5.6549E-01  5.1983E+01
0000001 9.6470E+05  4.3545E+08  7.3536E+04 -1.3841E+05  5.7214E-01  8.6832E+00
0000001 9.4103E+05  4.7627E+08  1.9502E+05 -1.9381E+05  5.7897E-01  1.8409E+01
0000001 9.1763E+05  5.1589E+08  2.8847E+05 -2.3924E+05  5.8586E-01  1.1247E+02
0000001 8.9386E+05  5.5593E+08  3.2102E+05 -2.4381E+05  5.9301E-01  7.4941E+00
0000001 8.7048E+05  5.9530E+08  3.1041E+05 -2.5482E+05  6.0021E-01  3.9502E+01
0000001 8.4682E+05  6.3503E+08  3.0087E+05 -2.0597E+05  6.0766E-01  1.3272E+01
0000001 8.2346E+05  6.7305E+08  2.4260E+05 -1.2398E+05  6.1518E-01  1.9282E+01
0000001 7.9986E+05  7.1137E+08  1.8063E+05 -4.6035E+04  6.2298E-01  3.3690E+01
0000001 7.7622E+05  7.4850E+08  1.2629E+05  3.7119E+04  6.3097E-01  4.5950E+00
0000001 7.5267E+05  7.8540E+08  1.0901E+05  1.3209E+05  6.3916E-01  6.1333E+00
0000001 7.2919E+05  8.2157E+08  1.0837E+05  2.1582E+05  6.4754E-01  1.9013E+01
0000001 7.0555E+05  8.5748E+08  1.3484E+05  4.0330E+05  6.5621E-01  4.6152E+00
0000001 6.8217E+05  8.9309E+08  1.5317E+05  5.9527E+05  6.6502E-01  6.1556E+00
0000001 6.5881E+05  9.2794E+08  1.4881E+05  7.8080E+05  6.7411E-01  1.7818E+01
0000001 6.3519E+05  9.6288E+08  1.1233E+05  9.9608E+05  6.8358E-01  1.1721E+02
0000001 6.1160E+05  9.9744E+08  1.2832E+05  1.1934E+06  6.9333E-01  7.3922E+00
0000001 5.8820E+05  1.0312E+09  1.2859E+05  1.3817E+06  7.0330E-01  1.1296E+01
0000001 5.6453E+05  1.0645E+09  1.4248E+05  1.5903E+06  7.1373E-01  1.0230E+01
0000001 5.4117E+05  1.0974E+09  2.1209E+05  1.7937E+06  7.2436E-01  6.0222E+00
0000001 5.1749E+05  1.1297E+09  3.0853E+05  2.0212E+06  7.3550E-01  9.1113E+00
0000001 4.9394E+05  1.1615E+09  4.1320E+05  2.2586E+06  7.4693E-01  4.1911E+01
0000001 4.7051E+05  1.1928E+09  4.9679E+05  2.5028E+06  7.5866E-01  7.4419E+00
0000001 4.4702E+05  1.2231E+09  5.6785E+05  2.7281E+06  7.7077E-01  2.5733E+01
0000001 4.2333E+05  1.2535E+09  6.1454E+05  2.8947E+06  7.8331E-01  1.3527E+01
0000001 3.9998E+05  1.2832E+09  6.3727E+05  3.0206E+06  7.9596E-01  1.7509E+01
0000001 3.7637E+05  1.3125E+09  6.3381E+05  3.1988E+06  8.0896E-01  5.6496E+01
0000001 3.5289E+05  1.3413E+09  5.7439E+05  3.4101E+06  8.2201E-01  1.5548E+01
0000001 3.2929E+05  1.3696E+09  5.6354E+05  3.6381E+06  8.3508E-01  5.9564E+00
0000001 3.0570E+05  1.3972E+09  6.9802E+05  3.8379E+06  8.4787E-01  6.1829E+01
0000001 2.8214E+05  1.4247E+09  8.9402E+05  3.9523E+06  8.6004E-01  2.4315E+01
0000001 2.5872E+05  1.4513E+09  1.0476E+06  4.0615E+06  8.7108E-01  4.9541E+00
0000001 2.3524E+05  1.4778E+09  1.1511E+06  4.2482E+06  8.8046E-01  6.3514E+00
0000001 2.1169E+05  1.5043E+09  1.1592E+06  4.4820E+06  8.8724E-01  1.2260E+01
0000001 1.8811E+05  1.5309E+09  1.1168E+06  4.7379E+06  8.9212E-01  6.8800E+00
0000001 1.6466E+05  1.5572E+09  1.0787E+06  5.0500E+06  8.9109E-01  1.1653E+01
0000001 1.4115E+05  1.5839E+09  1.0663E+06  5.3988E+06  8.8148E-01  2.0920E+01
0000001 1.1765E+05  1.6104E+09  9.5489E+05  5.7133E+06  8.6379E-01  9.9753E+00
0000001 9.4108E+04  1.6381E+09  7.5210E+05  6.0228E+06  8.3077E-01  5.7190E+00
0000001 7.0584E+04  1.6671E+09  4.1073E+05  6.1544E+06  7.7623E-01  3.3974E+01
0000001 4.7053E+04  1.6989E+09  3.8283E+04  6.0324E+06  6.9050E-01  3.2256E+01
0000001 2.3488E+04  1.7364E+09 -6.9159E+05  5.7957E+06  5.3614E-01  1.0408E+01
0000001 0.0000E+00  1.8196E+09 -7.7496E+06 -9.0269E+06  0.0000E+00  6.3209E-01
