Calc. Date= 04-03-2023, Time= 10:52:32
============================== SRIM-2013.00 ==============================
 =====================================================================
 =                   Ion Energy vs Position File                     =
 =====================================================================
 =   AXIS DEFINITIONS: X=Depth, Y,Z= Lateral plane of target surface.=
 =   (If beam enters target at an angle, this tilt is in Y direction)=
 =   Shown are: Ion Number, Energy (keV), X, Y, Z Position           =
 ==================  CALCULATION   DATA  =============================
  Ion Data: Name, Mass,   Energy , Energy Interval
           He     004,00  5400keV    1000eV
 =====================================================================
Ion       Energy     Depth (X)     Y           Z       Electronic   Energy Lost to
Number    (keV)    (Angstrom)  (Angstrom)  (Angstrom)  Stop.(eV/A)  Last Recoil(eV)
------- ----------- ---------- ----------- ----------- -----------  ---------------
0000001 5,4000E+03  0,0000E+00  0,0000E+00  0,0000E+00  1,1845E-02  0,0000E+00
0000001 5,3729E+03  1,9734E+06 -8,0170E-02 -2,5568E-02  1,1888E-02  9,7313E-01
0000001 5,3460E+03  4,0267E+06 -2,9129E+02 -1,5041E+03  1,1929E-02  1,7973E+00
0000001 5,2554E+03  1,0945E+07  9,6228E+02 -1,5024E+04  1,2073E-02  2,1071E+02
0000001 5,1777E+03  1,7768E+07  1,5431E+04  6,4860E+04  1,2199E-02  3,0999E+00
0000001 5,0985E+03  2,4508E+07  3,3841E+04  1,5437E+05  1,2330E-02  2,3509E+01
0000001 5,0094E+03  3,1164E+07  3,1566E+04  2,1928E+05  1,2482E-02  3,2222E+00
0000001 4,9180E+03  3,7725E+07  4,0711E+04  2,8462E+05  1,2641E-02  1,5270E+01
0000001 4,8370E+03  4,4189E+07  6,7915E+04  3,3210E+05  1,2787E-02  5,6268E+00
0000001 4,7498E+03  5,0567E+07  1,0922E+05  3,8286E+05  1,2947E-02  3,4338E+00
0000001 4,6617E+03  5,6850E+07  1,4093E+05  4,3506E+05  1,3114E-02  1,3822E+01
0000001 4,5723E+03  6,3039E+07  1,5928E+05  5,0580E+05  1,3288E-02  3,2254E+00
0000001 4,5005E+03  6,9132E+07  1,6692E+05  5,7940E+05  1,3431E-02  8,0426E+00
0000001 4,4214E+03  7,5147E+07  1,9119E+05  6,4684E+05  1,3593E-02  1,3684E+01
0000001 4,3498E+03  8,1076E+07  2,1756E+05  7,3124E+05  1,3742E-02  4,3054E+00
0000001 4,2715E+03  8,6927E+07  2,5582E+05  8,1117E+05  1,3911E-02  2,5300E+01
0000001 4,1956E+03  9,2693E+07  3,2323E+05  8,9718E+05  1,4078E-02  4,8003E+00
0000001 4,1148E+03  9,8375E+07  3,9946E+05  9,7806E+05  1,4261E-02  4,6942E+00
0000001 4,0285E+03  1,0397E+08  4,8707E+05  1,0543E+06  1,4461E-02  5,4232E+00
0000001 3,9535E+03  1,0947E+08  5,6604E+05  1,1376E+06  1,4641E-02  8,2658E+00
0000001 3,8684E+03  1,1488E+08  6,5789E+05  1,2294E+06  1,4850E-02  7,4217E+00
0000001 3,7974E+03  1,2021E+08  7,6097E+05  1,3098E+06  1,5030E-02  1,0139E+01
0000001 3,7150E+03  1,2545E+08  8,6656E+05  1,4074E+06  1,5243E-02  8,9613E+00
0000001 3,6309E+03  1,3060E+08  9,8754E+05  1,5059E+06  1,5469E-02  8,3652E+00
0000001 3,5513E+03  1,3566E+08  1,1015E+06  1,5865E+06  1,5688E-02  1,1292E+01
0000001 3,4679E+03  1,4063E+08  1,2304E+06  1,6750E+06  1,5925E-02  3,2015E+00
0000001 3,3973E+03  1,4550E+08  1,3659E+06  1,7667E+06  1,6131E-02  1,1301E+01
0000001 3,3151E+03  1,5029E+08  1,4929E+06  1,8388E+06  1,6379E-02  2,4775E+01
0000001 3,2401E+03  1,5500E+08  1,5895E+06  1,9123E+06  1,6611E-02  2,9122E+02
0000001 3,1571E+03  1,5961E+08  1,6508E+06  2,0738E+06  1,6876E-02  4,2555E+00
0000001 3,0811E+03  1,6413E+08  1,7060E+06  2,2215E+06  1,7126E-02  6,0056E+00
0000001 3,0015E+03  1,6857E+08  1,7737E+06  2,3679E+06  1,7396E-02  5,9510E+00
0000001 2,9183E+03  1,7291E+08  1,8516E+06  2,5049E+06  1,7687E-02  5,0966E+00
0000001 2,8483E+03  1,7716E+08  1,9316E+06  2,6273E+06  1,7939E-02  1,0663E+01
0000001 2,7767E+03  1,8132E+08  2,0098E+06  2,7649E+06  1,8204E-02  3,9769E+00
0000001 2,6968E+03  1,8541E+08  2,0816E+06  2,9092E+06  1,8509E-02  4,0383E+00
0000001 2,6243E+03  1,8939E+08  2,1520E+06  3,0418E+06  1,8794E-02  3,8682E+00
0000001 2,5453E+03  1,9330E+08  2,2159E+06  3,1806E+06  1,9114E-02  6,8823E+00
0000001 2,4777E+03  1,9711E+08  2,2790E+06  3,3297E+06  1,9395E-02  5,9271E+00
0000001 2,4111E+03  2,0084E+08  2,3457E+06  3,4844E+06  1,9679E-02  2,1602E+02
0000001 2,3354E+03  2,0448E+08  2,4854E+06  3,6236E+06  2,0011E-02  3,9794E+00
0000001 2,2674E+03  2,0804E+08  2,6116E+06  3,7586E+06  2,0317E-02  3,5198E+01
0000001 2,2038E+03  2,1152E+08  2,7578E+06  3,9095E+06  2,0610E-02  2,0679E+01
0000001 2,1330E+03  2,1492E+08  2,8903E+06  4,0370E+06  2,0944E-02  9,2203E+00
0000001 2,0691E+03  2,1823E+08  3,0183E+06  4,1462E+06  2,1252E-02  3,3911E+00
0000001 2,0062E+03  2,2147E+08  3,1409E+06  4,2616E+06  2,1562E-02  1,8893E+01
0000001 1,9361E+03  2,2463E+08  3,2624E+06  4,3910E+06  2,1913E-02  5,0632E+01
0000001 1,8713E+03  2,2770E+08  3,3695E+06  4,4844E+06  2,2244E-02  5,1048E+00
0000001 1,8023E+03  2,3069E+08  3,4712E+06  4,5858E+06  2,2603E-02  3,5365E+00
0000001 1,7316E+03  2,3360E+08  3,5745E+06  4,6920E+06  2,2975E-02  2,0213E+01
0000001 1,6615E+03  2,3641E+08  3,6949E+06  4,7895E+06  2,3347E-02  1,1155E+01
0000001 1,5985E+03  2,3914E+08  3,8207E+06  4,8717E+06  2,3685E-02  1,0435E+01
0000001 1,5306E+03  2,4179E+08  3,9460E+06  4,9370E+06  2,4048E-02  5,8622E+00
0000001 1,4661E+03  2,4435E+08  4,0701E+06  4,9897E+06  2,4392E-02  4,5610E+00
0000001 1,4036E+03  2,4683E+08  4,1893E+06  5,0481E+06  2,4722E-02  5,7618E+02
0000001 1,3437E+03  2,4922E+08  4,3846E+06  5,0793E+06  2,5031E-02  5,3115E+00
0000001 1,2829E+03  2,5153E+08  4,5772E+06  5,1189E+06  2,5337E-02  1,2396E+01
0000001 1,2219E+03  2,5376E+08  4,7541E+06  5,1491E+06  2,5632E-02  2,2685E+01
0000001 1,1670E+03  2,5591E+08  4,9249E+06  5,1580E+06  2,5883E-02  6,3196E+00
0000001 1,1101E+03  2,5799E+08  5,0951E+06  5,1757E+06  2,6125E-02  3,9125E+00
0000001 1,0617E+03  2,5998E+08  5,2650E+06  5,1873E+06  2,6313E-02  1,1694E+01
0000001 1,0061E+03  2,6192E+08  5,4246E+06  5,2085E+06  2,6505E-02  4,4982E+00
0000001 9,6142E+02  2,6377E+08  5,5729E+06  5,2337E+06  2,6635E-02  2,6954E+00
0000001 9,1534E+02  2,6556E+08  5,7200E+06  5,2545E+06  2,6745E-02  2,6912E+00
0000001 8,7282E+02  2,6729E+08  5,8666E+06  5,2762E+06  2,6818E-02  7,7070E+00
0000001 8,2997E+02  2,6896E+08  6,0014E+06  5,3056E+06  2,6863E-02  1,6248E+01
0000001 7,8623E+02  2,7056E+08  6,1193E+06  5,3439E+06  2,6872E-02  2,2528E+01
0000001 7,4495E+02  2,7211E+08  6,2147E+06  5,3782E+06  2,6842E-02  9,3398E+00
0000001 7,0391E+02  2,7359E+08  6,3064E+06  5,4202E+06  2,6771E-02  3,1284E+01
0000001 6,6364E+02  2,7501E+08  6,4140E+06  5,4665E+06  2,6655E-02  1,4060E+01
0000001 6,2595E+02  2,7637E+08  6,5307E+06  5,5102E+06  2,6499E-02  3,2431E+01
0000001 5,9456E+02  2,7767E+08  6,6395E+06  5,5361E+06  2,6330E-02  2,3297E+02
0000001 5,5921E+02  2,7893E+08  6,7333E+06  5,5078E+06  2,6093E-02  7,8822E+00
0000001 5,3080E+02  2,8013E+08  6,8187E+06  5,4896E+06  2,5863E-02  2,6258E+02
0000001 5,0391E+02  2,8128E+08  6,9009E+06  5,5282E+06  2,5609E-02  1,3318E+01
0000001 4,7453E+02  2,8239E+08  6,9870E+06  5,5549E+06  2,5289E-02  5,9551E+00
0000001 4,4881E+02  2,8346E+08  7,0613E+06  5,5789E+06  2,4967E-02  1,1291E+01
0000001 4,2616E+02  2,8448E+08  7,1347E+06  5,6129E+06  2,4650E-02  3,1069E+01
0000001 4,0422E+02  2,8546E+08  7,2238E+06  5,6445E+06  2,4311E-02  1,0944E+01
0000001 3,7932E+02  2,8641E+08  7,3180E+06  5,6752E+06  2,3882E-02  5,2578E+00
0000001 3,5477E+02  2,8731E+08  7,4019E+06  5,7086E+06  2,3412E-02  2,2584E+01
0000001 3,3161E+02  2,8817E+08  7,4717E+06  5,7295E+06  2,2921E-02  5,4015E+00
0000001 3,1211E+02  2,8899E+08  7,5359E+06  5,7425E+06  2,2469E-02  4,1818E+00
0000001 2,9169E+02  2,8978E+08  7,6031E+06  5,7577E+06  2,1955E-02  4,8269E+01
0000001 2,7523E+02  2,9053E+08  7,6478E+06  5,7638E+06  2,1507E-02  9,9683E+00
0000001 2,5957E+02  2,9126E+08  7,6961E+06  5,7774E+06  2,1051E-02  3,5651E+00
0000001 2,4618E+02  2,9195E+08  7,7470E+06  5,7902E+06  2,0637E-02  1,3421E+01
0000001 2,3096E+02  2,9262E+08  7,7855E+06  5,8051E+06  2,0137E-02  7,8177E+00
0000001 2,2102E+02  2,9325E+08  7,8149E+06  5,8162E+06  1,9793E-02  1,3335E+01
0000001 2,0738E+02  2,9387E+08  7,8540E+06  5,8272E+06  1,9296E-02  4,4749E+01
0000001 1,9550E+02  2,9446E+08  7,9094E+06  5,8432E+06  1,8838E-02  6,5770E+01
0000001 1,8490E+02  2,9503E+08  7,9800E+06  5,8732E+06  1,8408E-02  6,7514E+00
0000001 1,7289E+02  2,9557E+08  8,0441E+06  5,9063E+06  1,7896E-02  7,0926E+00
0000001 1,6520E+02  2,9609E+08  8,1060E+06  5,9452E+06  1,7552E-02  7,2683E+01
0000001 1,5575E+02  2,9660E+08  8,1569E+06  5,9617E+06  1,7113E-02  4,7270E+00
0000001 1,4915E+02  2,9708E+08  8,2064E+06  5,9717E+06  1,6794E-02  4,9153E+01
0000001 1,4385E+02  2,9755E+08  8,2724E+06  5,9863E+06  1,6531E-02  5,9652E+00
0000001 1,3724E+02  2,9801E+08  8,3416E+06  5,9962E+06  1,6192E-02  1,4057E+02
0000001 1,2833E+02  2,9845E+08  8,4362E+06  5,9921E+06  1,5717E-02  3,9690E+03
0000001 1,1910E+02  2,9881E+08  8,6268E+06  6,1054E+06  1,5200E-02  1,4152E+01
0000001 1,1505E+02  2,9916E+08  8,8105E+06  6,2040E+06  1,4965E-02  2,5364E+01
0000001 1,1009E+02  2,9951E+08  8,9814E+06  6,2978E+06  1,4670E-02  1,1571E+01
0000001 1,0594E+02  2,9985E+08  9,1540E+06  6,3837E+06  1,4417E-02  5,1413E+00
0000001 1,0260E+02  3,0017E+08  9,3173E+06  6,4696E+06  1,4209E-02  2,3175E+01
0000001 9,5638E+01  3,0050E+08  9,4770E+06  6,5445E+06  1,3761E-02  1,2519E+01
0000001 8,9438E+01  3,0081E+08  9,6231E+06  6,6114E+06  1,3346E-02  4,2898E+01
0000001 8,4206E+01  3,0112E+08  9,7489E+06  6,6716E+06  1,2984E-02  1,5605E+01
0000001 7,9449E+01  3,0141E+08  9,8719E+06  6,7385E+06  1,2643E-02  4,7034E+00
0000001 7,6039E+01  3,0169E+08  9,9925E+06  6,8072E+06  1,2392E-02  1,1160E+02
0000001 7,1195E+01  3,0196E+08  1,0120E+07  6,8510E+06  1,2024E-02  4,3511E+00
0000001 6,9746E+01  3,0222E+08  1,0240E+07  6,8952E+06  1,1911E-02  1,2140E+01
0000001 6,5441E+01  3,0248E+08  1,0362E+07  6,9448E+06  1,1569E-02  3,8937E+00
0000001 6,0558E+01  3,0272E+08  1,0477E+07  6,9901E+06  1,1165E-02  6,0987E+00
0000001 5,7132E+01  3,0296E+08  1,0582E+07  7,0358E+06  1,0870E-02  1,3787E+01
0000001 5,4694E+01  3,0319E+08  1,0675E+07  7,0831E+06  1,0653E-02  1,3990E+01
0000001 5,1586E+01  3,0341E+08  1,0774E+07  7,1303E+06  1,0369E-02  5,3937E+00
0000001 4,8252E+01  3,0362E+08  1,0871E+07  7,1803E+06  1,0051E-02  6,1249E+00
0000001 4,4931E+01  3,0382E+08  1,0966E+07  7,2230E+06  9,7203E-03  2,3773E+01
0000001 4,3739E+01  3,0402E+08  1,1048E+07  7,2599E+06  9,5977E-03  3,7416E+01
0000001 4,2908E+01  3,0421E+08  1,1125E+07  7,3093E+06  9,5110E-03  2,6193E+01
0000001 3,9693E+01  3,0440E+08  1,1202E+07  7,3689E+06  9,1649E-03  6,0601E+00
0000001 3,8323E+01  3,0458E+08  1,1271E+07  7,4235E+06  9,0120E-03  6,1028E+00
0000001 3,5954E+01  3,0475E+08  1,1333E+07  7,4793E+06  8,7391E-03  7,8428E+01
0000001 3,4984E+01  3,0492E+08  1,1385E+07  7,5497E+06  8,6240E-03  1,8836E+01
0000001 3,1927E+01  3,0509E+08  1,1429E+07  7,6132E+06  8,2482E-03  4,6399E+00
0000001 2,9844E+01  3,0541E+08  1,1510E+07  7,7329E+06  7,9797E-03  2,8450E+01
0000001 2,7362E+01  3,0556E+08  1,1543E+07  7,7970E+06  7,6449E-03  2,2153E+01
0000001 2,6969E+01  3,0570E+08  1,1571E+07  7,8665E+06  7,5903E-03  3,2964E+01
0000001 2,5630E+01  3,0584E+08  1,1605E+07  7,9397E+06  7,4011E-03  1,3384E+03
0000001 2,3859E+01  3,0593E+08  1,1606E+07  8,0639E+06  7,1420E-03  2,6950E+01
0000001 2,2480E+01  3,0608E+08  1,1594E+07  8,3114E+06  6,9330E-03  5,1105E+01
0000001 2,1035E+01  3,0617E+08  1,1594E+07  8,4235E+06  6,7067E-03  1,1980E+01
0000001 1,9628E+01  3,0625E+08  1,1590E+07  8,5326E+06  6,4782E-03  1,3003E+01
0000001 1,8298E+01  3,0642E+08  1,1585E+07  8,7291E+06  6,2543E-03  1,3463E+01
0000001 1,7926E+01  3,0651E+08  1,1585E+07  8,8179E+06  6,1903E-03  1,1834E+02
0000001 1,6918E+01  3,0665E+08  1,1518E+07  9,0014E+06  6,0129E-03  1,1171E+02
0000001 1,5647E+01  3,0670E+08  1,1463E+07  9,0968E+06  5,7819E-03  3,0838E+01
0000001 1,4216E+01  3,0686E+08  1,1360E+07  9,3837E+06  5,5100E-03  1,1064E+01
0000001 1,2984E+01  3,0691E+08  1,1346E+07  9,4758E+06  5,2648E-03  3,6898E+01
0000001 1,1887E+01  3,0701E+08  1,1345E+07  9,6547E+06  5,0365E-03  5,8833E+00
0000001 1,0856E+01  3,0712E+08  1,1343E+07  9,8187E+06  4,8125E-03  5,1281E+01
0000001 9,7385E+00  3,0717E+08  1,1328E+07  9,8941E+06  4,5573E-03  2,2323E+02
0000001 8,7808E+00  3,0730E+08  1,1287E+07  9,9983E+06  4,3270E-03  2,0078E+02
0000001 7,7718E+00  3,0739E+08  1,1226E+07  1,0124E+07  4,0707E-03  4,2059E+02
0000001 6,4855E+00  3,0744E+08  1,1004E+07  1,0311E+07  3,7186E-03  4,4823E+01
0000001 5,8034E+00  3,0750E+08  1,0760E+07  1,0425E+07  3,5176E-03  6,7253E+01
0000001 4,8162E+00  3,0763E+08  1,0549E+07  1,0489E+07  3,2045E-03  4,6723E+01
0000001 3,7185E+00  3,0788E+08  1,0241E+07  1,0696E+07  2,8157E-03  8,0521E+00
0000001 2,9955E+00  3,0795E+08  1,0127E+07  1,0755E+07  2,5272E-03  7,3713E+01
0000001 1,9926E+00  3,0794E+08  9,9369E+06  1,0846E+07  2,0612E-03  5,7536E+00
0000001 9,8023E-01  3,0797E+08  9,7061E+06  1,1045E+07  1,4457E-03  2,0138E+01
0000001 0,0000E+00  3,0802E+08  9,5129E+06  1,1041E+07  0,0000E+00  5,1650E-01
