Calc. Date= 05-04-2023. Time= 15:03:23
============================== SRIM-2013.00 ==============================
 =====================================================================
 =                   Ion Energy vs Position File                     =
 =====================================================================
 =   AXIS DEFINITIONS: X=Depth. Y.Z= Lateral plane of target surface.=
 =   (If beam enters target at an angle. this tilt is in Y direction)=
 =   Shown are: Ion Number. Energy (keV). X. Y. Z Position           =
 ==================  CALCULATION   DATA  =============================
  Ion Data: Name. Mass.   Energy . Energy Interval
           Ne     020.00  300000keV    5882352eV
 =====================================================================
Ion       Energy     Depth (X)     Y           Z       Electronic   Energy Lost to
Number    (keV)    (Angstrom)  (Angstrom)  (Angstrom)  Stop.(eV/A)  Last Recoil(eV)
------- ----------- ---------- ----------- ----------- -----------  ---------------
0000001 3.0000E+05  0.0000E+00  0.0000E+00  0.0000E+00  4.6357E-02  0.0000E+00
0000001 2.9410E+05  1.2674E+08 -4.4471E+03 -5.3593E+04  4.7125E-02  9.2328E+00
0000001 2.8809E+05  2.5334E+08 -2.9928E+04 -1.7831E+05  4.7932E-02  3.4623E+00
0000001 2.8220E+05  3.7418E+08  6.6812E+02 -4.7619E+05  4.8747E-02  3.2793E+01
0000001 2.7647E+05  4.8939E+08 -4.6002E+04 -8.4607E+05  4.9563E-02  2.1101E+02
0000001 2.7042E+05  6.1004E+08 -3.0698E+05 -8.8665E+05  5.0450E-02  3.7622E+00
0000001 2.6469E+05  7.2507E+08 -4.8061E+05 -6.6798E+05  5.1317E-02  1.6335E+01
0000001 2.5882E+05  8.3466E+08 -7.5723E+05 -3.3671E+05  5.2234E-02  1.2427E+01
0000001 2.5294E+05  9.4579E+08 -1.2608E+06  1.6041E+05  5.3179E-02  3.6548E+00
0000001 2.4699E+05  1.0584E+09 -1.9202E+06  7.6684E+05  5.4168E-02  4.6007E+00
0000001 2.4111E+05  1.1655E+09 -2.5514E+06  1.3878E+06  5.5181E-02  4.1521E+00
0000001 2.3521E+05  1.2707E+09 -3.1528E+06  2.0666E+06  5.6232E-02  2.6587E+01
0000001 2.2930E+05  1.3771E+09 -3.8360E+06  2.7533E+06  5.7321E-02  6.0613E+00
0000001 2.2351E+05  1.4784E+09 -4.4568E+06  3.3214E+06  5.8425E-02  3.5934E+00
0000001 2.1748E+05  1.5806E+09 -5.0856E+06  3.9959E+06  5.9622E-02  6.0022E+00
0000001 2.1171E+05  1.6808E+09 -6.0323E+06  4.5610E+06  6.0808E-02  8.8538E+00
0000001 2.0577E+05  1.7759E+09 -7.0168E+06  5.1196E+06  6.2080E-02  2.0001E+01
0000001 1.9996E+05  1.8690E+09 -8.0375E+06  5.6768E+06  6.3376E-02  1.5364E+01
0000001 1.9411E+05  1.9629E+09 -8.9935E+06  6.2501E+06  6.4736E-02  1.1671E+01
0000001 1.8808E+05  2.0574E+09 -9.9488E+06  7.0718E+06  6.6196E-02  3.8708E+00
0000001 1.8225E+05  2.1469E+09 -1.0834E+07  8.0820E+06  6.7678E-02  1.1115E+01
0000001 1.7643E+05  2.2344E+09 -1.1661E+07  8.7913E+06  6.9225E-02  4.5005E+00
0000001 1.7049E+05  2.3196E+09 -1.2489E+07  9.3449E+06  7.0880E-02  1.0096E+01
0000001 1.6469E+05  2.4027E+09 -1.3405E+07  9.7040E+06  7.2581E-02  4.7468E+00
0000001 1.5876E+05  2.4811E+09 -1.4247E+07  1.0031E+07  7.4414E-02  2.8340E+01
0000001 1.5286E+05  2.5574E+09 -1.5174E+07  1.0318E+07  7.6335E-02  8.0426E+00
0000001 1.4694E+05  2.6315E+09 -1.6010E+07  1.0593E+07  7.8379E-02  1.4881E+01
0000001 1.4116E+05  2.7057E+09 -1.6911E+07  1.1223E+07  8.0491E-02  4.5103E+00
0000001 1.3515E+05  2.7797E+09 -1.7861E+07  1.1855E+07  8.2825E-02  8.0074E+00
0000001 1.2933E+05  2.8493E+09 -1.8796E+07  1.2453E+07  8.5230E-02  2.9669E+01
0000001 1.2352E+05  2.9166E+09 -1.9632E+07  1.2995E+07  8.7795E-02  3.6547E+00
0000001 1.1756E+05  2.9835E+09 -2.0390E+07  1.3496E+07  9.0608E-02  2.4740E+01
0000001 1.1173E+05  3.0461E+09 -2.1017E+07  1.3955E+07  9.3563E-02  7.2437E+02
0000001 1.0575E+05  3.1081E+09 -2.1736E+07  1.4557E+07  9.6825E-02  4.8083E+00
0000001 9.9901E+04  3.1694E+09 -2.2298E+07  1.5112E+07  1.0026E-01  5.4200E+00
0000001 9.4092E+04  3.2265E+09 -2.2911E+07  1.5676E+07  1.0395E-01  5.1773E+00
0000001 8.8230E+04  3.2826E+09 -2.3649E+07  1.6366E+07  1.0798E-01  1.4725E+01
0000001 8.2288E+04  3.3376E+09 -2.4611E+07  1.7141E+07  1.1241E-01  4.0168E+01
0000001 7.6441E+04  3.3883E+09 -2.5676E+07  1.7625E+07  1.1714E-01  3.7153E+03
0000001 7.0549E+04  3.4377E+09 -2.7245E+07  1.7982E+07  1.2234E-01  1.3175E+01
0000001 6.4638E+04  3.4855E+09 -2.8866E+07  1.8411E+07  1.2802E-01  3.9710E+00
0000001 5.8681E+04  3.5303E+09 -3.0611E+07  1.8958E+07  1.3425E-01  1.8659E+01
0000001 5.2901E+04  3.5731E+09 -3.2476E+07  1.9443E+07  1.4082E-01  7.4641E+00
0000001 4.6987E+04  3.6126E+09 -3.4273E+07  2.0387E+07  1.4843E-01  2.9161E+00
0000001 4.1107E+04  3.6517E+09 -3.6060E+07  2.2098E+07  1.5644E-01  2.2006E+01
0000001 3.5208E+04  3.6879E+09 -3.7798E+07  2.3458E+07  1.6492E-01  2.0329E+01
0000001 2.9319E+04  3.7216E+09 -3.9645E+07  2.4833E+07  1.7428E-01  2.5570E+01
0000001 2.3491E+04  3.7544E+09 -4.1568E+07  2.6327E+07  1.8358E-01  8.5404E+00
0000001 1.7615E+04  3.7860E+09 -4.3396E+07  2.7932E+07  1.9200E-01  5.5350E+00
0000001 1.1742E+04  3.8162E+09 -4.5185E+07  2.9272E+07  1.9643E-01  1.1922E+01
0000001 5.8808E+03  3.8462E+09 -4.7489E+07  3.0591E+07  1.8136E-01  1.4717E+02
0000001 0.0000E+00  3.9046E+09 -5.3351E+07  3.3882E+07  0.0000E+00  1.2320E+00
0000002 3.0000E+05  0.0000E+00  0.0000E+00  0.0000E+00  4.6357E-02  0.0000E+00
0000002 2.9412E+05  1.2482E+08 -3.5122E+05  2.1626E+05  4.7123E-02  1.0697E+02
0000002 2.8817E+05  2.4761E+08 -6.4886E+05  2.3008E+05  4.7922E-02  4.0172E+00
0000002 2.8230E+05  3.6468E+08 -9.0983E+05  1.3054E+05  4.8732E-02  3.4983E+01
0000002 2.7634E+05  4.9101E+08 -1.2563E+06  1.2733E+05  4.9581E-02  1.2208E+01
0000002 2.7053E+05  6.0798E+08 -1.7170E+06  7.3468E+04  5.0434E-02  4.7182E+00
0000002 2.6454E+05  7.3021E+08 -2.1582E+06  6.8303E+04  5.1340E-02  1.3542E+01
0000002 2.5874E+05  8.4326E+08 -2.2685E+06  4.3715E+05  5.2247E-02  6.4587E+00
0000002 2.5288E+05  9.5440E+08 -2.4059E+06  6.5018E+05  5.3189E-02  1.5961E+01
0000002 2.4685E+05  1.0669E+09 -2.6053E+06  9.4780E+05  5.4190E-02  2.2874E+01
0000002 2.4107E+05  1.1674E+09 -2.7453E+06  1.2118E+06  5.5187E-02  4.5751E+00
0000002 2.3527E+05  1.2726E+09 -2.8440E+06  1.3737E+06  5.6220E-02  4.0734E+00
0000002 2.2940E+05  1.3758E+09 -2.9438E+06  1.5205E+06  5.7302E-02  4.1853E+00
0000002 2.2351E+05  1.4770E+09 -2.9382E+06  1.7769E+06  5.8425E-02  5.2752E+00
0000002 2.1764E+05  1.5732E+09 -2.8724E+06  2.1176E+06  5.9590E-02  8.7140E+00
0000002 2.1157E+05  1.6764E+09 -2.7299E+06  2.4919E+06  6.0838E-02  2.0225E+01
0000002 2.0588E+05  1.7685E+09 -2.5114E+06  2.8624E+06  6.2057E-02  4.1478E+00
0000002 1.9999E+05  1.8645E+09 -2.3457E+06  3.1980E+06  6.3369E-02  1.1976E+01
0000002 1.9402E+05  1.9556E+09 -2.2164E+06  3.5489E+06  6.4755E-02  2.6605E+00
0000002 1.8821E+05  2.0445E+09 -2.0788E+06  3.9514E+06  6.6164E-02  1.4307E+01
0000002 1.8221E+05  2.1341E+09 -2.0089E+06  4.3393E+06  6.7690E-02  2.4032E+01
0000002 1.7645E+05  2.2162E+09 -1.9637E+06  4.6068E+06  6.9218E-02  3.5687E+01
0000002 1.7050E+05  2.2989E+09 -1.8112E+06  4.7761E+06  7.0878E-02  8.6905E+00
0000002 1.6466E+05  2.3770E+09 -1.5721E+06  4.8856E+06  7.2591E-02  4.1092E+00
0000002 1.5873E+05  2.4578E+09 -1.3393E+06  5.1826E+06  7.4422E-02  6.1290E+00
0000002 1.5284E+05  2.5341E+09 -1.1611E+06  5.6088E+06  7.6344E-02  5.5041E+00
0000002 1.4696E+05  2.6105E+09 -9.5198E+05  6.0023E+06  7.8373E-02  6.4092E+00
0000002 1.4115E+05  2.6824E+09 -8.2247E+05  6.4104E+06  8.0494E-02  6.1911E+00
0000002 1.3522E+05  2.7565E+09 -4.6626E+05  6.9000E+06  8.2797E-02  6.2627E+00
0000002 1.2922E+05  2.8282E+09 -1.6172E+05  7.1985E+06  8.5277E-02  7.0186E+00
0000002 1.2347E+05  2.8954E+09  1.1417E+05  7.6938E+06  8.7821E-02  4.0147E+00
0000002 1.1751E+05  2.9624E+09  4.1473E+05  8.2862E+06  9.0633E-02  3.7068E+00
0000002 1.1170E+05  3.0249E+09  7.3153E+05  8.8803E+06  9.3580E-02  4.5307E+00
0000002 1.0583E+05  3.0852E+09  1.0533E+06  9.5205E+06  9.6780E-02  2.1444E+01
0000002 9.9866E+04  3.1447E+09  1.2980E+06  1.0251E+07  1.0028E-01  9.6784E+00
0000002 9.4059E+04  3.2017E+09  1.7105E+06  1.1191E+07  1.0397E-01  9.1868E+00
0000002 8.8235E+04  3.2562E+09  2.2975E+06  1.2245E+07  1.0797E-01  4.7757E+00
0000002 8.2280E+04  3.3112E+09  2.9156E+06  1.3165E+07  1.1241E-01  2.0622E+01
0000002 7.6393E+04  3.3620E+09  3.3862E+06  1.3745E+07  1.1718E-01  6.2569E+00
0000002 7.0456E+04  3.4113E+09  3.8562E+06  1.4203E+07  1.2243E-01  3.1846E+01
0000002 6.4573E+04  3.4591E+09  4.2805E+06  1.4676E+07  1.2809E-01  2.4058E+01
0000002 5.8811E+04  3.5027E+09  4.6234E+06  1.5095E+07  1.3411E-01  2.6399E+01
0000002 5.2899E+04  3.5455E+09  5.0430E+06  1.5332E+07  1.4082E-01  1.5993E+01
0000002 4.7057E+04  3.5862E+09  5.4463E+06  1.5470E+07  1.4831E-01  1.0838E+01
0000002 4.1076E+04  3.6263E+09  5.8079E+06  1.5598E+07  1.5648E-01  8.8684E+00
0000002 3.5278E+04  3.6626E+09  5.9387E+06  1.5750E+07  1.6481E-01  6.6689E+00
0000002 2.9378E+04  3.6972E+09  5.8942E+06  1.5853E+07  1.7418E-01  1.4410E+01
0000002 2.3520E+04  3.7294E+09  5.9256E+06  1.5985E+07  1.8353E-01  1.6831E+01
0000002 1.7627E+04  3.7605E+09  5.9661E+06  1.6282E+07  1.9198E-01  6.7575E+00
0000002 1.1735E+04  3.7908E+09  6.0183E+06  1.6416E+07  1.9643E-01  8.5574E+00
0000002 5.8682E+03  3.8213E+09  5.8802E+06  1.6662E+07  1.8127E-01  8.5709E+01
0000002 0.0000E+00  3.8786E+09  5.5224E+06  1.6802E+07  0.0000E+00  1.5469E+00
0000003 3.0000E+05  0.0000E+00  0.0000E+00  0.0000E+00  4.6357E-02  0.0000E+00
0000003 2.9397E+05  1.3045E+08 -2.8871E+04  6.3260E+04  4.7143E-02  5.5510E+00
0000003 2.8816E+05  2.4938E+08 -2.1773E+05  3.6470E+05  4.7923E-02  2.8924E+00
0000003 2.8227E+05  3.7022E+08 -4.3675E+05  8.0338E+05  4.8737E-02  1.1098E+01
0000003 2.7637E+05  4.8915E+08 -7.2112E+05  1.0687E+06  4.9578E-02  8.1581E+01
0000003 2.7054E+05  6.0978E+08 -8.1032E+05  1.4319E+06  5.0432E-02  1.9384E+01
0000003 2.6466E+05  7.2485E+08 -7.2420E+05  1.6875E+06  5.1322E-02  3.4531E+00
0000003 2.5873E+05  8.3794E+08 -7.9412E+05  1.7497E+06  5.2247E-02  7.6358E+01
0000003 2.5286E+05  9.4558E+08 -5.5411E+05  1.8483E+06  5.3192E-02  2.9525E+00
0000003 2.4705E+05  1.0547E+09 -8.5322E+04  1.8608E+06  5.4157E-02  7.6280E+00
0000003 2.4110E+05  1.1619E+09  3.6776E+05  1.8341E+06  5.5182E-02  2.8541E+00
0000003 2.3522E+05  1.2671E+09  9.1224E+05  1.7138E+06  5.6231E-02  4.8336E+01
0000003 2.2927E+05  1.3703E+09  1.6015E+06  1.4350E+06  5.7326E-02  2.7699E+00
0000003 2.2346E+05  1.4715E+09  2.2012E+06  1.1220E+06  5.8434E-02  4.6027E+00
0000003 2.1761E+05  1.5707E+09  2.6735E+06  9.8651E+05  5.9596E-02  7.9732E+00
0000003 2.1164E+05  1.6678E+09  3.0015E+06  9.3056E+05  6.0823E-02  3.5389E+00
0000003 2.0588E+05  1.7630E+09  3.2820E+06  8.0323E+05  6.2058E-02  8.7686E+00
0000003 1.9999E+05  1.8561E+09  3.6201E+06  7.3826E+05  6.3368E-02  1.5166E+01
0000003 1.9395E+05  1.9471E+09  3.6598E+06  1.2837E+06  6.4774E-02  3.6426E+00
0000003 1.8809E+05  2.0360E+09  3.6159E+06  2.2810E+06  6.6195E-02  5.4813E+00
0000003 1.8219E+05  2.1255E+09  3.8229E+06  3.2139E+06  6.7695E-02  6.6300E+00
0000003 1.7646E+05  2.2077E+09  3.9856E+06  4.1725E+06  6.9216E-02  1.1648E+01
0000003 1.7050E+05  2.2929E+09  4.2898E+06  5.4440E+06  7.0878E-02  1.9858E+01
0000003 1.6455E+05  2.3760E+09  4.8324E+06  6.8972E+06  7.2623E-02  5.1440E+00
0000003 1.5882E+05  2.4544E+09  5.2608E+06  8.3620E+06  7.4394E-02  4.1395E+00
0000003 1.5276E+05  2.5354E+09  5.6953E+06  9.8600E+06  7.6372E-02  2.5013E+01
0000003 1.4705E+05  2.6095E+09  6.0956E+06  1.1274E+07  7.8341E-02  1.3595E+01
0000003 1.4106E+05  2.6837E+09  6.4270E+06  1.2877E+07  8.0528E-02  3.2038E+01
0000003 1.3525E+05  2.7555E+09  6.6937E+06  1.4836E+07  8.2784E-02  8.8265E+00
0000003 1.2932E+05  2.8272E+09  6.9307E+06  1.6859E+07  8.5236E-02  1.7852E+02
0000003 1.2351E+05  2.8945E+09  6.8539E+06  1.8849E+07  8.7799E-02  1.2456E+01
0000003 1.1751E+05  2.9634E+09  6.8619E+06  2.0801E+07  9.0633E-02  9.9896E+00
0000003 1.1162E+05  3.0278E+09  6.8008E+06  2.2481E+07  9.3624E-02  1.8059E+02
0000003 1.0582E+05  3.0898E+09  6.7403E+06  2.4122E+07  9.6785E-02  1.4031E+01
0000003 9.9849E+04  3.1493E+09  6.7395E+06  2.5716E+07  1.0029E-01  1.0747E+01
0000003 9.4040E+04  3.2064E+09  6.7766E+06  2.7207E+07  1.0398E-01  3.2983E+01
0000003 8.8221E+04  3.2609E+09  6.8348E+06  2.8703E+07  1.0798E-01  4.1226E+00
0000003 8.2201E+04  3.3143E+09  7.0412E+06  3.0253E+07  1.1247E-01  1.6554E+01
0000003 7.6417E+04  3.3650E+09  7.2421E+06  3.1855E+07  1.1717E-01  1.0300E+02
0000003 7.0497E+04  3.4144E+09  7.4399E+06  3.3459E+07  1.2239E-01  7.8723E+00
0000003 6.4627E+04  3.4608E+09  7.7745E+06  3.4854E+07  1.2803E-01  1.3025E+02
0000003 5.8687E+04  3.5056E+09  8.2983E+06  3.5851E+07  1.3425E-01  1.1425E+01
0000003 5.2918E+04  3.5473E+09  8.8950E+06  3.6401E+07  1.4080E-01  8.9544E+01
0000003 4.6931E+04  3.5879E+09  9.5301E+06  3.6716E+07  1.4852E-01  3.1645E+01
0000003 4.1130E+04  3.6261E+09  9.8937E+06  3.6904E+07  1.5642E-01  1.1434E+01
0000003 3.5188E+04  3.6624E+09  1.0525E+07  3.6303E+07  1.6495E-01  6.1210E+01
0000003 2.9403E+04  3.6962E+09  1.1546E+07  3.5716E+07  1.7414E-01  7.3855E+01
0000003 2.3470E+04  3.7291E+09  1.2549E+07  3.5335E+07  1.8361E-01  7.2321E+00
0000003 1.7626E+04  3.7602E+09  1.3788E+07  3.4853E+07  1.9198E-01  9.2291E+00
0000003 1.1732E+04  3.7904E+09  1.5105E+07  3.4491E+07  1.9643E-01  1.2493E+01
0000003 5.8397E+03  3.8211E+09  1.6403E+07  3.4392E+07  1.8105E-01  1.0995E+01
0000003 0.0000E+00  3.8766E+09  8.4724E+06  2.1546E+07  0.0000E+00  7.1943E+00
0000004 3.0000E+05  0.0000E+00  0.0000E+00  0.0000E+00  4.6357E-02  0.0000E+00
0000004 2.9409E+05  1.2351E+08 -6.4712E+04 -9.1468E+03  4.7126E-02  3.7199E+00
0000004 2.8812E+05  2.5012E+08 -2.3828E+05  2.7071E+04  4.7928E-02  7.2635E+00
0000004 2.8221E+05  3.7096E+08 -5.6251E+05 -2.5463E+05  4.8745E-02  4.7155E+01
0000004 2.7628E+05  4.9357E+08 -1.0840E+06 -5.9183E+05  4.9590E-02  2.6599E+02
0000004 2.7041E+05  6.1053E+08 -1.6536E+06 -9.7530E+05  5.0451E-02  9.9076E+00
0000004 2.6462E+05  7.2194E+08 -2.3068E+06 -1.2560E+06  5.1328E-02  1.2301E+01
0000004 2.5881E+05  8.3504E+08 -3.0936E+06 -1.5413E+06  5.2235E-02  3.8889E+00
0000004 2.5288E+05  9.4618E+08 -3.7579E+06 -1.5575E+06  5.3189E-02  4.9439E+00
0000004 2.4698E+05  1.0554E+09 -4.4477E+06 -1.0434E+06  5.4169E-02  1.2315E+01
0000004 2.4102E+05  1.1625E+09 -5.1872E+06 -4.6593E+05  5.5197E-02  1.9028E+01
0000004 2.3526E+05  1.2710E+09 -6.0100E+06  1.1194E+05  5.6223E-02  5.6730E+00
0000004 2.2933E+05  1.3774E+09 -6.7590E+06  1.1174E+06  5.7315E-02  1.3492E+01
0000004 2.2351E+05  1.4754E+09 -7.4319E+06  2.1460E+06  5.8424E-02  3.1208E+01
0000004 2.1762E+05  1.5746E+09 -8.1656E+06  3.1911E+06  5.9594E-02  3.6318E+00
0000004 2.1163E+05  1.6748E+09 -8.8009E+06  4.0999E+06  6.0825E-02  1.9234E+01
0000004 2.0579E+05  1.7669E+09 -9.3517E+06  4.8972E+06  6.2077E-02  5.6301E+00
0000004 1.9985E+05  1.8600E+09 -9.9161E+06  5.6568E+06  6.3400E-02  3.2636E+00
0000004 1.9400E+05  1.9538E+09 -1.0330E+07  6.3008E+06  6.4762E-02  2.3231E+01
0000004 1.8814E+05  2.0345E+09 -1.0377E+07  6.2557E+06  6.6182E-02  8.9116E+00
0000004 1.8232E+05  2.1213E+09 -9.3603E+06  2.5982E+06  6.7661E-02  1.0432E+01
0000004 1.7636E+05  2.2086E+09 -8.3932E+06 -1.2786E+06  6.9243E-02  1.9941E+01
0000004 1.7056E+05  2.2912E+09 -7.0991E+06 -4.9989E+06  7.0860E-02  3.3116E+00
0000004 1.6460E+05  2.3741E+09 -5.7689E+06 -8.7407E+06  7.2608E-02  4.9466E+00
0000004 1.5874E+05  2.4549E+09 -4.4827E+06 -1.2491E+07  7.4421E-02  1.0753E+02
0000004 1.5280E+05  2.5335E+09 -3.1523E+06 -1.6187E+07  7.6357E-02  5.4673E+01
0000004 1.4691E+05  2.6098E+09 -1.9282E+06 -1.9909E+07  7.8388E-02  5.9269E+00
0000004 1.4102E+05  2.6838E+09 -6.8365E+05 -2.3535E+07  8.0542E-02  7.6484E+00
0000004 1.3521E+05  2.7556E+09  6.9630E+05 -2.6910E+07  8.2800E-02  2.9676E+01
0000004 1.2933E+05  2.8251E+09  2.0325E+06 -3.0121E+07  8.5230E-02  1.0242E+01
0000004 1.2348E+05  2.8924E+09  3.4191E+06 -3.2914E+07  8.7812E-02  1.0321E+01
0000004 1.1756E+05  2.9592E+09  4.7414E+06 -3.5527E+07  9.0606E-02  4.1032E+00
0000004 1.1161E+05  3.0237E+09  5.8650E+06 -3.7895E+07  9.3625E-02  2.7062E+00
0000004 1.0579E+05  3.0838E+09  6.9036E+06 -3.9995E+07  9.6799E-02  4.5710E+00
0000004 9.9965E+04  3.1434E+09  7.8017E+06 -4.1903E+07  1.0022E-01  1.4556E+01
0000004 9.3976E+04  3.2021E+09  8.7615E+06 -4.3537E+07  1.0403E-01  1.8306E+01
0000004 8.8171E+04  3.2565E+09  9.6536E+06 -4.5017E+07  1.0802E-01  6.9794E+00
0000004 8.2240E+04  3.3115E+09  1.0768E+07 -4.6478E+07  1.1244E-01  3.8419E+00
0000004 7.6338E+04  3.3636E+09  1.2098E+07 -4.7849E+07  1.1723E-01  7.0135E+00
0000004 7.0553E+04  3.4129E+09  1.3473E+07 -4.9265E+07  1.2234E-01  1.7257E+01
0000004 6.4702E+04  3.4594E+09  1.4876E+07 -5.0420E+07  1.2796E-01  1.6176E+02
0000004 5.8658E+04  3.5054E+09  1.6318E+07 -5.1379E+07  1.3428E-01  5.5334E+00
0000004 5.2884E+04  3.5470E+09  1.7461E+07 -5.2327E+07  1.4084E-01  6.5130E+01
0000004 4.6929E+04  3.5876E+09  1.8563E+07 -5.3190E+07  1.4852E-01  1.2389E+01
0000004 4.1153E+04  3.6258E+09  1.9711E+07 -5.3905E+07  1.5639E-01  8.5061E+00
0000004 3.5152E+04  3.6629E+09  2.0954E+07 -5.4771E+07  1.6501E-01  8.0696E+00
0000004 2.9327E+04  3.6975E+09  2.2339E+07 -5.5681E+07  1.7426E-01  4.6602E+00
0000004 2.3505E+04  3.7303E+09  2.3598E+07 -5.6569E+07  1.8356E-01  2.1816E+01
0000004 1.7642E+04  3.7614E+09  2.4888E+07 -5.7909E+07  1.9196E-01  2.5808E+02
0000004 1.1699E+04  3.7921E+09  2.6345E+07 -5.9339E+07  1.9643E-01  7.7729E+00
0000004 5.8596E+03  3.8224E+09  2.7753E+07 -6.0269E+07  1.8120E-01  5.1709E+00
0000004 0.0000E+00  3.8834E+09  2.7503E+07 -5.7153E+07  0.0000E+00  8.2950E-01
0000005 3.0000E+05  0.0000E+00  0.0000E+00  0.0000E+00  4.6357E-02  0.0000E+00
0000005 2.9394E+05  1.2903E+08 -4.5956E+04 -7.4887E+03  4.7147E-02  6.4401E+01
0000005 2.8814E+05  2.4412E+08 -9.7956E+03 -2.4471E+04  4.7925E-02  5.1947E+00
0000005 2.8220E+05  3.6875E+08 -2.2284E+04 -7.4687E+04  4.8747E-02  9.9583E+00
0000005 2.7644E+05  4.8394E+08 -4.0165E+03 -2.0085E+05  4.9567E-02  8.2174E+00
0000005 2.7046E+05  6.0459E+08  1.7315E+03 -4.3122E+05  5.0444E-02  7.4306E+00
0000005 2.6458E+05  7.1961E+08  1.1054E+04 -6.9934E+05  5.1335E-02  3.4615E+00
0000005 2.5864E+05  8.3622E+08  2.0293E+04 -8.6339E+05  5.2262E-02  5.2720E+00
0000005 2.5289E+05  9.4732E+08  1.0712E+05 -9.5852E+05  5.3188E-02  8.4237E+00
0000005 2.4690E+05  1.0564E+09  1.2196E+05 -9.9141E+05  5.4184E-02  4.6623E+00
0000005 2.4099E+05  1.1669E+09  2.3256E+05 -9.8679E+05  5.5201E-02  7.7866E+00
0000005 2.3510E+05  1.2688E+09  3.3689E+05 -8.0035E+05  5.6251E-02  5.1214E+00
0000005 2.2926E+05  1.3752E+09  3.0913E+05 -6.2337E+05  5.7328E-02  7.1120E+00
0000005 2.2348E+05  1.4764E+09  2.5657E+05 -3.0538E+05  5.8431E-02  4.2959E+00
0000005 2.1757E+05  1.5756E+09  1.3748E+05  7.0601E+03  5.9604E-02  7.3813E+00
0000005 2.1160E+05  1.6728E+09  1.6146E+05  2.5412E+05  6.0832E-02  2.7637E+00
0000005 2.0582E+05  1.7679E+09  1.9485E+05  6.1044E+05  6.2071E-02  5.6521E+00
0000005 1.9998E+05  1.8610E+09  1.5427E+05  9.9942E+05  6.3370E-02  5.0904E+00
0000005 1.9408E+05  1.9520E+09  1.6716E+05  1.3421E+06  6.4743E-02  9.2945E+00
0000005 1.8820E+05  2.0437E+09  9.5221E+04  1.5826E+06  6.6168E-02  6.3986E+00
0000005 1.8229E+05  2.1306E+09  1.2286E+05  1.6062E+06  6.7667E-02  4.6317E+01
0000005 1.7638E+05  2.2154E+09  3.9547E+04  1.6226E+06  6.9239E-02  7.2108E+00
0000005 1.7054E+05  2.3006E+09 -5.7227E+03  1.6420E+06  7.0866E-02  4.4106E+00
0000005 1.6467E+05  2.3812E+09  1.0735E+05  1.7117E+06  7.2587E-02  6.6697E+00
0000005 1.5880E+05  2.4621E+09  2.0508E+05  1.7687E+06  7.4400E-02  6.2225E+00
0000005 1.5288E+05  2.5407E+09  3.6600E+05  1.8755E+06  7.6330E-02  7.0312E+01
0000005 1.4694E+05  2.6195E+09  7.3857E+05  1.8173E+06  7.8379E-02  2.3005E+01
0000005 1.4110E+05  2.6936E+09  1.0657E+06  1.7299E+06  8.0514E-02  3.0489E+00
0000005 1.3514E+05  2.7655E+09  8.1312E+05  1.1267E+06  8.2827E-02  4.8719E+00
0000005 1.2935E+05  2.8372E+09 -1.9281E+05 -8.8198E+04  8.5220E-02  1.9881E+01
0000005 1.2344E+05  2.9045E+09 -1.2588E+06 -1.0955E+06  8.7832E-02  9.9082E+00
0000005 1.1762E+05  2.9694E+09 -2.3139E+06 -2.0677E+06  9.0579E-02  3.5610E+00
0000005 1.1173E+05  3.0320E+09 -3.3325E+06 -3.1113E+06  9.3562E-02  4.2342E+00
0000005 1.0577E+05  3.0941E+09 -4.3239E+06 -4.2681E+06  9.6814E-02  3.1639E+00
0000005 9.9849E+04  3.1536E+09 -5.0926E+06 -5.2557E+06  1.0029E-01  7.8208E+00
0000005 9.3995E+04  3.2123E+09 -5.8100E+06 -6.2777E+06  1.0401E-01  7.4111E+01
0000005 8.8096E+04  3.2668E+09 -6.3012E+06 -7.1607E+06  1.0807E-01  1.7229E+01
0000005 8.2201E+04  3.3202E+09 -6.7436E+06 -8.0959E+06  1.1247E-01  5.1877E+00
0000005 7.6457E+04  3.3709E+09 -7.2545E+06 -9.1810E+06  1.1713E-01  1.2178E+01
0000005 7.0533E+04  3.4203E+09 -7.8115E+06 -1.0466E+07  1.2236E-01  4.5944E+00
0000005 6.4541E+04  3.4681E+09 -8.7205E+06 -1.1999E+07  1.2812E-01  5.1910E+00
0000005 5.8773E+04  3.5116E+09 -9.5368E+06 -1.3505E+07  1.3416E-01  3.9595E+00
0000005 5.2911E+04  3.5544E+09 -1.0400E+07 -1.5243E+07  1.4081E-01  3.2678E+01
0000005 4.6924E+04  3.5960E+09 -1.1701E+07 -1.7107E+07  1.4853E-01  5.9370E+01
0000005 4.1109E+04  3.6350E+09 -1.3074E+07 -1.8727E+07  1.5644E-01  7.6540E+00
0000005 3.5271E+04  3.6713E+09 -1.4345E+07 -2.0291E+07  1.6482E-01  3.0479E+01
0000005 2.9346E+04  3.7066E+09 -1.5353E+07 -2.2041E+07  1.7423E-01  4.4413E+00
0000005 2.3464E+04  3.7394E+09 -1.6139E+07 -2.3728E+07  1.8362E-01  2.0090E+01
0000005 1.7537E+04  3.7710E+09 -1.6765E+07 -2.5279E+07  1.9209E-01  3.9278E+03
0000005 1.1711E+04  3.8012E+09 -1.7454E+07 -2.6662E+07  1.9643E-01  5.0214E+01
0000005 5.8436E+03  3.8312E+09 -1.7250E+07 -2.8052E+07  1.8108E-01  2.5481E+01
0000005 0.0000E+00  3.8904E+09 -8.8023E+06 -3.0024E+07  0.0000E+00  1.9420E+00
0000006 3.0000E+05  0.0000E+00  0.0000E+00  0.0000E+00  4.6357E-02  0.0000E+00
0000006 2.9397E+05  1.2889E+08 -1.1585E+04  6.3701E+04  4.7143E-02  3.7178E+00
0000006 2.8814E+05  2.5164E+08 -5.0943E+04  1.9681E+05  4.7925E-02  4.8728E+00
0000006 2.8219E+05  3.7249E+08 -9.6444E+04  1.9537E+04  4.8747E-02  4.1095E+01
0000006 2.7635E+05  4.9140E+08 -3.7556E+04 -1.7137E+05  4.9580E-02  1.7314E+01
0000006 2.7043E+05  6.1201E+08  1.5205E+04 -2.6507E+05  5.0449E-02  7.2392E+02
0000006 2.6454E+05  7.2341E+08 -8.9480E+04 -5.1709E+05  5.1341E-02  2.9581E+00
0000006 2.5868E+05  8.3646E+08 -2.1963E+05 -7.6995E+05  5.2256E-02  4.2900E+00
0000006 2.5278E+05  9.4757E+08  8.2214E+04 -1.2239E+06  5.3206E-02  4.8611E+00
0000006 2.4699E+05  1.0533E+09  5.0580E+05 -1.7221E+06  5.4167E-02  4.3102E+00
0000006 2.4103E+05  1.1605E+09  8.6818E+05 -2.2565E+06  5.5195E-02  6.0399E+01
0000006 2.3513E+05  1.2689E+09  1.2022E+06 -2.7725E+06  5.6247E-02  5.2433E+00
0000006 2.2925E+05  1.3721E+09  1.5697E+06 -3.2529E+06  5.7330E-02  4.0945E+00
0000006 2.2337E+05  1.4764E+09  1.9547E+06 -3.8028E+06  5.8452E-02  1.1487E+01
0000006 2.1764E+05  1.5725E+09  2.2145E+06 -4.3250E+06  5.9591E-02  1.1996E+01
0000006 2.1169E+05  1.6697E+09  2.4061E+06 -4.7408E+06  6.0813E-02  8.6359E+00
0000006 2.0576E+05  1.7648E+09  2.5456E+06 -5.2187E+06  6.2084E-02  8.5039E+00
0000006 1.9996E+05  1.8550E+09  2.5495E+06 -5.7148E+06  6.3376E-02  4.7101E+00
0000006 1.9404E+05  1.9488E+09  2.2910E+06 -6.0847E+06  6.4753E-02  2.5919E+00
0000006 1.8822E+05  2.0378E+09  2.4997E+06 -6.5430E+06  6.6163E-02  1.8782E+01
0000006 1.8218E+05  2.1274E+09  2.8898E+06 -6.9885E+06  6.7696E-02  3.6646E+00
0000006 1.7633E+05  2.2122E+09  3.2745E+06 -7.5026E+06  6.9252E-02  1.2231E+01
0000006 1.7047E+05  2.2974E+09  3.4733E+06 -7.8557E+06  7.0886E-02  2.7712E+01
0000006 1.6462E+05  2.3779E+09  3.4704E+06 -8.1278E+06  7.2603E-02  7.4116E+00
0000006 1.5869E+05  2.4612E+09  3.3745E+06 -8.5097E+06  7.4436E-02  6.5780E+00
0000006 1.5274E+05  2.5398E+09  3.2618E+06 -8.8912E+06  7.6375E-02  3.8395E+00
0000006 1.4691E+05  2.6162E+09  3.1472E+06 -9.3919E+06  7.8390E-02  7.2236E+00
0000006 1.4114E+05  2.6881E+09  2.9985E+06 -9.8923E+06  8.0497E-02  1.0105E+01
0000006 1.3513E+05  2.7600E+09  2.8698E+06 -1.0424E+07  8.2831E-02  3.7489E+00
0000006 1.2940E+05  2.8275E+09  2.8440E+06 -1.0910E+07  8.5200E-02  3.9885E+00
0000006 1.2348E+05  2.8968E+09  2.8589E+06 -1.1419E+07  8.7813E-02  4.7678E+00
0000006 1.1756E+05  2.9638E+09  2.8533E+06 -1.1848E+07  9.0606E-02  2.1008E+01
0000006 1.1159E+05  3.0282E+09  2.7765E+06 -1.2479E+07  9.3636E-02  1.5073E+01
0000006 1.0578E+05  3.0902E+09  2.7735E+06 -1.3133E+07  9.6804E-02  6.3173E+00
0000006 9.9973E+04  3.1481E+09  2.6924E+06 -1.3830E+07  1.0022E-01  4.9841E+00
0000006 9.4094E+04  3.2051E+09  2.6850E+06 -1.4496E+07  1.0395E-01  1.0196E+01
0000006 8.8202E+04  3.2613E+09  2.7724E+06 -1.5187E+07  1.0800E-01  1.0362E+03
0000006 8.2250E+04  3.3147E+09  2.5483E+06 -1.5685E+07  1.1244E-01  3.9017E+01
0000006 7.6405E+04  3.3654E+09  2.2579E+06 -1.6110E+07  1.1717E-01  7.3675E+00
0000006 7.0455E+04  3.4162E+09  1.8979E+06 -1.6537E+07  1.2243E-01  6.4360E+00
0000006 6.4668E+04  3.4627E+09  1.6810E+06 -1.6920E+07  1.2799E-01  3.8664E+01
0000006 5.8702E+04  3.5087E+09  1.7668E+06 -1.7375E+07  1.3423E-01  8.3826E+00
0000006 5.2911E+04  3.5504E+09  1.8235E+06 -1.7816E+07  1.4081E-01  1.6366E+02
0000006 4.6985E+04  3.5921E+09  1.8722E+06 -1.8161E+07  1.4843E-01  6.3874E+00
0000006 4.1142E+04  3.6303E+09  1.7875E+06 -1.8461E+07  1.5640E-01  5.8412E+01
0000006 3.5229E+04  3.6674E+09  1.4835E+06 -1.8717E+07  1.6489E-01  2.1587E+02
0000006 2.9372E+04  3.7021E+09  1.2351E+06 -1.9284E+07  1.7419E-01  7.0175E+00
0000006 2.3498E+04  3.7350E+09  1.0519E+06 -1.9873E+07  1.8357E-01  4.9179E+02
0000006 1.7638E+04  3.7661E+09  8.6575E+05 -2.0608E+07  1.9197E-01  9.9365E+01
0000006 1.1752E+04  3.7959E+09  5.1434E+05 -2.1462E+07  1.9643E-01  7.0931E+00
0000006 5.8736E+03  3.8267E+09 -2.9251E+03 -2.2286E+07  1.8131E-01  6.0571E+00
0000006 0.0000E+00  3.8855E+09 -1.5080E+06 -2.0736E+07  0.0000E+00  2.1047E+00
0000007 3.0000E+05  0.0000E+00  0.0000E+00  0.0000E+00  4.6357E-02  0.0000E+00
0000007 2.9401E+05  1.2619E+08 -3.3076E+04  3.6596E+04  4.7138E-02  7.5561E+00
0000007 2.8820E+05  2.4897E+08  6.3029E+03  1.2672E+05  4.7917E-02  4.2796E+00
0000007 2.8222E+05  3.7358E+08  9.7722E+04  1.7166E+05  4.8743E-02  2.2560E+01
0000007 2.7641E+05  4.8876E+08  3.0487E+05  6.6837E+04  4.9572E-02  1.6366E+01
0000007 2.7045E+05  6.0573E+08  6.2745E+05 -1.0921E+05  5.0446E-02  4.1830E+00
0000007 2.6463E+05  7.2077E+08  1.0530E+06 -3.4884E+05  5.1326E-02  2.2550E+01
0000007 2.5874E+05  8.3387E+08  1.5254E+06 -6.2988E+05  5.2246E-02  1.2233E+01
0000007 2.5293E+05  9.4501E+08  1.9803E+06 -9.7813E+05  5.3181E-02  6.5932E+00
0000007 2.4702E+05  1.0542E+09  2.4521E+06 -1.2794E+06  5.4163E-02  4.5974E+01
0000007 2.4109E+05  1.1614E+09  2.8574E+06 -1.2762E+06  5.5184E-02  4.4968E+00
0000007 2.3519E+05  1.2699E+09  3.2189E+06 -1.2330E+06  5.6236E-02  2.8234E+00
0000007 2.2936E+05  1.3698E+09  3.4647E+06 -9.3180E+05  5.7309E-02  1.3820E+01
0000007 2.2344E+05  1.4710E+09  3.5577E+06 -2.7516E+05  5.8439E-02  9.6780E+00
0000007 2.1758E+05  1.5702E+09  3.6053E+06  3.6268E+05  5.9601E-02  6.0213E+00
0000007 2.1156E+05  1.6704E+09  3.7003E+06  9.9431E+05  6.0841E-02  7.1211E+00
0000007 2.0572E+05  1.7655E+09  3.7137E+06  1.5323E+06  6.2092E-02  2.9334E+01
0000007 1.9992E+05  1.8585E+09  3.8944E+06  2.0490E+06  6.3385E-02  4.0076E+00
0000007 1.9400E+05  1.9495E+09  4.1110E+06  2.6406E+06  6.4761E-02  2.4942E+01
0000007 1.8806E+05  2.0412E+09  4.4281E+06  3.2193E+06  6.6203E-02  1.4202E+01
0000007 1.8232E+05  2.1281E+09  4.7225E+06  3.6730E+06  6.7661E-02  4.6856E+00
0000007 1.7634E+05  2.2129E+09  5.0222E+06  4.0077E+06  6.9250E-02  9.5693E+00
0000007 1.7057E+05  2.2955E+09  5.3525E+06  4.0220E+06  7.0857E-02  6.2633E+00
0000007 1.6468E+05  2.3761E+09  5.6855E+06  3.8645E+06  7.2586E-02  1.2443E+01
0000007 1.5882E+05  2.4546E+09  5.9984E+06  3.8378E+06  7.4394E-02  6.9615E+00
0000007 1.5279E+05  2.5356E+09  6.2395E+06  3.9174E+06  7.6362E-02  3.8665E+00
0000007 1.4691E+05  2.6120E+09  6.3296E+06  4.0043E+06  7.8389E-02  1.4755E+01
0000007 1.4111E+05  2.6861E+09  6.2854E+06  4.1954E+06  8.0509E-02  1.0495E+01
0000007 1.3523E+05  2.7558E+09  6.1958E+06  4.3794E+06  8.2792E-02  3.7637E+00
0000007 1.2940E+05  2.8255E+09  6.2871E+06  4.4873E+06  8.5198E-02  3.3407E+01
0000007 1.2350E+05  2.8928E+09  6.2994E+06  4.4344E+06  8.7805E-02  1.5777E+01
0000007 1.1765E+05  2.9578E+09  6.3799E+06  4.4572E+06  9.0566E-02  5.1833E+00
0000007 1.1171E+05  3.0223E+09  6.5727E+06  4.5564E+06  9.3575E-02  7.5706E+00
0000007 1.0582E+05  3.0843E+09  6.8485E+06  4.6093E+06  9.6786E-02  1.2636E+01
0000007 9.9954E+04  3.1457E+09  7.1498E+06  4.6400E+06  1.0023E-01  7.5115E+00
0000007 9.3995E+04  3.2027E+09  7.3580E+06  4.6255E+06  1.0401E-01  4.0525E+01
0000007 8.8077E+04  3.2588E+09  7.4808E+06  4.6725E+06  1.0809E-01  1.5061E+01
0000007 8.2333E+04  3.3123E+09  7.7365E+06  4.8693E+06  1.1237E-01  1.0615E+01
0000007 7.6440E+04  3.3645E+09  8.2119E+06  5.0391E+06  1.1715E-01  1.2681E+01
0000007 7.0547E+04  3.4152E+09  8.7789E+06  5.2187E+06  1.2234E-01  4.9667E+00
0000007 6.4666E+04  3.4618E+09  9.1607E+06  5.2916E+06  1.2799E-01  5.3296E+00
0000007 5.8671E+04  3.5077E+09  9.4083E+06  5.3051E+06  1.3427E-01  5.9049E+00
0000007 5.2774E+04  3.5517E+09  9.6250E+06  5.4393E+06  1.4097E-01  4.2533E+00
0000007 4.6910E+04  3.5923E+09  9.7462E+06  5.6816E+06  1.4855E-01  8.4986E+00
0000007 4.1169E+04  3.6295E+09  9.7921E+06  5.9181E+06  1.5637E-01  6.3562E+00
0000007 3.5213E+04  3.6675E+09  9.9788E+06  6.2560E+06  1.6491E-01  4.5097E+01
0000007 2.9304E+04  3.7029E+09  1.0145E+07  6.6859E+06  1.7430E-01  7.9973E+00
0000007 2.3476E+04  3.7357E+09  1.0142E+07  7.3649E+06  1.8360E-01  6.4450E+00
0000007 1.7560E+04  3.7674E+09  1.0310E+07  7.9335E+06  1.9206E-01  1.7061E+01
0000007 1.1754E+04  3.7972E+09  1.0422E+07  8.3384E+06  1.9643E-01  5.3147E+00
0000007 5.8497E+03  3.8276E+09  1.1430E+07  8.5238E+06  1.8113E-01  2.1144E+02
0000007 0.0000E+00  3.8862E+09  2.0051E+07  3.9272E+06  0.0000E+00  8.9911E-01
0000008 3.0000E+05  0.0000E+00  0.0000E+00  0.0000E+00  4.6357E-02  0.0000E+00
0000008 2.9405E+05  1.2773E+08 -1.3408E+05 -1.2027E+03  4.7132E-02  3.6483E+00
0000008 2.8823E+05  2.5047E+08 -2.2790E+05  3.5440E+04  4.7913E-02  5.2190E+01
0000008 2.8220E+05  3.7887E+08 -2.6165E+05 -2.4499E+04  4.8747E-02  5.3010E+00
0000008 2.7646E+05  4.9780E+08 -3.8077E+05 -2.7749E+05  4.9564E-02  9.4383E+00
0000008 2.7049E+05  6.1477E+08 -3.8028E+05 -3.3767E+05  5.0440E-02  6.7690E+00
0000008 2.6464E+05  7.2981E+08 -4.9125E+05 -5.3966E+05  5.1325E-02  5.3058E+00
0000008 2.5881E+05  8.4291E+08 -5.2673E+05 -7.3347E+05  5.2234E-02  3.4279E+02
0000008 2.5279E+05  9.5403E+08 -6.3881E+05 -7.7097E+05  5.3203E-02  3.4276E+00
0000008 2.4702E+05  1.0666E+09 -7.3469E+05 -8.4305E+05  5.4162E-02  6.0666E+00
0000008 2.4105E+05  1.1771E+09 -5.6044E+05 -8.6912E+05  5.5191E-02  4.0553E+00
0000008 2.3522E+05  1.2856E+09 -1.8834E+05 -7.2531E+05  5.6230E-02  3.6242E+00
0000008 2.2938E+05  1.3888E+09  1.3216E+05 -6.9648E+05  5.7305E-02  1.5993E+01
0000008 2.2351E+05  1.4900E+09  1.7380E+05 -7.9969E+05  5.8425E-02  2.4478E+00
0000008 2.1757E+05  1.5923E+09  1.1747E+05 -8.6030E+05  5.9604E-02  1.7338E+01
0000008 2.1175E+05  1.6895E+09  1.6336E+05 -9.2087E+05  6.0800E-02  6.8984E+01
0000008 2.0579E+05  1.7876E+09  4.8773E+05 -1.1178E+06  6.2076E-02  5.1302E+01
0000008 1.9993E+05  1.8806E+09  9.3742E+05 -1.4047E+06  6.3383E-02  6.5002E+00
0000008 1.9403E+05  1.9717E+09  1.4152E+06 -1.8050E+06  6.4753E-02  1.5585E+01
0000008 1.8819E+05  2.0606E+09  1.8458E+06 -2.2169E+06  6.6170E-02  1.7449E+01
0000008 1.8219E+05  2.1502E+09  2.1901E+06 -2.5668E+06  6.7694E-02  8.6146E+00
0000008 1.7638E+05  2.2349E+09  2.6437E+06 -2.8258E+06  6.9238E-02  1.7049E+01
0000008 1.7051E+05  2.3176E+09  3.3088E+06 -2.8185E+06  7.0874E-02  2.5172E+01
0000008 1.6465E+05  2.4007E+09  3.9304E+06 -2.8122E+06  7.2594E-02  8.5397E+00
0000008 1.5882E+05  2.4791E+09  4.3542E+06 -2.8255E+06  7.4394E-02  4.4978E+00
0000008 1.5290E+05  2.5578E+09  4.1509E+06 -2.5413E+06  7.6322E-02  2.3920E+01
0000008 1.4703E+05  2.6319E+09  3.9690E+06 -2.1888E+06  7.8347E-02  1.2449E+01
0000008 1.4105E+05  2.7083E+09  3.7239E+06 -1.8231E+06  8.0534E-02  1.6390E+01
0000008 1.3527E+05  2.7802E+09  3.5047E+06 -1.4812E+06  8.2774E-02  6.7326E+00
0000008 1.2928E+05  2.8498E+09  3.3117E+06 -1.1871E+06  8.5249E-02  1.0210E+03
0000008 1.2342E+05  2.9171E+09  3.2146E+06 -1.0445E+06  8.7844E-02  6.3446E+00
0000008 1.1758E+05  2.9840E+09  3.1629E+06 -7.4106E+05  9.0598E-02  7.6254E+00
0000008 1.1173E+05  3.0466E+09  2.9863E+06 -6.0143E+05  9.3562E-02  2.7689E+00
0000008 1.0575E+05  3.1105E+09  2.8130E+06 -4.9009E+05  9.6826E-02  4.6964E+01
0000008 9.9936E+04  3.1701E+09  2.6875E+06 -3.3282E+05  1.0024E-01  3.6918E+00
0000008 9.4111E+04  3.2271E+09  2.4883E+06 -3.1869E+05  1.0394E-01  5.2547E+00
0000008 8.8079E+04  3.2832E+09  2.4394E+06 -2.3421E+05  1.0808E-01  1.5002E+01
0000008 8.2228E+04  3.3351E+09  2.4138E+06  4.0959E+02  1.1245E-01  3.9297E+00
0000008 7.6465E+04  3.3859E+09  2.3545E+06  3.2286E+05  1.1712E-01  3.3368E+01
0000008 7.0539E+04  3.4353E+09  2.2698E+06  4.0683E+05  1.2235E-01  7.6199E+00
0000008 6.4689E+04  3.4832E+09  2.1047E+06  3.4466E+05  1.2797E-01  1.8248E+01
0000008 5.8767E+04  3.5280E+09  1.7200E+06  2.7256E+05  1.3416E-01  3.3792E+01
0000008 5.2921E+04  3.5708E+09  1.3046E+06  2.5662E+05  1.4080E-01  1.8344E+01
0000008 4.6920E+04  3.6115E+09  8.5878E+05  3.2108E+05  1.4854E-01  6.4693E+00
0000008 4.1165E+04  3.6487E+09  3.7565E+05  3.8795E+05  1.5638E-01  2.8301E+01
0000008 3.5220E+04  3.6850E+09 -9.1422E+04  5.3627E+05  1.6490E-01  1.2629E+01
0000008 2.9354E+04  3.7196E+09 -6.9056E+05  7.2115E+05  1.7422E-01  7.1126E+00
0000008 2.3420E+04  3.7524E+09 -1.2916E+06  8.1640E+05  1.8369E-01  1.5597E+01
0000008 1.7638E+04  3.7835E+09 -1.2252E+06  1.4029E+06  1.9197E-01  4.4946E+00
0000008 1.1716E+04  3.8142E+09 -1.5747E+06  1.5574E+06  1.9643E-01  9.3852E+00
0000008 5.8697E+03  3.8449E+09 -2.3334E+06  2.3181E+06  1.8128E-01  3.2743E+01
0000008 0.0000E+00  3.9070E+09 -4.6046E+06  4.7591E+06  0.0000E+00  5.6941E-01
0000009 3.0000E+05  0.0000E+00  0.0000E+00  0.0000E+00  4.6357E-02  0.0000E+00
0000009 2.9398E+05  1.3350E+08 -1.4301E+05  1.1195E+04  4.7142E-02  4.5631E+00
0000009 2.8807E+05  2.5241E+08 -3.8703E+05 -4.5319E+05  4.7936E-02  1.6849E+01
0000009 2.8234E+05  3.6947E+08 -7.3212E+05 -1.1433E+06  4.8726E-02  2.6518E+01
0000009 2.7627E+05  4.9209E+08 -1.2713E+06 -1.9656E+06  4.9591E-02  8.4624E+00
0000009 2.7048E+05  6.0904E+08 -1.7981E+06 -2.7903E+06  5.0441E-02  5.8755E+00
0000009 2.6464E+05  7.2049E+08 -2.2852E+06 -3.5519E+06  5.1324E-02  2.6062E+00
0000009 2.5870E+05  8.3710E+08 -2.8030E+06 -4.2961E+06  5.2253E-02  6.7681E+00
0000009 2.5290E+05  9.4476E+08 -3.3826E+06 -4.9933E+06  5.3186E-02  6.8781E+00
0000009 2.4705E+05  1.0539E+09 -4.1114E+06 -5.6379E+06  5.4158E-02  3.7152E+00
0000009 2.4102E+05  1.1611E+09 -4.8215E+06 -6.1745E+06  5.5196E-02  3.7605E+01
0000009 2.3524E+05  1.2663E+09 -5.4411E+06 -6.6804E+06  5.6225E-02  6.1743E+00
0000009 2.2935E+05  1.3759E+09 -6.1982E+06 -7.2366E+06  5.7312E-02  1.7226E+01
0000009 2.2344E+05  1.4771E+09 -6.9779E+06 -7.6133E+06  5.8439E-02  1.0708E+01
0000009 2.1758E+05  1.5794E+09 -7.8215E+06 -8.0528E+06  5.9602E-02  7.7770E+00
0000009 2.1166E+05  1.6796E+09 -8.8054E+06 -8.6114E+06  6.0818E-02  7.5743E+00
0000009 2.0576E+05  1.7747E+09 -9.8582E+06 -9.3404E+06  6.2083E-02  4.2620E+01
0000009 1.9991E+05  1.8677E+09 -1.1103E+07 -1.0089E+07  6.3387E-02  4.5276E+00
0000009 1.9408E+05  1.9587E+09 -1.2595E+07 -1.1012E+07  6.4743E-02  4.1397E+00
0000009 1.8811E+05  2.0504E+09 -1.3974E+07 -1.2026E+07  6.6188E-02  2.6974E+00
0000009 1.8232E+05  2.1373E+09 -1.5332E+07 -1.2865E+07  6.7661E-02  3.4810E+02
0000009 1.7636E+05  2.2247E+09 -1.6715E+07 -1.3517E+07  6.9244E-02  6.9050E+00
0000009 1.7056E+05  2.3074E+09 -1.8063E+07 -1.3986E+07  7.0861E-02  8.2227E+01
0000009 1.6459E+05  2.3905E+09 -1.9231E+07 -1.4361E+07  7.2612E-02  8.5543E+00
0000009 1.5878E+05  2.4688E+09 -2.0247E+07 -1.4801E+07  7.4407E-02  4.7873E+00
0000009 1.5281E+05  2.5475E+09 -2.1158E+07 -1.5284E+07  7.6353E-02  4.2609E+00
0000009 1.4700E+05  2.6216E+09 -2.2201E+07 -1.5657E+07  7.8357E-02  1.3546E+01
0000009 1.4110E+05  2.6957E+09 -2.3335E+07 -1.6058E+07  8.0514E-02  1.4459E+02
0000009 1.3515E+05  2.7698E+09 -2.4617E+07 -1.6501E+07  8.2823E-02  2.6442E+00
0000009 1.2939E+05  2.8373E+09 -2.5889E+07 -1.6847E+07  8.5203E-02  5.3119E+01
0000009 1.2348E+05  2.9066E+09 -2.7197E+07 -1.7262E+07  8.7812E-02  1.8943E+01
0000009 1.1752E+05  2.9735E+09 -2.8451E+07 -1.7695E+07  9.0628E-02  1.2473E+01
0000009 1.1161E+05  3.0361E+09 -2.9721E+07 -1.8223E+07  9.3630E-02  3.3023E+00
0000009 1.0585E+05  3.0963E+09 -3.0895E+07 -1.8773E+07  9.6769E-02  1.1368E+01
0000009 9.9861E+04  3.1576E+09 -3.2132E+07 -1.9301E+07  1.0029E-01  5.3962E+00
0000009 9.3937E+04  3.2146E+09 -3.3428E+07 -1.9733E+07  1.0405E-01  5.7182E+00
0000009 8.8189E+04  3.2691E+09 -3.4608E+07 -2.0086E+07  1.0801E-01  1.3154E+01
0000009 8.2300E+04  3.3225E+09 -3.5470E+07 -2.0293E+07  1.1240E-01  7.2123E+00
0000009 7.6366E+04  3.3733E+09 -3.6278E+07 -2.0364E+07  1.1721E-01  8.4012E+00
0000009 7.0469E+04  3.4226E+09 -3.7111E+07 -2.0425E+07  1.2242E-01  1.4875E+02
0000009 6.4568E+04  3.4703E+09 -3.7949E+07 -2.0374E+07  1.2809E-01  1.1657E+02
0000009 5.8819E+04  3.5151E+09 -3.8728E+07 -2.0427E+07  1.3410E-01  2.2637E+01
0000009 5.2894E+04  3.5580E+09 -3.9500E+07 -2.0631E+07  1.4083E-01  1.1510E+01
0000009 4.6948E+04  3.5997E+09 -4.0215E+07 -2.0944E+07  1.4849E-01  7.8898E+01
0000009 4.1123E+04  3.6378E+09 -4.0896E+07 -2.1339E+07  1.5642E-01  5.7109E+00
0000009 3.5289E+04  3.6750E+09 -4.1667E+07 -2.1550E+07  1.6480E-01  1.9517E+01
0000009 2.9340E+04  3.7105E+09 -4.2269E+07 -2.1793E+07  1.7424E-01  1.5661E+01
0000009 2.3480E+04  3.7433E+09 -4.2597E+07 -2.1983E+07  1.8360E-01  5.6841E+00
0000009 1.7628E+04  3.7744E+09 -4.3115E+07 -2.1864E+07  1.9198E-01  3.8551E+00
0000009 1.1709E+04  3.8047E+09 -4.3563E+07 -2.1489E+07  1.9643E-01  3.6151E+01
0000009 5.8621E+03  3.8352E+09 -4.3982E+07 -2.0952E+07  1.8122E-01  4.1071E+00
0000009 0.0000E+00  3.8962E+09 -4.3099E+07 -2.4023E+07  0.0000E+00  1.4560E+00
0000010 3.0000E+05  0.0000E+00  0.0000E+00  0.0000E+00  4.6357E-02  0.0000E+00
0000010 2.9402E+05  1.2702E+08 -7.8800E+04  1.0364E+05  4.7136E-02  4.4017E+00
0000010 2.8816E+05  2.4978E+08 -2.6276E+05  2.5307E+05  4.7923E-02  4.0884E+00
0000010 2.8231E+05  3.7065E+08 -4.3276E+05  4.0803E+05  4.8732E-02  9.8458E+00
0000010 2.7639E+05  4.8959E+08 -5.5670E+05  2.4354E+05  4.9574E-02  3.3422E+00
0000010 2.7058E+05  6.0292E+08 -5.8427E+05  2.6319E+05  5.0427E-02  4.3948E+00
0000010 2.6462E+05  7.2518E+08 -5.3550E+05  1.9802E+05  5.1328E-02  3.2591E+01
0000010 2.5879E+05  8.3825E+08 -6.3037E+05  2.5549E+05  5.2238E-02  3.0196E+00
0000010 2.5288E+05  9.4592E+08 -6.2481E+05  2.6994E+05  5.3189E-02  6.7087E+00
0000010 2.4703E+05  1.0551E+09 -5.7690E+05  3.4109E+05  5.4161E-02  5.8186E+00
0000010 2.4107E+05  1.1656E+09 -5.6904E+05  4.6400E+05  5.5187E-02  8.5086E+00
0000010 2.3521E+05  1.2708E+09 -6.4172E+05  5.9935E+05  5.6232E-02  2.6155E+01
0000010 2.2923E+05  1.3740E+09 -6.2662E+05  6.7272E+05  5.7334E-02  6.2548E+00
0000010 2.2340E+05  1.4752E+09 -4.4746E+05  7.7866E+05  5.8446E-02  4.1642E+00
0000010 2.1760E+05  1.5713E+09 -2.6523E+05  9.7240E+05  5.9598E-02  3.1378E+00
0000010 2.1161E+05  1.6684E+09 -1.8488E+05  1.0206E+06  6.0829E-02  1.2304E+01
0000010 2.0586E+05  1.7606E+09 -3.9521E+05  6.6326E+05  6.2062E-02  3.5141E+00
0000010 1.9998E+05  1.8566E+09 -6.4690E+05  2.4641E+05  6.3371E-02  7.9400E+00
0000010 1.9409E+05  1.9476E+09 -8.0376E+05 -1.4600E+05  6.4739E-02  3.7397E+00
0000010 1.8805E+05  2.0422E+09 -8.3617E+05 -6.0614E+05  6.6203E-02  4.7361E+00
0000010 1.8223E+05  2.1290E+09 -6.8304E+05 -9.5645E+05  6.7683E-02  3.5510E+00
0000010 1.7640E+05  2.2164E+09 -5.9618E+05 -1.2566E+06  6.9234E-02  9.4011E+00
0000010 1.7041E+05  2.2991E+09 -5.1608E+05 -1.5968E+06  7.0902E-02  9.4946E+01
0000010 1.6464E+05  2.3822E+09 -5.1588E+05 -1.8952E+06  7.2598E-02  2.9874E+01
0000010 1.5881E+05  2.4606E+09 -5.3690E+05 -2.2022E+06  7.4396E-02  6.4663E+00
0000010 1.5288E+05  2.5392E+09 -5.2619E+05 -2.5324E+06  7.6330E-02  9.0387E+01
0000010 1.4702E+05  2.6134E+09 -5.6214E+05 -2.9249E+06  7.8349E-02  5.7199E+00
0000010 1.4116E+05  2.6875E+09 -6.1373E+05 -3.4028E+06  8.0492E-02  1.6174E+01
0000010 1.3528E+05  2.7573E+09 -6.8508E+05 -3.9280E+06  8.2771E-02  3.9498E+01
0000010 1.2928E+05  2.8290E+09 -5.9879E+05 -4.3108E+06  8.5251E-02  4.0416E+00
0000010 1.2344E+05  2.8983E+09 -4.6585E+05 -4.6520E+06  8.7831E-02  9.7229E+00
0000010 1.1756E+05  2.9652E+09 -4.0380E+05 -5.0293E+06  9.0606E-02  4.2308E+00
0000010 1.1163E+05  3.0316E+09 -3.1726E+05 -5.3613E+06  9.3615E-02  3.6502E+01
0000010 1.0581E+05  3.0937E+09 -2.9556E+05 -5.8230E+06  9.6789E-02  1.9644E+01
0000010 9.9949E+04  3.1532E+09 -2.3765E+05 -6.0841E+06  1.0023E-01  2.4684E+01
0000010 9.4091E+04  3.2120E+09  8.5154E+04 -6.1731E+06  1.0395E-01  5.6339E+00
0000010 8.8127E+04  3.2681E+09  5.6661E+05 -6.1292E+06  1.0805E-01  4.2903E+01
0000010 8.2227E+04  3.3215E+09  9.1837E+05 -6.0955E+06  1.1245E-01  4.8042E+00
0000010 7.6466E+04  3.3723E+09  1.1765E+06 -6.1059E+06  1.1712E-01  1.5212E+02
0000010 7.0511E+04  3.4217E+09  1.5507E+06 -6.0066E+06  1.2238E-01  3.0463E+01
0000010 6.4604E+04  3.4682E+09  1.8607E+06 -5.9589E+06  1.2806E-01  4.0759E+00
0000010 5.8741E+04  3.5117E+09  2.1364E+06 -5.8472E+06  1.3419E-01  1.0460E+01
0000010 5.2816E+04  3.5557E+09  2.2281E+06 -5.4983E+06  1.4092E-01  4.7599E+00
0000010 4.6970E+04  3.5963E+09  2.0915E+06 -4.8982E+06  1.4846E-01  4.2173E+01
0000010 4.1078E+04  3.6345E+09  1.7750E+06 -4.2690E+06  1.5648E-01  3.1304E+01
0000010 3.5273E+04  3.6707E+09  1.3380E+06 -3.5998E+06  1.6482E-01  2.1926E+01
0000010 2.9367E+04  3.7054E+09  5.8459E+05 -3.0643E+06  1.7420E-01  1.0979E+01
0000010 2.3405E+04  3.7389E+09 -3.3686E+05 -2.2939E+06  1.8371E-01  4.0299E+00
0000010 1.7599E+04  3.7699E+09 -1.1302E+06 -1.4396E+06  1.9202E-01  4.0077E+00
0000010 1.1738E+04  3.7997E+09 -1.8007E+06 -9.0248E+05  1.9643E-01  2.9337E+01
0000010 5.8485E+03  3.8301E+09 -2.3849E+06 -7.0804E+05  1.8112E-01  4.6990E+01
0000010 0.0000E+00  3.8875E+09 -7.5710E+06  6.2367E+06  0.0000E+00  1.7495E+00
