Calc. Date= 04-27-2023. Time= 14:42:38
============================== SRIM-2013.00 ==============================
 =====================================================================
 =                   Ion Energy vs Position File                     =
 =====================================================================
 =   AXIS DEFINITIONS: X=Depth. Y.Z= Lateral plane of target surface.=
 =   (If beam enters target at an angle. this tilt is in Y direction)=
 =   Shown are: Ion Number. Energy (keV). X. Y. Z Position           =
 ==================  CALCULATION   DATA  =============================
  Ion Data: Name. Mass.   Energy . Energy Interval
           Sr     080.00  1200000keV    23529411eV
 =====================================================================
Ion       Energy     Depth (X)     Y           Z       Electronic   Energy Lost to
Number    (keV)    (Angstrom)  (Angstrom)  (Angstrom)  Stop.(eV/A)  Last Recoil(eV)
------- ----------- ---------- ----------- ----------- -----------  ---------------
0000001 1.2000E+06  0.0000E+00  0.0000E+00  0.0000E+00  5.1093E-01  0.0000E+00
0000001 1.1764E+06  4.5953E+07  1.1397E+04  2.2911E+04  5.1658E-01  3.8290E+00
0000001 1.1526E+06  9.1800E+07  5.4497E+04  4.9237E+04  5.2238E-01  1.3622E+01
0000001 1.1291E+06  1.3704E+08  9.5454E+04  8.2963E+04  5.2822E-01  5.0729E+00
0000001 1.1058E+06  1.7983E+08  1.3774E+05  1.2652E+05  5.3410E-01  1.5710E+01
0000001 1.0821E+06  2.2385E+08  1.4482E+05  1.4144E+05  5.4019E-01  9.3189E+00
0000001 1.0587E+06  2.6666E+08  1.6007E+05  1.2976E+05  5.4632E-01  3.0842E+01
0000001 1.0350E+06  3.1003E+08  1.3890E+05  1.1821E+05  5.5264E-01  1.6271E+01
0000001 1.0115E+06  3.5103E+08  1.2313E+05  1.1776E+05  5.5902E-01  1.7427E+01
0000001 9.8821E+05  3.9256E+08  1.2865E+05  1.2188E+05  5.6550E-01  1.3234E+01
0000001 9.6435E+05  4.3514E+08  1.6457E+05  7.8599E+04  5.7225E-01  1.0241E+02
0000001 9.4087E+05  4.7650E+08  2.0123E+05 -1.2896E+04  5.7902E-01  5.3421E+00
0000001 9.1755E+05  5.1666E+08  2.0883E+05 -1.1852E+05  5.8589E-01  9.2178E+01
0000001 8.9407E+05  5.5671E+08  1.9934E+05 -2.0839E+05  5.9295E-01  8.4637E+00
0000001 8.7051E+05  5.9608E+08  2.1306E+05 -2.8414E+05  6.0021E-01  2.0141E+01
0000001 8.4683E+05  6.3478E+08  2.1644E+05 -3.7412E+05  6.0766E-01  2.2992E+01
0000001 8.2348E+05  6.7330E+08  2.1406E+05 -4.7036E+05  6.1517E-01  6.2296E+00
0000001 7.9978E+05  7.1212E+08  2.2273E+05 -5.5846E+05  6.2301E-01  3.0648E+01
0000001 7.7628E+05  7.4974E+08  2.1390E+05 -6.3809E+05  6.3095E-01  5.6786E+00
0000001 7.5267E+05  7.8759E+08  1.7516E+05 -7.4117E+05  6.3916E-01  1.7937E+01
0000001 7.2930E+05  8.2377E+08  1.4403E+05 -8.3463E+05  6.4749E-01  5.1623E+00
0000001 7.0575E+05  8.5922E+08  8.6423E+04 -8.9638E+05  6.5613E-01  7.4316E+00
0000001 6.8218E+05  8.9528E+08  2.8623E+04 -9.8067E+05  6.6502E-01  7.2962E+00
0000001 6.5868E+05  9.3013E+08 -1.8261E+03 -1.0711E+06  6.7417E-01  6.3630E+00
0000001 6.3520E+05  9.6420E+08 -1.0807E+05 -1.1729E+06  6.8357E-01  5.9649E+01
0000001 6.1166E+05  9.9834E+08 -2.4463E+05 -1.3223E+06  6.9330E-01  2.0153E+01
0000001 5.8796E+05  1.0325E+09 -4.2396E+05 -1.4440E+06  7.0341E-01  6.5344E+00
0000001 5.6460E+05  1.0654E+09 -6.1790E+05 -1.5342E+06  7.1370E-01  1.2897E+01
0000001 5.4113E+05  1.0987E+09 -8.1790E+05 -1.5911E+06  7.2438E-01  6.5749E+00
0000001 5.1742E+05  1.1291E+09 -6.0200E+05 -1.3141E+06  7.3553E-01  7.4733E+00
0000001 4.9405E+05  1.1605E+09 -3.5452E+05 -9.6078E+05  7.4688E-01  1.9707E+01
0000001 4.7051E+05  1.1915E+09 -1.2300E+05 -5.8762E+05  7.5866E-01  6.8664E+00
0000001 4.4686E+05  1.2225E+09  9.5721E+04 -1.8263E+05  7.7085E-01  1.8795E+01
0000001 4.2337E+05  1.2529E+09  3.5527E+05  2.1771E+05  7.8329E-01  5.2867E+00
0000001 3.9996E+05  1.2829E+09  6.2773E+05  6.2572E+05  7.9597E-01  1.5318E+01
0000001 3.7623E+05  1.3128E+09  8.5280E+05  9.9814E+05  8.0904E-01  6.7858E+00
0000001 3.5294E+05  1.3416E+09  9.9438E+05  1.3276E+06  8.2199E-01  1.0736E+01
0000001 3.2933E+05  1.3699E+09  1.0713E+06  1.7006E+06  8.3506E-01  1.8811E+01
0000001 3.0579E+05  1.3978E+09  1.1189E+06  2.0245E+06  8.4782E-01  6.4923E+00
0000001 2.8218E+05  1.4250E+09  1.1982E+06  2.3686E+06  8.6002E-01  3.8803E+00
0000001 2.5865E+05  1.4524E+09  1.3478E+06  2.7255E+06  8.7111E-01  4.5087E+01
0000001 2.3525E+05  1.4791E+09  1.4494E+06  3.0914E+06  8.8046E-01  9.4837E+00
0000001 2.1163E+05  1.5054E+09  1.6223E+06  3.5762E+06  8.8726E-01  1.1759E+01
0000001 1.8806E+05  1.5317E+09  1.9258E+06  4.2394E+06  8.9214E-01  1.3808E+01
0000001 1.6467E+05  1.5582E+09  2.3496E+06  4.8582E+06  8.9110E-01  6.3132E+00
0000001 1.4109E+05  1.5852E+09  2.8601E+06  5.5750E+06  8.8145E-01  1.3084E+01
0000001 1.1750E+05  1.6116E+09  3.5919E+06  5.9935E+06  8.6364E-01  4.4231E+04
0000001 9.4009E+04  1.6393E+09  4.6198E+06  6.5582E+06  8.3059E-01  9.3407E+00
0000001 7.0558E+04  1.6683E+09  5.6288E+06  7.1457E+06  7.7616E-01  1.3403E+01
0000001 4.7017E+04  1.6994E+09  7.3422E+06  7.6912E+06  6.9033E-01  8.0192E+00
0000001 2.3509E+04  1.7369E+09  9.7901E+06  8.2798E+06  5.3635E-01  6.4520E+00
0000001 0.0000E+00  1.8239E+09  1.2542E+07  4.7699E+06  0.0000E+00  2.2590E-01
