Calc. Date= 04-27-2023. Time= 13:33:05
============================== SRIM-2013.00 ==============================
 =====================================================================
 =                   Ion Energy vs Position File                     =
 =====================================================================
 =   AXIS DEFINITIONS: X=Depth. Y.Z= Lateral plane of target surface.=
 =   (If beam enters target at an angle. this tilt is in Y direction)=
 =   Shown are: Ion Number. Energy (keV). X. Y. Z Position           =
 ==================  CALCULATION   DATA  =============================
  Ion Data: Name. Mass.   Energy . Energy Interval
           He     004.00  15000keV    294117eV
 =====================================================================
Ion       Energy     Depth (X)     Y           Z       Electronic   Energy Lost to
Number    (keV)    (Angstrom)  (Angstrom)  (Angstrom)  Stop.(eV/A)  Last Recoil(eV)
------- ----------- ---------- ----------- ----------- -----------  ---------------
0000001 1.5000E+04  0.0000E+00  0.0000E+00  0.0000E+00  5.6128E-03  0.0000E+00
0000001 1.4694E+04  5.3829E+07 -4.8934E+04  2.1329E+05  5.7006E-03  8.0955E+00
0000001 1.4398E+04  1.0169E+08 -8.9750E+04  5.2094E+05  5.7887E-03  6.1827E+00
0000001 1.4036E+04  1.6424E+08 -2.6135E+05  1.0188E+06  5.9002E-03  1.0674E+02
0000001 1.3740E+04  2.1024E+08 -6.1769E+05  1.1270E+06  5.9953E-03  3.8443E+00
0000001 1.3440E+04  2.5544E+08 -9.6400E+05  1.2593E+06  6.0952E-03  1.0104E+01
0000001 1.3167E+04  2.9983E+08 -1.3097E+06  1.4207E+06  6.1893E-03  2.1894E+01
0000001 1.2893E+04  3.4344E+08 -1.7572E+06  1.5053E+06  6.2869E-03  6.6771E+00
0000001 1.2619E+04  3.8625E+08 -2.2153E+06  1.6350E+06  6.3884E-03  9.2906E+00
0000001 1.2254E+04  4.4216E+08 -2.6500E+06  1.7938E+06  6.5293E-03  3.2840E+00
0000001 1.2012E+04  4.8322E+08 -2.5635E+06  1.9252E+06  6.6267E-03  5.0919E+00
0000001 1.1731E+04  5.2353E+08 -2.4092E+06  2.1380E+06  6.7434E-03  2.8525E+00
0000001 1.1444E+04  5.6304E+08 -2.1800E+06  2.3468E+06  6.8678E-03  4.6481E+01
0000001 1.1173E+04  6.0175E+08 -1.9703E+06  2.4060E+06  6.9899E-03  5.2079E+00
0000001 1.0829E+04  6.5220E+08 -1.5842E+06  2.4803E+06  7.1525E-03  1.3697E+01
0000001 1.0499E+04  7.0135E+08 -1.2710E+06  2.5439E+06  7.3165E-03  3.4207E+00
0000001 1.0224E+04  7.3736E+08 -9.7059E+05  2.5887E+06  7.4597E-03  4.1762E+00
0000001 9.9729E+03  7.7258E+08 -5.8169E+05  2.6536E+06  7.5962E-03  5.5854E+00
0000001 9.6922E+03  8.0704E+08 -2.1463E+05  2.6771E+06  7.7556E-03  1.7325E+01
0000001 9.3408E+03  8.5176E+08  2.0011E+05  2.7763E+06  7.9892E-03  7.1617E+00
0000001 9.0883E+03  8.8440E+08  4.1858E+05  2.8027E+06  8.1645E-03  3.0670E+00
0000001 8.8234E+03  9.1628E+08  5.2493E+05  2.8626E+06  8.3485E-03  6.8980E+00
0000001 8.4621E+03  9.5758E+08  5.4033E+05  3.0564E+06  8.5995E-03  3.4537E+00
0000001 8.1985E+03  9.8761E+08  5.3213E+05  3.1828E+06  8.7825E-03  3.2690E+00
0000001 7.9355E+03  1.0168E+09  4.7541E+05  3.2708E+06  8.9743E-03  3.5100E+00
0000001 7.6061E+03  1.0546E+09  3.9803E+05  3.3251E+06  9.2585E-03  2.9789E+00
0000001 7.3347E+03  1.0821E+09  1.9714E+05  3.3599E+06  9.5087E-03  2.8529E+00
0000001 6.9854E+03  1.1174E+09 -5.2132E+04  3.3652E+06  9.8535E-03  7.4187E+00
0000001 6.7319E+03  1.1430E+09 -2.7001E+05  3.3702E+06  1.0122E-02  2.0754E+00
0000001 6.4061E+03  1.1759E+09 -5.0881E+05  3.3793E+06  1.0491E-02  3.0089E+00
0000001 6.1551E+03  1.1997E+09 -5.9892E+05  3.3079E+06  1.0796E-02  2.8041E+00
0000001 5.8165E+03  1.2303E+09 -6.6420E+05  3.1678E+06  1.1241E-02  3.0991E+00
0000001 5.5770E+03  1.2523E+09 -6.9588E+05  3.0493E+06  1.1580E-02  2.7916E+01
0000001 5.2341E+03  1.2804E+09 -7.8194E+05  2.6805E+06  1.2107E-02  3.7242E+00
0000001 4.9735E+03  1.3005E+09 -8.2410E+05  2.3299E+06  1.2544E-02  6.6620E+00
0000001 4.6293E+03  1.3260E+09 -8.3959E+05  1.9798E+06  1.3176E-02  3.7650E+00
0000001 4.3894E+03  1.3442E+09 -8.7079E+05  1.7997E+06  1.3659E-02  1.2242E+01
0000001 4.0691E+03  1.3673E+09 -8.6556E+05  1.5740E+06  1.4366E-02  3.4087E+00
0000001 3.7504E+03  1.3889E+09 -8.8753E+05  1.4791E+06  1.5151E-02  5.5788E+00
0000001 3.5114E+03  1.4042E+09 -9.1144E+05  1.4256E+06  1.5800E-02  5.3193E+00
0000001 3.1986E+03  1.4234E+09 -8.7396E+05  1.3826E+06  1.6742E-02  1.2358E+02
0000001 2.8934E+03  1.4411E+09 -7.5176E+05  1.0253E+06  1.7776E-02  4.4757E+00
0000001 2.5981E+03  1.4575E+09 -6.3398E+05  6.8643E+05  1.8898E-02  5.1625E+00
0000001 2.3236E+03  1.4725E+09 -5.3593E+05  2.9803E+05  2.0063E-02  7.9881E+00
0000001 2.0532E+03  1.4862E+09 -4.1707E+05 -1.2325E+05  2.1330E-02  3.1353E+00
0000001 1.7030E+03  1.5014E+09 -5.2618E+05 -6.1875E+05  2.3126E-02  5.5046E+00
0000001 1.4511E+03  1.5120E+09 -7.6278E+05 -1.1118E+06  2.4471E-02  1.0019E+01
0000001 1.1587E+03  1.5235E+09 -9.7662E+05 -1.5983E+06  2.5919E-02  4.0188E+01
0000001 8.5425E+02  1.5348E+09 -1.3871E+06 -2.3144E+06  2.6842E-02  4.5154E+00
0000001 5.7646E+02  1.5449E+09 -1.8534E+06 -3.5073E+06  2.6215E-02  1.0707E+01
0000001 2.8204E+02  1.5566E+09 -2.4097E+06 -5.2028E+06  2.1696E-02  1.5612E+01
0000001 0.0000E+00  1.5774E+09 -2.9510E+06 -8.4641E+06  0.0000E+00  4.6639E-01
