Calc. Date= 04-27-2023. Time= 13:53:58
============================== SRIM-2013.00 ==============================
 =====================================================================
 =                   Ion Energy vs Position File                     =
 =====================================================================
 =   AXIS DEFINITIONS: X=Depth. Y.Z= Lateral plane of target surface.=
 =   (If beam enters target at an angle. this tilt is in Y direction)=
 =   Shown are: Ion Number. Energy (keV). X. Y. Z Position           =
 ==================  CALCULATION   DATA  =============================
  Ion Data: Name. Mass.   Energy . Energy Interval
           Ca     040.00  800000keV    15686274eV
 =====================================================================
Ion       Energy     Depth (X)     Y           Z       Electronic   Energy Lost to
Number    (keV)    (Angstrom)  (Angstrom)  (Angstrom)  Stop.(eV/A)  Last Recoil(eV)
------- ----------- ---------- ----------- ----------- -----------  ---------------
0000001 8.0000E+05  0.0000E+00  0.0000E+00  0.0000E+00  1.3515E-01  0.0000E+00
0000001 7.8411E+05  1.1305E+08 -5.5521E+04  3.5029E+04  1.3712E-01  7.4987E+02
0000001 7.6844E+05  2.2727E+08 -1.5564E+05  1.3592E+05  1.3912E-01  3.0639E+00
0000001 7.5293E+05  3.3982E+08 -6.6833E+04  2.1758E+05  1.4117E-01  1.1103E+01
0000001 7.3721E+05  4.5071E+08  1.5488E+05  4.1367E+05  1.4331E-01  9.4443E+01
0000001 7.2149E+05  5.6159E+08  3.9815E+05  6.1719E+05  1.4551E-01  8.2545E+00
0000001 7.0585E+05  6.6577E+08  5.2753E+05  1.0079E+06  1.4777E-01  3.9869E+00
0000001 6.9011E+05  7.7155E+08  6.6304E+05  1.3080E+06  1.5012E-01  5.4917E+02
0000001 6.7433E+05  8.7562E+08  7.2616E+05  1.5481E+06  1.5255E-01  5.2051E+00
0000001 6.5869E+05  9.7952E+08  8.6294E+05  1.8175E+06  1.5503E-01  3.9058E+00
0000001 6.4302E+05  1.0801E+09  1.1177E+06  1.9901E+06  1.5759E-01  1.4257E+01
0000001 6.2729E+05  1.1790E+09  1.4475E+06  2.1525E+06  1.6024E-01  2.1820E+01
0000001 6.1157E+05  1.2761E+09  1.8320E+06  2.3033E+06  1.6297E-01  2.3747E+01
0000001 5.9608E+05  1.3729E+09  2.3439E+06  2.4920E+06  1.6576E-01  5.0089E+00
0000001 5.8026E+05  1.4664E+09  2.9013E+06  2.4748E+06  1.6870E-01  4.0668E+00
0000001 5.6451E+05  1.5582E+09  3.8045E+06  2.1368E+06  1.7172E-01  6.6790E+00
0000001 5.4899E+05  1.6496E+09  4.6954E+06  1.6775E+06  1.7481E-01  8.0846E+01
0000001 5.3316E+05  1.7432E+09  5.6166E+06  1.2264E+06  1.7807E-01  3.0912E+01
0000001 5.1746E+05  1.8308E+09  6.5231E+06  7.5842E+05  1.8143E-01  8.6825E+00
0000001 5.0181E+05  1.9167E+09  7.3379E+06  2.7850E+05  1.8490E-01  2.8389E+01
0000001 4.8607E+05  1.9993E+09  8.0681E+06 -1.4709E+05  1.8853E-01  8.2799E+00
0000001 4.7043E+05  2.0814E+09  8.7538E+06 -5.8668E+05  1.9228E-01  4.8102E+00
0000001 4.5490E+05  2.1628E+09  9.5528E+06 -1.0302E+06  1.9617E-01  3.6915E+00
0000001 4.3897E+05  2.2434E+09  1.0468E+07 -1.4889E+06  2.0034E-01  6.3927E+00
0000001 4.2348E+05  2.3185E+09  1.1343E+07 -1.8938E+06  2.0458E-01  8.5771E+00
0000001 4.0772E+05  2.3940E+09  1.2123E+07 -2.3250E+06  2.0911E-01  4.7558E+01
0000001 3.9207E+05  2.4686E+09  1.2948E+07 -2.9912E+06  2.1383E-01  5.0241E+00
0000001 3.7644E+05  2.5411E+09  1.3665E+07 -3.7514E+06  2.1881E-01  5.6263E+00
0000001 3.6072E+05  2.6116E+09  1.4333E+07 -4.5512E+06  2.2410E-01  5.4769E+01
0000001 3.4497E+05  2.6799E+09  1.5009E+07 -5.3870E+06  2.2971E-01  9.5488E+01
0000001 3.2933E+05  2.7472E+09  1.5688E+07 -6.1267E+06  2.3564E-01  2.1274E+01
0000001 3.1353E+05  2.8132E+09  1.6253E+07 -6.7286E+06  2.4202E-01  7.2554E+00
0000001 2.9796E+05  2.8760E+09  1.6732E+07 -7.3344E+06  2.4874E-01  8.6628E+00
0000001 2.8227E+05  2.9384E+09  1.7112E+07 -7.9897E+06  2.5601E-01  4.2297E+00
0000001 2.6661E+05  2.9985E+09  1.7350E+07 -8.5681E+06  2.6381E-01  7.0842E+00
0000001 2.5081E+05  3.0578E+09  1.7545E+07 -9.0779E+06  2.7229E-01  1.4671E+01
0000001 2.3525E+05  3.1132E+09  1.7686E+07 -9.5302E+06  2.8134E-01  1.3918E+02
0000001 2.1948E+05  3.1683E+09  1.7788E+07 -9.9725E+06  2.9126E-01  1.4002E+01
0000001 2.0387E+05  3.2208E+09  1.7916E+07 -1.0492E+07  3.0195E-01  3.9406E+01
0000001 1.8814E+05  3.2714E+09  1.7932E+07 -1.0956E+07  3.1365E-01  5.3287E+00
0000001 1.7250E+05  3.3205E+09  1.7901E+07 -1.1452E+07  3.2629E-01  4.9897E+00
0000001 1.5671E+05  3.3686E+09  1.7836E+07 -1.1960E+07  3.4013E-01  7.9934E+01
0000001 1.4100E+05  3.4141E+09  1.7752E+07 -1.2508E+07  3.5499E-01  6.5620E+00
0000001 1.2540E+05  3.4570E+09  1.7734E+07 -1.3141E+07  3.7073E-01  3.8164E+02
0000001 1.0964E+05  3.4984E+09  1.7904E+07 -1.3903E+07  3.8739E-01  8.0521E+01
0000001 9.4087E+04  3.5380E+09  1.8074E+07 -1.4815E+07  4.0494E-01  4.7502E+00
0000001 7.8318E+04  3.5763E+09  1.8067E+07 -1.5622E+07  4.2112E-01  5.5969E+00
0000001 6.2634E+04  3.6129E+09  1.7997E+07 -1.6398E+07  4.3680E-01  1.0022E+01
0000001 4.6944E+04  3.6483E+09  1.7818E+07 -1.7004E+07  4.4630E-01  1.5150E+01
0000001 3.1332E+04  3.6831E+09  1.8089E+07 -1.7939E+07  4.4106E-01  1.6732E+01
0000001 1.5618E+04  3.7203E+09  1.8694E+07 -1.9189E+07  3.9265E-01  3.3772E+02
0000001 0.0000E+00  3.7974E+09  2.2216E+07 -1.4127E+07  0.0000E+00  7.3202E-01
