Calc. Date= 04-04-2023. Time= 13:57:02
============================== SRIM-2013.00 ==============================
 =====================================================================
 =                   Ion Energy vs Position File                     =
 =====================================================================
 =   AXIS DEFINITIONS: X=Depth. Y.Z= Lateral plane of target surface.=
 =   (If beam enters target at an angle. this tilt is in Y direction)=
 =   Shown are: Ion Number. Energy (keV). X. Y. Z Position           =
 ==================  CALCULATION   DATA  =============================
  Ion Data: Name. Mass.   Energy . Energy Interval
           Be     004.00  15000keV    10000eV
 =====================================================================
Ion       Energy     Depth (X)     Y           Z       Electronic   Energy Lost to
Number    (keV)    (Angstrom)  (Angstrom)  (Angstrom)  Stop.(eV/A)  Last Recoil(eV)
------- ----------- ---------- ----------- ----------- -----------  ---------------
0000001 1.5000E+04  0.0000E+00  0.0000E+00  0.0000E+00  2.3096E-02  0.0000E+00
0000001 1.4940E+04  3.0891E+06  1.4616E+03  2.5264E+03  2.3168E-02  1.4930E+00
0000001 1.4819E+04  8.4115E+06  5.7077E+03  1.1369E+04  2.3314E-02  3.1489E+00
0000001 1.4693E+04  1.3699E+07  8.0726E+03  1.5176E+04  2.3467E-02  2.1977E+01
0000001 1.4557E+04  1.8951E+07  2.4380E+04  1.7896E+04  2.3633E-02  6.0780E+00
0000001 1.4448E+04  2.4165E+07  4.0565E+04  1.3254E+04  2.3769E-02  7.9367E+00
0000001 1.4316E+04  2.9347E+07  6.3308E+04  8.6729E+03  2.3934E-02  3.6954E+00
0000001 1.4178E+04  3.4491E+07  8.0759E+04  6.6063E+03  2.4111E-02  3.8529E+00
0000001 1.4067E+04  3.9596E+07  9.2525E+04  6.2378E+03  2.4254E-02  1.3769E+01
0000001 1.3957E+04  4.4669E+07  1.0949E+05  1.5457E+04  2.4398E-02  5.7573E+00
0000001 1.3848E+04  4.9710E+07  1.3036E+05  3.0422E+04  2.4541E-02  6.6498E+00
0000001 1.3724E+04  5.4720E+07  1.5524E+05  5.1623E+04  2.4708E-02  3.1837E+00
0000001 1.3604E+04  5.9694E+07  1.8365E+05  7.4559E+04  2.4870E-02  5.1576E+00
0000001 1.3464E+04  6.4634E+07  2.1422E+05  9.2620E+04  2.5063E-02  2.5063E+00
0000001 1.3348E+04  6.9533E+07  2.4560E+05  1.0703E+05  2.5223E-02  1.5508E+01
0000001 1.3210E+04  7.4398E+07  2.8419E+05  1.1265E+05  2.5419E-02  7.0135E+00
0000001 1.3088E+04  7.9224E+07  3.2817E+05  1.2334E+05  2.5592E-02  3.8003E+00
0000001 1.2950E+04  8.4014E+07  3.7593E+05  1.3573E+05  2.5792E-02  1.8233E+01
0000001 1.2820E+04  8.8764E+07  4.3117E+05  1.4223E+05  2.5984E-02  6.0708E+00
0000001 1.2714E+04  9.3475E+07  4.9161E+05  1.4444E+05  2.6141E-02  5.5620E+00
0000001 1.2600E+04  9.8156E+07  5.5349E+05  1.4013E+05  2.6314E-02  8.4320E+00
0000001 1.2477E+04  1.0280E+08  6.2290E+05  1.3810E+05  2.6500E-02  9.8378E+00
0000001 1.2361E+04  1.0742E+08  6.9699E+05  1.2885E+05  2.6680E-02  1.0057E+02
0000001 1.2230E+04  1.1199E+08  7.6746E+05  1.4796E+05  2.6885E-02  4.6816E+00
0000001 1.2117E+04  1.1653E+08  8.3295E+05  1.6263E+05  2.7064E-02  3.6767E+00
0000001 1.1992E+04  1.2104E+08  9.0077E+05  1.7257E+05  2.7265E-02  4.9417E+00
0000001 1.1859E+04  1.2551E+08  9.6307E+05  1.7863E+05  2.7482E-02  7.4770E+00
0000001 1.1743E+04  1.2994E+08  1.0260E+06  1.7866E+05  2.7673E-02  1.0500E+01
0000001 1.1628E+04  1.3433E+08  1.0874E+06  1.8768E+05  2.7866E-02  5.5157E+00
0000001 1.1522E+04  1.3869E+08  1.1542E+06  1.9949E+05  2.8046E-02  1.0252E+01
0000001 1.1385E+04  1.4302E+08  1.2216E+06  2.2004E+05  2.8280E-02  3.7419E+00
0000001 1.1251E+04  1.4731E+08  1.2889E+06  2.3615E+05  2.8514E-02  3.7572E+02
0000001 1.1122E+04  1.5156E+08  1.4008E+06  2.2362E+05  2.8743E-02  1.1624E+01
0000001 1.0989E+04  1.5577E+08  1.5162E+06  2.1945E+05  2.8982E-02  1.0558E+01
0000001 1.0867E+04  1.5994E+08  1.6390E+06  2.1290E+05  2.9204E-02  1.5077E+01
0000001 1.0751E+04  1.6408E+08  1.7505E+06  2.0892E+05  2.9419E-02  1.2214E+01
0000001 1.0618E+04  1.6818E+08  1.8642E+06  1.9601E+05  2.9668E-02  5.1325E+01
0000001 1.0498E+04  1.7223E+08  1.9907E+06  1.9013E+05  2.9896E-02  1.5553E+01
0000001 1.0367E+04  1.7626E+08  2.1256E+06  1.8895E+05  3.0149E-02  5.8864E+00
0000001 1.0243E+04  1.8024E+08  2.2626E+06  1.8216E+05  3.0392E-02  4.3107E+00
0000001 1.0136E+04  1.8418E+08  2.4032E+06  1.7283E+05  3.0604E-02  5.6720E+00
0000001 1.0029E+04  1.8810E+08  2.5382E+06  1.5897E+05  3.0819E-02  8.4069E+00
0000001 9.9200E+03  1.9198E+08  2.6667E+06  1.5074E+05  3.1041E-02  3.3609E+01
0000001 9.7936E+03  1.9583E+08  2.8014E+06  1.5620E+05  3.1302E-02  5.1117E+00
0000001 9.6771E+03  1.9963E+08  2.9294E+06  1.6445E+05  3.1547E-02  3.5506E+00
0000001 9.5630E+03  2.0341E+08  3.0613E+06  1.7203E+05  3.1804E-02  4.4574E+00
0000001 9.4416E+03  2.0715E+08  3.1929E+06  1.8499E+05  3.2112E-02  1.1998E+03
0000001 9.3221E+03  2.1084E+08  3.3525E+06  2.8395E+05  3.2413E-02  5.8716E+00
0000001 9.1987E+03  2.1451E+08  3.5168E+06  3.8141E+05  3.2721E-02  4.6276E+00
0000001 9.0739E+03  2.1813E+08  3.6752E+06  4.7417E+05  3.3030E-02  3.4596E+00
0000001 8.9586E+03  2.2172E+08  3.8274E+06  5.6411E+05  3.3313E-02  1.3390E+01
0000001 8.8472E+03  2.2527E+08  3.9860E+06  6.4777E+05  3.3584E-02  1.5668E+01
0000001 8.7251E+03  2.2878E+08  4.1505E+06  7.3747E+05  3.3878E-02  1.9851E+01
0000001 8.6055E+03  2.3226E+08  4.3062E+06  8.3518E+05  3.4163E-02  3.9587E+00
0000001 8.4829E+03  2.3570E+08  4.4556E+06  9.3397E+05  3.4451E-02  1.2136E+01
0000001 8.3561E+03  2.3910E+08  4.6017E+06  1.0404E+06  3.4746E-02  8.3865E+00
0000001 8.2358E+03  2.4246E+08  4.7516E+06  1.1437E+06  3.5023E-02  4.3336E+00
0000001 8.1147E+03  2.4579E+08  4.9029E+06  1.2501E+06  3.5297E-02  3.0764E+00
0000001 7.9886E+03  2.4907E+08  5.0559E+06  1.3545E+06  3.5586E-02  2.8396E+01
0000001 7.8616E+03  2.5232E+08  5.2117E+06  1.4451E+06  3.5936E-02  2.2431E+01
0000001 7.7546E+03  2.5553E+08  5.3644E+06  1.5464E+06  3.6237E-02  3.7540E+00
0000001 7.6377E+03  2.5870E+08  5.5108E+06  1.6455E+06  3.6571E-02  1.2530E+01
0000001 7.5163E+03  2.6183E+08  5.6599E+06  1.7510E+06  3.6924E-02  2.8868E+01
0000001 7.4017E+03  2.6493E+08  5.8154E+06  1.8617E+06  3.7262E-02  2.6829E+01
0000001 7.2831E+03  2.6799E+08  5.9790E+06  1.9728E+06  3.7619E-02  3.8379E+00
0000001 7.1567E+03  2.7101E+08  6.1388E+06  2.0859E+06  3.8006E-02  4.5951E+00
0000001 7.0369E+03  2.7399E+08  6.2995E+06  2.1932E+06  3.8379E-02  1.2476E+01
0000001 6.9339E+03  2.7693E+08  6.4496E+06  2.2991E+06  3.8705E-02  6.6416E+00
0000001 6.8311E+03  2.7984E+08  6.5919E+06  2.4047E+06  3.9036E-02  1.9951E+01
0000001 6.7157E+03  2.8272E+08  6.7394E+06  2.5173E+06  3.9414E-02  2.8929E+00
0000001 6.6090E+03  2.8555E+08  6.8817E+06  2.6280E+06  3.9770E-02  4.7715E+00
0000001 6.5053E+03  2.8836E+08  7.0175E+06  2.7392E+06  4.0120E-02  6.3438E+00
0000001 6.3831E+03  2.9113E+08  7.1567E+06  2.8459E+06  4.0542E-02  4.5890E+00
0000001 6.2661E+03  2.9386E+08  7.2958E+06  2.9558E+06  4.0952E-02  3.5035E+00
0000001 6.1512E+03  2.9655E+08  7.4289E+06  3.0657E+06  4.1363E-02  7.0054E+00
0000001 6.0310E+03  2.9920E+08  7.5657E+06  3.1766E+06  4.1801E-02  4.4155E+00
0000001 5.9212E+03  3.0181E+08  7.7052E+06  3.2868E+06  4.2210E-02  5.2840E+01
0000001 5.8052E+03  3.0439E+08  7.8261E+06  3.3978E+06  4.2649E-02  3.8419E+00
0000001 5.6938E+03  3.0693E+08  7.9456E+06  3.5116E+06  4.3079E-02  1.0226E+01
0000001 5.5959E+03  3.0943E+08  8.0578E+06  3.6286E+06  4.3463E-02  5.4569E+02
0000001 5.4950E+03  3.1190E+08  8.1704E+06  3.6909E+06  4.3866E-02  6.3166E+00
0000001 5.3970E+03  3.1433E+08  8.2854E+06  3.7484E+06  4.4265E-02  5.5175E+00
0000001 5.2908E+03  3.1673E+08  8.3943E+06  3.8025E+06  4.4704E-02  6.7699E+00
0000001 5.1800E+03  3.1910E+08  8.4958E+06  3.8548E+06  4.5172E-02  6.6038E+00
0000001 5.0712E+03  3.2143E+08  8.5957E+06  3.9120E+06  4.5640E-02  2.0521E+01
0000001 4.9552E+03  3.2372E+08  8.6969E+06  3.9757E+06  4.6149E-02  2.9335E+00
0000001 4.8506E+03  3.2597E+08  8.7954E+06  4.0355E+06  4.6618E-02  2.8054E+01
0000001 4.7485E+03  3.2819E+08  8.8810E+06  4.0974E+06  4.7085E-02  4.1008E+00
0000001 4.6439E+03  3.3037E+08  8.9641E+06  4.1616E+06  4.7572E-02  1.8214E+02
0000001 4.5492E+03  3.3251E+08  9.0170E+06  4.2296E+06  4.8022E-02  6.4868E+00
0000001 4.4373E+03  3.3463E+08  9.0650E+06  4.2928E+06  4.8564E-02  2.7095E+01
0000001 4.3261E+03  3.3670E+08  9.1135E+06  4.3439E+06  4.9114E-02  6.0372E+00
0000001 4.2326E+03  3.3873E+08  9.1575E+06  4.3978E+06  4.9588E-02  6.4982E+00
0000001 4.1423E+03  3.4073E+08  9.1999E+06  4.4561E+06  5.0052E-02  7.0542E+00
0000001 4.0461E+03  3.4270E+08  9.2447E+06  4.5089E+06  5.0557E-02  3.6210E+00
0000001 3.9425E+03  3.4463E+08  9.2926E+06  4.5596E+06  5.1112E-02  4.7320E+00
0000001 3.8400E+03  3.4653E+08  9.3361E+06  4.6063E+06  5.1674E-02  5.3868E+00
0000001 3.7351E+03  3.4839E+08  9.3814E+06  4.6480E+06  5.2260E-02  5.9085E+01
0000001 3.6488E+03  3.5021E+08  9.4318E+06  4.6779E+06  5.2754E-02  5.2608E+00
0000001 3.5639E+03  3.5200E+08  9.4767E+06  4.7085E+06  5.3247E-02  3.6732E+00
0000001 3.4710E+03  3.5376E+08  9.5193E+06  4.7351E+06  5.3799E-02  4.7075E+02
0000001 3.3874E+03  3.5549E+08  9.5618E+06  4.8049E+06  5.4303E-02  2.3947E+02
0000001 3.2893E+03  3.5718E+08  9.6167E+06  4.8453E+06  5.4909E-02  7.2671E+00
0000001 3.2064E+03  3.5884E+08  9.6695E+06  4.8902E+06  5.5430E-02  1.4007E+01
0000001 3.1189E+03  3.6046E+08  9.7254E+06  4.9281E+06  5.5991E-02  5.5555E+00
0000001 3.0203E+03  3.6206E+08  9.7788E+06  4.9697E+06  5.6636E-02  4.4503E+00
0000001 2.9407E+03  3.6361E+08  9.8345E+06  5.0124E+06  5.7166E-02  1.0212E+01
0000001 2.8498E+03  3.6514E+08  9.8855E+06  5.0594E+06  5.7783E-02  3.2004E+01
0000001 2.7662E+03  3.6663E+08  9.9276E+06  5.0975E+06  5.8361E-02  5.4114E+00
0000001 2.6843E+03  3.6808E+08  9.9703E+06  5.1390E+06  5.8936E-02  3.3265E+01
0000001 2.5970E+03  3.6951E+08  1.0007E+07  5.1700E+06  5.9558E-02  2.0075E+01
0000001 2.5081E+03  3.7090E+08  1.0035E+07  5.1967E+06  6.0203E-02  1.5161E+02
0000001 2.4258E+03  3.7226E+08  1.0073E+07  5.2022E+06  6.0807E-02  5.3408E+00
0000001 2.3494E+03  3.7359E+08  1.0107E+07  5.2047E+06  6.1374E-02  5.4835E+00
0000001 2.2684E+03  3.7488E+08  1.0135E+07  5.2062E+06  6.1981E-02  9.4935E+00
0000001 2.1926E+03  3.7614E+08  1.0163E+07  5.2132E+06  6.2552E-02  5.3099E+00
0000001 2.1219E+03  3.7737E+08  1.0186E+07  5.2196E+06  6.3087E-02  4.0666E+00
0000001 2.0536E+03  3.7858E+08  1.0210E+07  5.2225E+06  6.3603E-02  4.0898E+00
0000001 1.9772E+03  3.7975E+08  1.0232E+07  5.2222E+06  6.4177E-02  8.4855E+00
0000001 1.8969E+03  3.8089E+08  1.0258E+07  5.2245E+06  6.4774E-02  4.5700E+00
0000001 1.8214E+03  3.8200E+08  1.0280E+07  5.2275E+06  6.5324E-02  5.5280E+00
0000001 1.7452E+03  3.8308E+08  1.0304E+07  5.2325E+06  6.5863E-02  1.2275E+01
0000001 1.6727E+03  3.8412E+08  1.0324E+07  5.2328E+06  6.6354E-02  2.3259E+02
0000001 1.6125E+03  3.8514E+08  1.0323E+07  5.2161E+06  6.6742E-02  2.4040E+01
0000001 1.5466E+03  3.8612E+08  1.0331E+07  5.1990E+06  6.7137E-02  8.1079E+00
0000001 1.4750E+03  3.8708E+08  1.0335E+07  5.1789E+06  6.7527E-02  6.2310E+00
0000001 1.4141E+03  3.8801E+08  1.0338E+07  5.1556E+06  6.7815E-02  5.7309E+00
0000001 1.3505E+03  3.8891E+08  1.0344E+07  5.1319E+06  6.8065E-02  7.4769E+00
0000001 1.2940E+03  3.8978E+08  1.0354E+07  5.1075E+06  6.8233E-02  4.9770E+00
0000001 1.2432E+03  3.9062E+08  1.0360E+07  5.0828E+06  6.8332E-02  1.6783E+02
0000001 1.1844E+03  3.9144E+08  1.0385E+07  5.0493E+06  6.8376E-02  2.8340E+01
0000001 1.1356E+03  3.9224E+08  1.0407E+07  5.0251E+06  6.8344E-02  8.6154E+00
0000001 1.0798E+03  3.9301E+08  1.0424E+07  4.9986E+06  6.8218E-02  3.4996E+01
0000001 1.0240E+03  3.9375E+08  1.0438E+07  4.9644E+06  6.7981E-02  2.8405E+01
0000001 9.7339E+02  3.9447E+08  1.0459E+07  4.9336E+06  6.7654E-02  1.7173E+01
0000001 9.2281E+02  3.9516E+08  1.0478E+07  4.8977E+06  6.7204E-02  9.7168E+00
0000001 8.7847E+02  3.9582E+08  1.0501E+07  4.8602E+06  6.6694E-02  1.5513E+01
0000001 8.3332E+02  3.9647E+08  1.0516E+07  4.8232E+06  6.6049E-02  1.3230E+01
0000001 7.8897E+02  3.9709E+08  1.0526E+07  4.7879E+06  6.5275E-02  2.2738E+01
0000001 7.4624E+02  3.9769E+08  1.0542E+07  4.7562E+06  6.4380E-02  1.4265E+01
0000001 7.0658E+02  3.9826E+08  1.0556E+07  4.7203E+06  6.3405E-02  5.3278E+00
0000001 6.6908E+02  3.9882E+08  1.0568E+07  4.6827E+06  6.2342E-02  6.2638E+00
0000001 6.4082E+02  3.9935E+08  1.0581E+07  4.6498E+06  6.1439E-02  1.0545E+01
0000001 6.0479E+02  3.9987E+08  1.0597E+07  4.6209E+06  6.0154E-02  3.9354E+01
0000001 5.7205E+02  4.0037E+08  1.0613E+07  4.6019E+06  5.8842E-02  6.6094E+01
0000001 5.4848E+02  4.0086E+08  1.0627E+07  4.5947E+06  5.7808E-02  4.4988E+00
0000001 5.2555E+02  4.0132E+08  1.0643E+07  4.5865E+06  5.6723E-02  8.1692E+00
0000001 4.9579E+02  4.0178E+08  1.0660E+07  4.5749E+06  5.5197E-02  2.6510E+01
0000001 4.6988E+02  4.0222E+08  1.0673E+07  4.5687E+06  5.3748E-02  1.6062E+02
0000001 4.4630E+02  4.0264E+08  1.0670E+07  4.5671E+06  5.2331E-02  7.8898E+00
0000001 4.2659E+02  4.0305E+08  1.0664E+07  4.5679E+06  5.1069E-02  1.1611E+02
0000001 4.0512E+02  4.0345E+08  1.0666E+07  4.5568E+06  4.9612E-02  4.8217E+00
0000001 3.8767E+02  4.0383E+08  1.0667E+07  4.5487E+06  4.8362E-02  1.1821E+01
0000001 3.7262E+02  4.0420E+08  1.0669E+07  4.5452E+06  4.7232E-02  1.7836E+01
0000001 3.5284E+02  4.0457E+08  1.0666E+07  4.5381E+06  4.5679E-02  5.3062E+00
0000001 3.3281E+02  4.0492E+08  1.0665E+07  4.5284E+06  4.4022E-02  5.6602E+00
0000001 3.1869E+02  4.0525E+08  1.0664E+07  4.5160E+06  4.2802E-02  3.0959E+02
0000001 3.0263E+02  4.0558E+08  1.0662E+07  4.4818E+06  4.1361E-02  1.6334E+01
0000001 2.9031E+02  4.0590E+08  1.0660E+07  4.4537E+06  4.0216E-02  4.6742E+00
0000001 2.8027E+02  4.0621E+08  1.0656E+07  4.4247E+06  3.9257E-02  1.0110E+01
0000001 2.7256E+02  4.0651E+08  1.0655E+07  4.3948E+06  3.8507E-02  7.9496E+01
0000001 2.6451E+02  4.0680E+08  1.0647E+07  4.3575E+06  3.7710E-02  6.4074E+00
0000001 2.5232E+02  4.0709E+08  1.0639E+07  4.3186E+06  3.6473E-02  1.8139E+01
0000001 2.4250E+02  4.0737E+08  1.0629E+07  4.2758E+06  3.5454E-02  3.9779E+00
0000001 2.3241E+02  4.0764E+08  1.0620E+07  4.2322E+06  3.4385E-02  4.9913E+00
0000001 2.2225E+02  4.0791E+08  1.0612E+07  4.1875E+06  3.3285E-02  6.7741E+00
0000001 2.1261E+02  4.0816E+08  1.0604E+07  4.1461E+06  3.2222E-02  4.9216E+00
0000001 2.0234E+02  4.0841E+08  1.0597E+07  4.1076E+06  3.1069E-02  4.9791E+00
0000001 1.9166E+02  4.0866E+08  1.0593E+07  4.0690E+06  2.9849E-02  7.1842E+00
0000001 1.8457E+02  4.0889E+08  1.0586E+07  4.0330E+06  2.9026E-02  4.0395E+01
0000001 1.7697E+02  4.0912E+08  1.0577E+07  4.0048E+06  2.8136E-02  9.0859E+00
0000001 1.6347E+02  4.0957E+08  1.0558E+07  3.9453E+06  2.6532E-02  1.5006E+01
0000001 1.5646E+02  4.0978E+08  1.0553E+07  3.9198E+06  2.5689E-02  7.6432E+01
0000001 1.4232E+02  4.1040E+08  1.0552E+07  3.8456E+06  2.3976E-02  8.5475E+00
0000001 1.3659E+02  4.1079E+08  1.0541E+07  3.7993E+06  2.3277E-02  5.7013E+00
0000001 1.2905E+02  4.1098E+08  1.0537E+07  3.7822E+06  2.2355E-02  6.4758E+00
0000001 1.1751E+02  4.1135E+08  1.0536E+07  3.7554E+06  2.0949E-02  5.0649E+00
0000001 1.0866E+02  4.1169E+08  1.0536E+07  3.7247E+06  1.9876E-02  2.5849E+01
0000001 9.5121E+01  4.1218E+08  1.0537E+07  3.6794E+06  1.8264E-02  2.5996E+01
0000001 8.7615E+01  4.1264E+08  1.0530E+07  3.6208E+06  1.7392E-02  4.3281E+01
0000001 7.8770E+01  4.1322E+08  1.0519E+07  3.5283E+06  1.6394E-02  6.1538E+00
0000001 6.7881E+01  4.1375E+08  1.0566E+07  3.4787E+06  1.5218E-02  8.1337E+00
0000001 5.9245E+01  4.1412E+08  1.0612E+07  3.4518E+06  1.4328E-02  7.7511E+00
0000001 4.9943E+01  4.1456E+08  1.0687E+07  3.4233E+06  1.3391E-02  7.0491E+00
0000001 3.9627E+01  4.1622E+08  1.1401E+07  3.3226E+06  1.2301E-02  7.7930E+00
0000001 2.9136E+01  4.1678E+08  1.1651E+07  3.2732E+06  1.0919E-02  2.1002E+01
0000001 1.9324E+01  4.1776E+08  1.2029E+07  3.3170E+06  8.9160E-03  7.4858E+00
0000001 9.7532E+00  4.1829E+08  1.2276E+07  3.5341E+06  6.1415E-03  6.6689E+00
0000001 0.0000E+00  4.1738E+08  1.2722E+07  3.7702E+06  0.0000E+00  4.4076E-01
