Calc. Date= 04-27-2023. Time= 14:01:29
============================== SRIM-2013.00 ==============================
 =====================================================================
 =                   Ion Energy vs Position File                     =
 =====================================================================
 =   AXIS DEFINITIONS: X=Depth. Y.Z= Lateral plane of target surface.=
 =   (If beam enters target at an angle. this tilt is in Y direction)=
 =   Shown are: Ion Number. Energy (keV). X. Y. Z Position           =
 ==================  CALCULATION   DATA  =============================
  Ion Data: Name. Mass.   Energy . Energy Interval
           Ca     040.00  600000keV    11764705eV
 =====================================================================
Ion       Energy     Depth (X)     Y           Z       Electronic   Energy Lost to
Number    (keV)    (Angstrom)  (Angstrom)  (Angstrom)  Stop.(eV/A)  Last Recoil(eV)
------- ----------- ---------- ----------- ----------- -----------  ---------------
0000001 6.0000E+05  0.0000E+00  0.0000E+00  0.0000E+00  1.6504E-01  0.0000E+00
0000001 5.8812E+05  7.1520E+07 -2.6028E+04 -5.5443E+04  1.6722E-01  4.0755E+00
0000001 5.7636E+05  1.4012E+08 -3.9432E+04 -9.7527E+04  1.6944E-01  6.7441E+00
0000001 5.6454E+05  2.0914E+08 -1.6252E+05 -1.9116E+05  1.7172E-01  3.0639E+01
0000001 5.5282E+05  2.7715E+08 -3.2013E+05 -3.3031E+05  1.7404E-01  3.4934E+01
0000001 5.4112E+05  3.4551E+08 -5.0667E+05 -4.4357E+05  1.7642E-01  4.1909E+00
0000001 5.2925E+05  4.1147E+08 -7.0697E+05 -4.7966E+05  1.7890E-01  1.8579E+01
0000001 5.1746E+05  4.7773E+08 -9.0248E+05 -5.4743E+05  1.8143E-01  4.2813E+01
0000001 5.0574E+05  5.4292E+08 -1.1069E+06 -6.1457E+05  1.8402E-01  3.9838E+01
0000001 4.9393E+05  6.0833E+08 -1.3442E+06 -7.2082E+05  1.8670E-01  5.7320E+00
0000001 4.8215E+05  6.7140E+08 -1.5126E+06 -8.5828E+05  1.8945E-01  9.9507E+00
0000001 4.7047E+05  7.3338E+08 -1.6431E+06 -9.7606E+05  1.9227E-01  8.5755E+00
0000001 4.5876E+05  7.9429E+08 -1.7771E+06 -1.0595E+06  1.9519E-01  4.9994E+00
0000001 4.4700E+05  8.5293E+08 -1.8914E+06 -1.2124E+06  1.9821E-01  4.5611E+00
0000001 4.3521E+05  9.1283E+08 -1.9610E+06 -1.4137E+06  2.0135E-01  4.0067E+00
0000001 4.2333E+05  9.7276E+08 -2.0665E+06 -1.6112E+06  2.0462E-01  7.7342E+00
0000001 4.1175E+05  1.0293E+09 -2.1536E+06 -1.8075E+06  2.0793E-01  7.6444E+00
0000001 3.9981E+05  1.0858E+09 -2.2026E+06 -1.9763E+06  2.1146E-01  1.9696E+01
0000001 3.8815E+05  1.1411E+09 -2.2052E+06 -2.1615E+06  2.1506E-01  2.9101E+02
0000001 3.7634E+05  1.1943E+09 -2.1455E+06 -2.1344E+06  2.1884E-01  4.9541E+00
0000001 3.6462E+05  1.2473E+09 -2.1587E+06 -2.1776E+06  2.2276E-01  6.6454E+00
0000001 3.5280E+05  1.2992E+09 -2.2148E+06 -2.3087E+06  2.2688E-01  3.1075E+02
0000001 3.4102E+05  1.3509E+09 -2.3476E+06 -2.5009E+06  2.3117E-01  4.9511E+01
0000001 3.2931E+05  1.4004E+09 -2.4804E+06 -2.8164E+06  2.3565E-01  4.1694E+00
0000001 3.1753E+05  1.4505E+09 -2.6152E+06 -3.2546E+06  2.4037E-01  4.7171E+00
0000001 3.0586E+05  1.4976E+09 -2.7390E+06 -3.7125E+06  2.4528E-01  2.3821E+02
0000001 2.9411E+05  1.5453E+09 -2.8681E+06 -4.1440E+06  2.5048E-01  1.7147E+01
0000001 2.8224E+05  1.5925E+09 -3.0423E+06 -4.5246E+06  2.5602E-01  1.2509E+01
0000001 2.7054E+05  1.6384E+09 -3.2174E+06 -4.6940E+06  2.6180E-01  4.8759E+00
0000001 2.5882E+05  1.6822E+09 -3.3611E+06 -4.7879E+06  2.6791E-01  2.4930E+01
0000001 2.4698E+05  1.7262E+09 -3.4846E+06 -4.7650E+06  2.7445E-01  5.2776E+00
0000001 2.3522E+05  1.7681E+09 -3.5309E+06 -4.7422E+06  2.8135E-01  5.8685E+00
0000001 2.2334E+05  1.8108E+09 -3.5458E+06 -4.7798E+06  2.8876E-01  1.0854E+01
0000001 2.1172E+05  1.8505E+09 -3.5403E+06 -4.8470E+06  2.9647E-01  4.4156E+00
0000001 1.9994E+05  1.8896E+09 -3.4780E+06 -4.8855E+06  3.0478E-01  7.0721E+00
0000001 1.8820E+05  1.9271E+09 -3.4159E+06 -4.8842E+06  3.1360E-01  1.4479E+01
0000001 1.7626E+05  1.9656E+09 -3.3031E+06 -4.8282E+06  3.2315E-01  4.0742E+00
0000001 1.6462E+05  2.0019E+09 -3.2127E+06 -4.6685E+06  3.3305E-01  7.8487E+00
0000001 1.5277E+05  2.0371E+09 -3.1208E+06 -4.4446E+06  3.4376E-01  1.3771E+01
0000001 1.4111E+05  2.0705E+09 -3.0967E+06 -4.2912E+06  3.5488E-01  1.0058E+02
0000001 1.2938E+05  2.1033E+09 -3.0347E+06 -4.0982E+06  3.6662E-01  1.4627E+01
0000001 1.1762E+05  2.1346E+09 -3.0453E+06 -3.9104E+06  3.7888E-01  1.2697E+01
0000001 1.0585E+05  2.1654E+09 -3.0472E+06 -3.7064E+06  3.9146E-01  6.5547E+01
0000001 9.4017E+04  2.1950E+09 -2.9600E+06 -3.4324E+06  4.0504E-01  3.6247E+01
0000001 8.2331E+04  2.2235E+09 -2.9706E+06 -3.1173E+06  4.1787E-01  1.0284E+01
0000001 7.0486E+04  2.2517E+09 -2.9655E+06 -2.7019E+06  4.2941E-01  1.2775E+01
0000001 5.8820E+04  2.2787E+09 -2.7474E+06 -2.2513E+06  4.3990E-01  2.2299E+01
0000001 4.7037E+04  2.3056E+09 -2.4499E+06 -1.8227E+06  4.4628E-01  7.0555E+00
0000001 3.5210E+04  2.3318E+09 -2.2066E+06 -1.3471E+06  4.4456E-01  2.8311E+02
0000001 2.3523E+04  2.3585E+09 -1.9588E+06 -5.3108E+05  4.2661E-01  4.1989E+00
0000001 1.1742E+04  2.3874E+09 -1.5389E+06  1.0193E+06  3.5982E-01  1.1796E+01
0000001 0.0000E+00  2.4524E+09  6.7010E+06  1.0039E+07  0.0000E+00  3.6526E-01
