Calc. Date= 04-27-2023. Time= 14:43:07
============================== SRIM-2013.00 ==============================
 =====================================================================
 =                   Ion Energy vs Position File                     =
 =====================================================================
 =   AXIS DEFINITIONS: X=Depth. Y.Z= Lateral plane of target surface.=
 =   (If beam enters target at an angle. this tilt is in Y direction)=
 =   Shown are: Ion Number. Energy (keV). X. Y. Z Position           =
 ==================  CALCULATION   DATA  =============================
  Ion Data: Name. Mass.   Energy . Energy Interval
           Ca     040.00  799000keV    15666666eV
 =====================================================================
Ion       Energy     Depth (X)     Y           Z       Electronic   Energy Lost to
Number    (keV)    (Angstrom)  (Angstrom)  (Angstrom)  Stop.(eV/A)  Last Recoil(eV)
------- ----------- ---------- ----------- ----------- -----------  ---------------
0000001 7.9900E+05  0.0000E+00  0.0000E+00  0.0000E+00  1.3527E-01  0.0000E+00
0000001 7.8328E+05  1.1321E+08 -1.3566E+05  4.4628E+04  1.3722E-01  4.6221E+00
0000001 7.6752E+05  2.2383E+08 -3.2695E+05  1.9344E+04  1.3924E-01  7.7332E+00
0000001 7.5191E+05  3.3455E+08 -5.2352E+05 -7.4993E+04  1.4131E-01  5.8957E+00
0000001 7.3614E+05  4.4874E+08 -7.1939E+05 -1.5250E+05  1.4345E-01  4.2738E+00
0000001 7.2057E+05  5.5616E+08 -7.3498E+05 -2.2121E+05  1.4564E-01  6.5535E+00
0000001 7.0481E+05  6.6354E+08 -6.6630E+05 -3.0338E+05  1.4793E-01  4.8535E+00
0000001 6.8927E+05  7.7085E+08 -5.9421E+05 -3.7828E+05  1.5025E-01  6.1289E+00
0000001 6.7353E+05  8.7644E+08 -5.0471E+05 -4.0967E+05  1.5267E-01  1.1338E+01
0000001 6.5778E+05  9.7709E+08 -4.3217E+05 -3.2532E+05  1.5517E-01  4.6483E+00
0000001 6.4213E+05  1.0776E+09 -3.3075E+05 -2.0073E+05  1.5774E-01  2.7717E+00
0000001 6.2653E+05  1.1779E+09 -2.6117E+05 -1.0730E+05  1.6037E-01  1.1166E+01
0000001 6.1078E+05  1.2764E+09 -3.4359E+05 -1.8187E+05  1.6311E-01  9.4325E+00
0000001 5.9526E+05  1.3702E+09 -7.0557E+05 -3.3090E+05  1.6591E-01  1.3026E+01
0000001 5.7953E+05  1.4651E+09 -1.2065E+06 -4.9791E+05  1.6884E-01  8.0516E+00
0000001 5.6395E+05  1.5554E+09 -1.5954E+06 -7.6547E+05  1.7183E-01  2.0911E+01
0000001 5.4829E+05  1.6453E+09 -1.8582E+06 -1.0298E+06  1.7496E-01  6.4855E+00
0000001 5.3266E+05  1.7334E+09 -2.1204E+06 -1.4780E+06  1.7818E-01  5.1477E+00
0000001 5.1688E+05  1.8210E+09 -2.4554E+06 -1.9966E+06  1.8155E-01  2.3200E+01
0000001 5.0112E+05  1.9042E+09 -2.8563E+06 -2.4980E+06  1.8505E-01  1.2218E+01
0000001 4.8551E+05  1.9881E+09 -3.3086E+06 -3.0715E+06  1.8866E-01  1.9055E+01
0000001 4.6996E+05  2.0713E+09 -3.9126E+06 -3.7074E+06  1.9240E-01  8.1939E+00
0000001 4.5415E+05  2.1526E+09 -4.5756E+06 -4.3531E+06  1.9636E-01  4.0406E+01
0000001 4.3850E+05  2.2308E+09 -5.2114E+06 -5.0691E+06  2.0046E-01  4.8112E+00
0000001 4.2290E+05  2.3058E+09 -5.5478E+06 -5.7114E+06  2.0474E-01  3.7971E+00
0000001 4.0721E+05  2.3824E+09 -5.7065E+06 -6.1603E+06  2.0926E-01  4.1413E+00
0000001 3.9160E+05  2.4558E+09 -5.7613E+06 -6.4469E+06  2.1398E-01  4.0152E+00
0000001 3.7584E+05  2.5315E+09 -5.7901E+06 -6.6343E+06  2.1901E-01  5.7934E+00
0000001 3.6022E+05  2.6019E+09 -5.7947E+06 -6.7261E+06  2.2427E-01  2.9685E+00
0000001 3.4451E+05  2.6722E+09 -5.7421E+06 -6.7448E+06  2.2988E-01  2.9441E+01
0000001 3.2884E+05  2.7393E+09 -5.6012E+06 -6.6558E+06  2.3583E-01  6.1638E+00
0000001 3.1320E+05  2.8044E+09 -5.3888E+06 -6.5160E+06  2.4216E-01  1.8025E+01
0000001 2.9755E+05  2.8672E+09 -5.1797E+06 -6.3031E+06  2.4892E-01  5.7827E+00
0000001 2.8197E+05  2.9295E+09 -4.9277E+06 -6.0661E+06  2.5615E-01  8.5577E+00
0000001 2.6625E+05  2.9904E+09 -4.9711E+06 -6.0222E+06  2.6399E-01  9.0263E+00
0000001 2.5049E+05  3.0497E+09 -5.1234E+06 -5.9792E+06  2.7248E-01  6.5417E+00
0000001 2.3493E+05  3.1057E+09 -5.3260E+06 -5.8998E+06  2.8153E-01  7.5302E+00
0000001 2.1919E+05  3.1601E+09 -5.5956E+06 -5.9510E+06  2.9145E-01  1.1475E+01
0000001 2.0363E+05  3.2126E+09 -5.8550E+06 -6.4360E+06  3.0212E-01  5.6224E+00
0000001 1.8784E+05  3.2631E+09 -6.1455E+06 -7.1199E+06  3.1389E-01  3.0563E+01
0000001 1.7224E+05  3.3109E+09 -6.4343E+06 -7.8514E+06  3.2651E-01  6.6900E+00
0000001 1.5651E+05  3.3571E+09 -6.6431E+06 -8.7952E+06  3.4031E-01  3.2468E+01
0000001 1.4091E+05  3.4020E+09 -6.9596E+06 -9.8503E+06  3.5507E-01  1.5542E+02
0000001 1.2533E+05  3.4443E+09 -7.2761E+06 -1.0990E+07  3.7080E-01  3.7434E+01
0000001 1.0959E+05  3.4858E+09 -7.6408E+06 -1.2066E+07  3.8744E-01  4.6841E+00
0000001 9.3953E+04  3.5253E+09 -7.7938E+06 -1.3081E+07  4.0514E-01  1.3104E+01
0000001 7.8265E+04  3.5636E+09 -7.9982E+06 -1.3918E+07  4.2118E-01  1.4229E+01
0000001 6.2658E+04  3.6001E+09 -8.4132E+06 -1.4857E+07  4.3678E-01  1.1625E+01
0000001 4.6932E+04  3.6355E+09 -9.3788E+06 -1.5774E+07  4.4631E-01  1.4769E+01
0000001 3.1270E+04  3.6705E+09 -1.0803E+07 -1.6542E+07  4.4099E-01  1.0982E+01
0000001 1.5645E+04  3.7065E+09 -1.1729E+07 -1.7203E+07  3.9282E-01  2.8812E+01
0000001 0.0000E+00  3.7838E+09 -1.1111E+07 -1.0987E+07  0.0000E+00  2.0499E+00
