Calc. Date= 04-27-2023. Time= 14:39:17
============================== SRIM-2013.00 ==============================
 =====================================================================
 =                   Ion Energy vs Position File                     =
 =====================================================================
 =   AXIS DEFINITIONS: X=Depth. Y.Z= Lateral plane of target surface.=
 =   (If beam enters target at an angle. this tilt is in Y direction)=
 =   Shown are: Ion Number. Energy (keV). X. Y. Z Position           =
 ==================  CALCULATION   DATA  =============================
  Ion Data: Name. Mass.   Energy . Energy Interval
           Sr     080.00  1200000keV    23529411eV
 =====================================================================
Ion       Energy     Depth (X)     Y           Z       Electronic   Energy Lost to
Number    (keV)    (Angstrom)  (Angstrom)  (Angstrom)  Stop.(eV/A)  Last Recoil(eV)
------- ----------- ---------- ----------- ----------- -----------  ---------------
0000001 1.2000E+06  0.0000E+00  0.0000E+00  0.0000E+00  5.1093E-01  0.0000E+00
0000001 1.1761E+06  4.5970E+07  1.2588E+04  1.7333E+04  5.1664E-01  2.7303E+01
0000001 1.1528E+06  9.1817E+07  3.9381E+04  6.9313E+04  5.2233E-01  1.7401E+01
0000001 1.1292E+06  1.3768E+08  7.5746E+04  1.4597E+05  5.2818E-01  1.1262E+01
0000001 1.1057E+06  1.8292E+08  1.1678E+05  2.1366E+05  5.3411E-01  1.6291E+01
0000001 1.0822E+06  2.2634E+08  1.6045E+05  2.7395E+05  5.4016E-01  1.0612E+02
0000001 1.0586E+06  2.6914E+08  2.2540E+05  1.1266E+05  5.4634E-01  7.0546E+02
0000001 1.0352E+06  3.1192E+08  2.1518E+05 -6.9670E+04  5.5260E-01  4.7979E+01
0000001 1.0117E+06  3.5351E+08  1.9385E+05 -2.6326E+05  5.5897E-01  6.3706E+00
0000001 9.8795E+05  3.9504E+08  1.5537E+05 -4.8751E+05  5.6557E-01  6.4574E+00
0000001 9.6465E+05  4.3594E+08  1.1491E+05 -6.9775E+05  5.7216E-01  4.4072E+01
0000001 9.4105E+05  4.7731E+08  5.9110E+04 -8.9810E+05  5.7897E-01  3.4532E+02
0000001 9.1761E+05  5.1747E+08 -1.1794E+03 -1.1525E+06  5.8587E-01  6.8949E+01
0000001 8.9399E+05  5.5804E+08 -3.1578E+04 -1.4166E+06  5.9297E-01  2.1271E+01
0000001 8.7052E+05  5.9794E+08 -5.8528E+04 -1.6672E+06  6.0020E-01  1.9692E+01
0000001 8.4670E+05  6.3715E+08 -6.5776E+04 -1.9286E+06  6.0770E-01  1.4754E+01
0000001 8.2336E+05  6.7365E+08 -4.7678E+04 -2.1919E+06  6.1521E-01  5.4447E+00
0000001 7.9992E+05  7.1148E+08 -6.0494E+03 -2.4327E+06  6.2296E-01  5.6615E+00
0000001 7.7646E+05  7.4861E+08  1.9108E+04 -2.6745E+06  6.3089E-01  1.5779E+01
0000001 7.5269E+05  7.8647E+08  5.5461E+04 -2.9109E+06  6.3915E-01  5.5563E+00
0000001 7.2920E+05  8.2311E+08  1.1852E+05 -3.1572E+06  6.4753E-01  5.7493E+00
0000001 7.0582E+05  8.5856E+08  1.7422E+05 -3.4275E+06  6.5611E-01  6.7405E+00
0000001 6.8233E+05  8.9418E+08  1.7835E+05 -3.7616E+06  6.6496E-01  1.4989E+01
0000001 6.5858E+05  9.2991E+08  1.5499E+05 -4.1625E+06  6.7420E-01  1.0236E+01
0000001 6.3517E+05  9.6398E+08  9.9944E+04 -4.5586E+06  6.8358E-01  1.3577E+01
0000001 6.1173E+05  9.9854E+08  2.4678E+04 -4.9637E+06  6.9327E-01  7.3984E+00
0000001 5.8811E+05  1.0319E+09 -5.1544E+04 -5.3286E+06  7.0334E-01  1.2295E+01
0000001 5.6461E+05  1.0648E+09 -1.0538E+05 -5.7004E+06  7.1369E-01  1.0291E+01
0000001 5.4093E+05  1.0976E+09 -1.5943E+05 -5.9316E+06  7.2447E-01  1.0678E+02
0000001 5.1755E+05  1.1296E+09 -2.3454E+05 -6.1681E+06  7.3547E-01  2.4027E+01
0000001 4.9399E+05  1.1614E+09 -3.1033E+05 -6.3964E+06  7.4690E-01  7.3690E+00
0000001 4.7043E+05  1.1920E+09 -3.9191E+05 -6.6042E+06  7.5870E-01  7.7348E+00
0000001 4.4685E+05  1.2223E+09 -4.2201E+05 -6.7694E+06  7.7086E-01  5.8499E+00
0000001 4.2351E+05  1.2524E+09 -4.6128E+05 -6.9442E+06  7.8322E-01  2.4844E+01
0000001 3.9977E+05  1.2827E+09 -4.8387E+05 -7.1195E+06  7.9607E-01  3.7624E+01
0000001 3.7624E+05  1.3120E+09 -4.6412E+05 -7.2515E+06  8.0904E-01  5.8703E+00
0000001 3.5287E+05  1.3405E+09 -3.9144E+05 -7.2880E+06  8.2203E-01  7.7266E+00
0000001 3.2932E+05  1.3690E+09 -3.8311E+05 -7.2240E+06  8.3506E-01  1.3935E+01
0000001 3.0585E+05  1.3967E+09 -3.4602E+05 -7.0746E+06  8.4779E-01  1.5628E+02
0000001 2.8211E+05  1.4249E+09 -3.8450E+05 -6.9060E+06  8.6005E-01  1.5454E+01
0000001 2.5858E+05  1.4521E+09 -4.7646E+05 -6.7073E+06  8.7114E-01  7.0562E+00
0000001 2.3527E+05  1.4788E+09 -5.8258E+05 -6.4923E+06  8.8045E-01  3.8123E+01
0000001 2.1175E+05  1.5053E+09 -6.9482E+05 -6.2457E+06  8.8723E-01  8.4024E+00
0000001 1.8820E+05  1.5319E+09 -7.6125E+05 -6.0065E+06  8.9208E-01  1.5487E+01
0000001 1.6462E+05  1.5577E+09 -7.0752E+05 -5.8364E+06  8.9107E-01  4.7623E+00
0000001 1.4105E+05  1.5848E+09 -6.5946E+05 -5.6819E+06  8.8143E-01  1.7871E+01
0000001 1.1751E+05  1.6117E+09 -6.4199E+05 -5.5315E+06  8.6364E-01  2.0628E+04
0000001 9.4100E+04  1.6395E+09 -6.9828E+05 -5.5751E+06  8.3075E-01  7.3478E+00
0000001 7.0567E+04  1.6693E+09 -6.7353E+05 -5.6186E+06  7.7618E-01  5.5147E+00
0000001 4.7029E+04  1.7011E+09 -2.7151E+05 -5.2629E+06  6.9039E-01  9.2460E+00
0000001 2.3528E+04  1.7384E+09 -2.2061E+05 -4.8765E+06  5.3655E-01  6.3330E+02
0000001 0.0000E+00  1.8293E+09 -3.1729E+06 -1.1665E+07  0.0000E+00  3.0924E-01
