Calc. Date= 04-03-2023, Time= 10:27:52
============================== SRIM-2013.00 ==============================
 =====================================================================
 =                   Ion Energy vs Position File                     =
 =====================================================================
 =   AXIS DEFINITIONS: X=Depth, Y,Z= Lateral plane of target surface.=
 =   (If beam enters target at an angle, this tilt is in Y direction)=
 =   Shown are: Ion Number, Energy (keV), X, Y, Z Position           =
 ==================  CALCULATION   DATA  =============================
  Ion Data: Name, Mass,   Energy , Energy Interval
           He     004,00  5400keV    1000eV
 =====================================================================
Ion       Energy     Depth (X)     Y           Z       Electronic   Energy Lost to
Number    (keV)    (Angstrom)  (Angstrom)  (Angstrom)  Stop.(eV/A)  Last Recoil(eV)
------- ----------- ---------- ----------- ----------- -----------  ---------------
0000001 5,4000E+03  0,0000E+00  0,0000E+00  0,0000E+00  1,3536E+01  0,0000E+00
0000001 5,3347E+03  4,6472E+03 -2,7072E-02 -3,7162E-05  1,3637E+01  2,9981E+01
0000001 5,3089E+03  6,4720E+03 -1,0326E+01 -5,0542E+00  1,3677E+01  2,0461E+00
0000001 5,2396E+03  1,1553E+04 -4,1987E+01 -1,1320E+01  1,3787E+01  4,4663E+00
0000001 5,1680E+03  1,6581E+04 -6,2145E+01 -1,2380E+01  1,3902E+01  9,0403E+00
0000001 5,1053E+03  2,1556E+04 -8,6871E+01  3,3344E+00  1,4005E+01  7,2474E+00
0000001 5,0261E+03  2,6483E+04 -1,0571E+02  4,4061E+00  1,4138E+01  4,2820E+00
0000001 4,9529E+03  3,1349E+04 -1,1545E+02 -2,4672E+00  1,4264E+01  3,3545E+00
0000001 4,8914E+03  3,6160E+04 -1,3418E+02 -1,4465E+01  1,4372E+01  2,0589E+01
0000001 4,8313E+03  4,0924E+04 -1,6226E+02 -5,0429E+01  1,4479E+01  3,8388E+00
0000001 4,7576E+03  4,5642E+04 -1,9826E+02 -9,3606E+01  1,4613E+01  4,2527E+00
0000001 4,6943E+03  5,0304E+04 -2,2485E+02 -1,4374E+02  1,4730E+01  1,4755E+01
0000001 4,6339E+03  5,4916E+04 -2,4312E+02 -2,1347E+02  1,4844E+01  2,8643E+00
0000001 4,5561E+03  5,9482E+04 -2,7068E+02 -2,8341E+02  1,4994E+01  5,7233E+00
0000001 4,4832E+03  6,3988E+04 -3,1120E+02 -3,5369E+02  1,5138E+01  3,9182E+00
0000001 4,4080E+03  6,8438E+04 -3,5370E+02 -4,1235E+02  1,5291E+01  3,2084E+00
0000001 4,3447E+03  7,2829E+04 -3,8573E+02 -4,7086E+02  1,5422E+01  1,7885E+01
0000001 4,2870E+03  7,7170E+04 -4,1448E+02 -5,5188E+02  1,5544E+01  3,7679E+00
0000001 4,2119E+03  8,1467E+04 -4,3556E+02 -6,2434E+02  1,5706E+01  1,7662E+01
0000001 4,1382E+03  8,5705E+04 -4,5023E+02 -7,1797E+02  1,5869E+01  4,5686E+00
0000001 4,0808E+03  8,9885E+04 -4,6013E+02 -7,9962E+02  1,5999E+01  2,4532E+01
0000001 4,0187E+03  9,4019E+04 -4,4308E+02 -8,8161E+02  1,6143E+01  8,9413E+00
0000001 3,9614E+03  9,8105E+04 -4,2456E+02 -9,7868E+02  1,6278E+01  5,9702E+00
0000001 3,8952E+03  1,0214E+05 -3,9319E+02 -1,0731E+03  1,6437E+01  1,0512E+01
0000001 3,8225E+03  1,0613E+05 -3,5818E+02 -1,1832E+03  1,6617E+01  3,9022E+00
0000001 3,7608E+03  1,1006E+05 -3,2727E+02 -1,2818E+03  1,6773E+01  3,1204E+00
0000001 3,6884E+03  1,1394E+05 -2,9743E+02 -1,3699E+03  1,6961E+01  8,1383E+00
0000001 3,6226E+03  1,1776E+05 -2,5342E+02 -1,4530E+03  1,7136E+01  8,7966E+00
0000001 3,5659E+03  1,2153E+05 -2,1229E+02 -1,5503E+03  1,7290E+01  4,2490E+00
0000001 3,5045E+03  1,2526E+05 -1,6764E+02 -1,6365E+03  1,7461E+01  9,5424E+00
0000001 3,4389E+03  1,2893E+05 -1,2670E+02 -1,7058E+03  1,7648E+01  5,4350E+01
0000001 3,3811E+03  1,3255E+05 -7,1093E+01 -1,7391E+03  1,7817E+01  4,3872E+00
0000001 3,3102E+03  1,3613E+05 -6,4865E+00 -1,7766E+03  1,8029E+01  3,5514E+01
0000001 3,2446E+03  1,3964E+05  8,6137E+01 -1,8229E+03  1,8231E+01  7,4891E+00
0000001 3,1745E+03  1,4311E+05  1,9085E+02 -1,8719E+03  1,8453E+01  6,3250E+00
0000001 3,1114E+03  1,4651E+05  2,9464E+02 -1,9328E+03  1,8659E+01  7,7994E+00
0000001 3,0515E+03  1,4986E+05  4,1091E+02 -1,9924E+03  1,8858E+01  5,9783E+00
0000001 2,9921E+03  1,5316E+05  5,1394E+02 -2,0470E+03  1,9061E+01  4,8650E+00
0000001 2,9382E+03  1,5642E+05  6,1319E+02 -2,1115E+03  1,9250E+01  5,6460E+01
0000001 2,8711E+03  1,5962E+05  6,7387E+02 -2,1726E+03  1,9492E+01  5,6090E+00
0000001 2,8179E+03  1,6278E+05  7,4244E+02 -2,2251E+03  1,9688E+01  7,1384E+00
0000001 2,7633E+03  1,6588E+05  8,2110E+02 -2,2698E+03  1,9895E+01  3,0618E+00
0000001 2,7101E+03  1,6895E+05  9,0267E+02 -2,3214E+03  2,0101E+01  3,3927E+00
0000001 2,6482E+03  1,7196E+05  9,7990E+02 -2,3806E+03  2,0347E+01  6,1087E+01
0000001 2,5843E+03  1,7492E+05  1,0894E+03 -2,4215E+03  2,0609E+01  5,1444E+00
0000001 2,5207E+03  1,7783E+05  1,2011E+03 -2,4517E+03  2,0877E+01  9,0401E+01
0000001 2,4565E+03  1,8069E+05  1,3252E+03 -2,4384E+03  2,1156E+01  1,6370E+03
0000001 2,3922E+03  1,8348E+05  1,3197E+03 -2,5684E+03  2,1444E+01  1,0325E+01
0000001 2,3329E+03  1,8623E+05  1,3176E+03 -2,6812E+03  2,1718E+01  9,5525E+01
0000001 2,2734E+03  1,8892E+05  1,3048E+03 -2,7475E+03  2,2000E+01  1,5212E+01
0000001 2,2086E+03  1,9156E+05  1,2798E+03 -2,7992E+03  2,2318E+01  3,7406E+00
0000001 2,1467E+03  1,9414E+05  1,2490E+03 -2,8559E+03  2,2632E+01  8,9353E+00
0000001 2,0881E+03  1,9667E+05  1,2317E+03 -2,9159E+03  2,2937E+01  9,6342E+00
0000001 2,0339E+03  1,9915E+05  1,2018E+03 -2,9692E+03  2,3228E+01  3,8976E+00
0000001 1,9766E+03  2,0157E+05  1,1786E+03 -3,0279E+03  2,3544E+01  1,7008E+01
0000001 1,9214E+03  2,0395E+05  1,1718E+03 -3,0947E+03  2,3858E+01  4,0866E+01
0000001 1,8718E+03  2,0628E+05  1,1424E+03 -3,1429E+03  2,4148E+01  3,7794E+00
0000001 1,8217E+03  2,0856E+05  1,1062E+03 -3,1944E+03  2,4448E+01  6,9081E+00
0000001 1,7604E+03  2,1079E+05  1,0822E+03 -3,2455E+03  2,4827E+01  4,9404E+01
0000001 1,7052E+03  2,1297E+05  1,0894E+03 -3,2953E+03  2,5178E+01  3,2870E+00
0000001 1,6503E+03  2,1510E+05  1,0978E+03 -3,3361E+03  2,5538E+01  8,8423E+00
0000001 1,5909E+03  2,1718E+05  1,1187E+03 -3,3753E+03  2,5939E+01  5,8263E+01
0000001 1,5446E+03  2,1920E+05  1,1287E+03 -3,3827E+03  2,6260E+01  5,4741E+00
0000001 1,4909E+03  2,2118E+05  1,1473E+03 -3,3857E+03  2,6641E+01  5,2848E+00
0000001 1,4424E+03  2,2310E+05  1,1714E+03 -3,3810E+03  2,6995E+01  8,7366E+00
0000001 1,3956E+03  2,2498E+05  1,2059E+03 -3,3711E+03  2,7344E+01  3,3495E+00
0000001 1,3393E+03  2,2682E+05  1,2471E+03 -3,3621E+03  2,7774E+01  3,4837E+01
0000001 1,2880E+03  2,2860E+05  1,3039E+03 -3,3361E+03  2,8176E+01  3,8321E+00
0000001 1,2441E+03  2,3033E+05  1,3548E+03 -3,3043E+03  2,8527E+01  4,4394E+00
0000001 1,1905E+03  2,3201E+05  1,4043E+03 -3,2818E+03  2,8964E+01  3,1265E+02
0000001 1,1415E+03  2,3365E+05  1,4388E+03 -3,3287E+03  2,9370E+01  3,7821E+00
0000001 1,0977E+03  2,3523E+05  1,4696E+03 -3,3671E+03  2,9738E+01  1,7989E+02
0000001 1,0564E+03  2,3677E+05  1,5494E+03 -3,3887E+03  3,0089E+01  8,3977E+00
0000001 1,0132E+03  2,3826E+05  1,6241E+03 -3,3990E+03  3,0458E+01  4,7344E+00
0000001 9,6518E+02  2,3971E+05  1,7029E+03 -3,4037E+03  3,0869E+01  6,9028E+00
0000001 9,1952E+02  2,4111E+05  1,7830E+03 -3,4172E+03  3,1259E+01  1,0037E+01
0000001 8,7872E+02  2,4247E+05  1,8691E+03 -3,4384E+03  3,1604E+01  5,8837E+01
0000001 8,4160E+02  2,4378E+05  1,9267E+03 -3,4467E+03  3,1913E+01  2,0879E+01
0000001 8,0471E+02  2,4505E+05  1,9659E+03 -3,4571E+03  3,2213E+01  1,1041E+01
0000001 7,6081E+02  2,4628E+05  2,0019E+03 -3,4790E+03  3,2557E+01  2,3979E+01
0000001 7,2156E+02  2,4746E+05  2,0486E+03 -3,4874E+03  3,2846E+01  1,6266E+01
0000001 6,7963E+02  2,4860E+05  2,1078E+03 -3,4982E+03  3,3132E+01  3,8370E+00
0000001 6,4254E+02  2,4969E+05  2,1661E+03 -3,5152E+03  3,3357E+01  2,4612E+01
0000001 6,0697E+02  2,5073E+05  2,2077E+03 -3,5410E+03  3,3541E+01  4,3675E+00
0000001 5,6978E+02  2,5174E+05  2,2462E+03 -3,5587E+03  3,3693E+01  3,8558E+00
0000001 5,3275E+02  2,5271E+05  2,2767E+03 -3,5733E+03  3,3791E+01  5,0490E+01
0000001 4,9895E+02  2,5363E+05  2,2995E+03 -3,6101E+03  3,3823E+01  7,2231E+00
0000001 4,6869E+02  2,5450E+05  2,3301E+03 -3,6450E+03  3,3795E+01  3,8247E+00
0000001 4,4179E+02  2,5534E+05  2,3646E+03 -3,6748E+03  3,3716E+01  9,6110E+00
0000001 4,1629E+02  2,5615E+05  2,4065E+03 -3,6984E+03  3,3585E+01  3,3184E+01
0000001 3,9130E+02  2,5693E+05  2,4354E+03 -3,7065E+03  3,3394E+01  2,0765E+01
0000001 3,7008E+02  2,5767E+05  2,4773E+03 -3,7167E+03  3,3177E+01  7,2977E+00
0000001 3,4681E+02  2,5838E+05  2,5190E+03 -3,7349E+03  3,2871E+01  4,9072E+00
0000001 3,2341E+02  2,5907E+05  2,5623E+03 -3,7582E+03  3,2480E+01  1,4871E+02
0000001 2,9873E+02  2,5972E+05  2,6397E+03 -3,7882E+03  3,1964E+01  7,5369E+00
0000001 2,8222E+02  2,6033E+05  2,7168E+03 -3,8240E+03  3,1551E+01  6,2783E+00
0000001 2,6370E+02  2,6092E+05  2,7852E+03 -3,8630E+03  3,1013E+01  1,7812E+01
0000001 2,4546E+02  2,6149E+05  2,8401E+03 -3,8936E+03  3,0399E+01  4,8956E+00
0000001 2,2549E+02  2,6203E+05  2,8979E+03 -3,9194E+03  2,9614E+01  2,9901E+01
0000001 2,0985E+02  2,6254E+05  2,9595E+03 -3,9298E+03  2,8909E+01  8,5256E+00
0000001 1,9339E+02  2,6302E+05  3,0265E+03 -3,9394E+03  2,8069E+01  1,4229E+01
0000001 1,8082E+02  2,6348E+05  3,1001E+03 -3,9511E+03  2,7354E+01  5,5477E+00
0000001 1,7126E+02  2,6392E+05  3,1673E+03 -3,9566E+03  2,6762E+01  1,3681E+02
0000001 1,5755E+02  2,6434E+05  3,2633E+03 -3,9570E+03  2,5836E+01  5,6406E+00
0000001 1,4759E+02  2,6473E+05  3,3570E+03 -3,9516E+03  2,5101E+01  5,6111E+00
0000001 1,3989E+02  2,6511E+05  3,4527E+03 -3,9447E+03  2,4493E+01  5,0402E+00
0000001 1,3311E+02  2,6547E+05  3,5459E+03 -3,9320E+03  2,3928E+01  7,5534E+00
0000001 1,2470E+02  2,6582E+05  3,6431E+03 -3,9202E+03  2,3186E+01  6,7324E+00
0000001 1,1531E+02  2,6616E+05  3,7426E+03 -3,9069E+03  2,2299E+01  8,5176E+00
0000001 1,0871E+02  2,6648E+05  3,8356E+03 -3,8869E+03  2,1635E+01  3,7338E+01
0000001 9,9389E+01  2,6678E+05  3,9353E+03 -3,8794E+03  2,0638E+01  8,2900E+00
0000001 9,3761E+01  2,6707E+05  4,0365E+03 -3,8711E+03  2,0000E+01  7,2747E+01
0000001 8,9070E+01  2,6735E+05  4,1137E+03 -3,8667E+03  1,9445E+01  8,4943E+00
0000001 8,2268E+01  2,6762E+05  4,1948E+03 -3,8591E+03  1,8603E+01  2,5919E+01
0000001 7,9038E+01  2,6788E+05  4,2610E+03 -3,8461E+03  1,8186E+01  5,8403E+00
0000001 7,5311E+01  2,6814E+05  4,3197E+03 -3,8333E+03  1,7691E+01  5,4781E+00
0000001 7,2693E+01  2,6838E+05  4,3806E+03 -3,8167E+03  1,7333E+01  5,2495E+00
0000001 6,7000E+01  2,6863E+05  4,4374E+03 -3,8053E+03  1,6527E+01  7,7152E+00
0000001 6,1313E+01  2,6886E+05  4,4875E+03 -3,7891E+03  1,5681E+01  1,1948E+02
0000001 5,9783E+01  2,6907E+05  4,5564E+03 -3,7880E+03  1,5446E+01  1,2023E+02
0000001 5,7126E+01  2,6928E+05  4,6486E+03 -3,7842E+03  1,5029E+01  9,7482E+00
0000001 5,3705E+01  2,6947E+05  4,7355E+03 -3,7736E+03  1,4477E+01  5,6905E+00
0000001 5,2225E+01  2,6966E+05  4,8219E+03 -3,7683E+03  1,4232E+01  3,8661E+01
0000001 4,8450E+01  2,6985E+05  4,9092E+03 -3,7776E+03  1,3592E+01  5,2371E+00
0000001 4,4858E+01  2,7002E+05  4,9937E+03 -3,7812E+03  1,2959E+01  1,7372E+01
0000001 4,3336E+01  2,7019E+05  5,0784E+03 -3,7932E+03  1,2684E+01  4,2289E+01
0000001 4,1564E+01  2,7036E+05  5,1506E+03 -3,8150E+03  1,2358E+01  1,1974E+01
0000001 3,7233E+01  2,7067E+05  5,3089E+03 -3,8561E+03  1,1533E+01  5,1144E+00
0000001 3,6844E+01  2,7082E+05  5,3832E+03 -3,8675E+03  1,1457E+01  9,3335E+01
0000001 3,4493E+01  2,7098E+05  5,4367E+03 -3,8792E+03  1,0989E+01  9,1190E+00
0000001 3,3735E+01  2,7113E+05  5,4942E+03 -3,8881E+03  1,0836E+01  6,5296E+00
0000001 3,1721E+01  2,7127E+05  5,5529E+03 -3,8914E+03  1,0421E+01  5,2380E+01
0000001 2,9882E+01  2,7155E+05  5,6639E+03 -3,9339E+03  1,0033E+01  6,0755E+00
0000001 2,8001E+01  2,7209E+05  5,8856E+03 -4,0233E+03  9,6260E+00  1,6712E+01
0000001 2,7794E+01  2,7221E+05  5,9506E+03 -4,0423E+03  9,5808E+00  3,2971E+01
0000001 2,5762E+01  2,7259E+05  6,1190E+03 -4,1197E+03  9,1296E+00  8,1327E+00
0000001 2,4060E+01  2,7271E+05  6,1783E+03 -4,1532E+03  8,7429E+00  9,2583E+00
0000001 2,1777E+01  2,7282E+05  6,2351E+03 -4,1919E+03  8,2126E+00  6,9011E+00
0000001 1,8629E+01  2,7293E+05  6,2887E+03 -4,2229E+03  7,4644E+00  1,8475E+03
0000001 1,7628E+01  2,7301E+05  6,3266E+03 -4,1610E+03  7,2248E+00  1,1164E+01
0000001 1,5537E+01  2,7319E+05  6,3952E+03 -4,0542E+03  6,7257E+00  2,0328E+02
0000001 1,1664E+01  2,7326E+05  6,4159E+03 -3,9801E+03  5,8060E+00  3,8734E+03
0000001 1,0795E+01  2,7312E+05  6,4502E+03 -3,8737E+03  5,5905E+00  1,9059E+02
0000001 9,4121E+00  2,7304E+05  6,5128E+03 -3,7461E+03  5,2259E+00  1,4224E+01
0000001 8,6009E+00  2,7300E+05  6,5385E+03 -3,6873E+03  4,9951E+00  5,1370E+00
0000001 7,3306E+00  2,7284E+05  6,6222E+03 -3,5720E+03  4,6088E+00  2,1113E+01
0000001 6,1327E+00  2,7279E+05  6,6601E+03 -3,5709E+03  4,2155E+00  5,6804E+02
0000001 5,5830E+00  2,7274E+05  6,6687E+03 -3,6112E+03  4,0221E+00  2,4142E+01
0000001 4,8139E+00  2,7261E+05  6,7147E+03 -3,7218E+03  3,7348E+00  1,7093E+01
0000001 3,6560E+00  2,7240E+05  6,8138E+03 -4,0009E+03  3,2548E+00  5,6146E+00
0000001 2,7799E+00  2,7234E+05  6,8397E+03 -4,1210E+03  2,8382E+00  2,5793E+01
0000001 1,9622E+00  2,7226E+05  6,8819E+03 -4,2463E+03  2,3845E+00  9,2126E+00
0000001 8,6362E-01  2,7212E+05  6,9984E+03 -4,2714E+03  1,5819E+00  8,3548E+01
0000001 0,0000E+00  2,7215E+05  7,0529E+03 -4,3097E+03  0,0000E+00  3,2219E-01
