Calc. Date= 04-27-2023. Time= 13:37:27
============================== SRIM-2013.00 ==============================
 =====================================================================
 =                   Ion Energy vs Position File                     =
 =====================================================================
 =   AXIS DEFINITIONS: X=Depth. Y.Z= Lateral plane of target surface.=
 =   (If beam enters target at an angle. this tilt is in Y direction)=
 =   Shown are: Ion Number. Energy (keV). X. Y. Z Position           =
 ==================  CALCULATION   DATA  =============================
  Ion Data: Name. Mass.   Energy . Energy Interval
           Ca     040.00  800000keV    15686274eV
 =====================================================================
Ion       Energy     Depth (X)     Y           Z       Electronic   Energy Lost to
Number    (keV)    (Angstrom)  (Angstrom)  (Angstrom)  Stop.(eV/A)  Last Recoil(eV)
------- ----------- ---------- ----------- ----------- -----------  ---------------
0000001 8.0000E+05  0.0000E+00  0.0000E+00  0.0000E+00  1.3515E-01  0.0000E+00
0000001 7.8430E+05  1.1449E+08 -3.5900E+04 -1.2509E+04  1.3710E-01  5.5061E+00
0000001 7.6862E+05  2.2698E+08 -1.0664E+05 -4.8803E+04  1.3910E-01  4.9083E+00
0000001 7.5286E+05  3.4127E+08 -3.2893E+05 -1.4062E+04  1.4118E-01  4.7844E+00
0000001 7.3716E+05  4.5216E+08 -3.5372E+05  1.9647E+05  1.4331E-01  9.5012E+01
0000001 7.2152E+05  5.5800E+08 -3.1082E+05  4.2580E+05  1.4551E-01  1.1186E+01
0000001 7.0574E+05  6.6713E+08 -2.1015E+05  4.8318E+05  1.4779E-01  6.4027E+00
0000001 6.9007E+05  7.7289E+08 -2.3409E+05  5.3783E+05  1.5013E-01  8.1340E+00
0000001 6.7428E+05  8.8015E+08 -1.0863E+05  7.2056E+05  1.5256E-01  1.1206E+01
0000001 6.5868E+05  9.8091E+08  1.7835E+05  1.0269E+06  1.5503E-01  8.1166E+00
0000001 6.4311E+05  1.0815E+09  5.7624E+05  1.3807E+06  1.5757E-01  4.3198E+00
0000001 6.2733E+05  1.1834E+09  1.1544E+06  1.8085E+06  1.6023E-01  2.9599E+01
0000001 6.1159E+05  1.2790E+09  1.6075E+06  2.1305E+06  1.6297E-01  1.2226E+01
0000001 5.9603E+05  1.3729E+09  1.9825E+06  2.3916E+06  1.6577E-01  2.9914E+00
0000001 5.8019E+05  1.4693E+09  2.2086E+06  2.6621E+06  1.6871E-01  3.9790E+00
0000001 5.6465E+05  1.5597E+09  2.4646E+06  2.9570E+06  1.7170E-01  3.2550E+01
0000001 5.4892E+05  1.6497E+09  2.8023E+06  3.1750E+06  1.7483E-01  1.5440E+02
0000001 5.3320E+05  1.7392E+09  3.0996E+06  3.3530E+06  1.7806E-01  1.3083E+01
0000001 5.1742E+05  1.8282E+09  3.0909E+06  3.3016E+06  1.8144E-01  4.0587E+00
0000001 5.0177E+05  1.9128E+09  2.8656E+06  2.9502E+06  1.8491E-01  8.2475E+00
0000001 4.8619E+05  1.9980E+09  2.6088E+06  2.4602E+06  1.8850E-01  8.0502E+00
0000001 4.7043E+05  2.0813E+09  2.4626E+06  1.9368E+06  1.9228E-01  8.3453E+01
0000001 4.5487E+05  2.1627E+09  2.3981E+06  1.4257E+06  1.9618E-01  1.3500E+01
0000001 4.3919E+05  2.2409E+09  2.3992E+06  9.1375E+05  2.0028E-01  3.6333E+00
0000001 4.2350E+05  2.3196E+09  2.3643E+06  2.7350E+05  2.0457E-01  4.8823E+00
0000001 4.0775E+05  2.3962E+09  2.3151E+06 -3.9183E+05  2.0910E-01  7.4232E+00
0000001 3.9198E+05  2.4708E+09  2.2322E+06 -9.5082E+05  2.1386E-01  1.9894E+01
0000001 3.7630E+05  2.5444E+09  2.1703E+06 -1.4298E+06  2.1886E-01  5.4547E+01
0000001 3.6073E+05  2.6138E+09  2.0827E+06 -1.8984E+06  2.2409E-01  1.1682E+01
0000001 3.4499E+05  2.6822E+09  2.0131E+06 -2.3460E+06  2.2970E-01  2.1974E+01
0000001 3.2927E+05  2.7504E+09  2.0477E+06 -2.7928E+06  2.3566E-01  1.2774E+01
0000001 3.1370E+05  2.8164E+09  2.0275E+06 -3.1855E+06  2.4195E-01  1.6095E+01
0000001 2.9800E+05  2.8811E+09  2.0140E+06 -3.6023E+06  2.4872E-01  8.2092E+01
0000001 2.8220E+05  2.9435E+09  2.0126E+06 -4.1826E+06  2.5604E-01  2.3512E+02
0000001 2.6659E+05  3.0035E+09  1.9049E+06 -4.6764E+06  2.6382E-01  5.2708E+00
0000001 2.5095E+05  3.0613E+09  1.7266E+06 -5.1890E+06  2.7222E-01  6.5537E+01
0000001 2.3512E+05  3.1182E+09  1.6347E+06 -5.6523E+06  2.8142E-01  9.3676E+00
0000001 2.1942E+05  3.1733E+09  1.6672E+06 -6.0847E+06  2.9130E-01  7.4154E+00
0000001 2.0391E+05  3.2258E+09  1.6959E+06 -6.6344E+06  3.0192E-01  1.0021E+03
0000001 1.8822E+05  3.2771E+09  1.6998E+06 -7.1477E+06  3.1359E-01  1.3255E+01
0000001 1.7250E+05  3.3262E+09  1.7527E+06 -7.5952E+06  3.2629E-01  5.3165E+00
0000001 1.5683E+05  3.3737E+09  1.8822E+06 -8.0501E+06  3.4002E-01  1.5591E+01
0000001 1.4111E+05  3.4193E+09  1.9918E+06 -8.6224E+06  3.5488E-01  7.0094E+00
0000001 1.2539E+05  3.4632E+09  2.1279E+06 -9.5559E+06  3.7074E-01  1.6970E+01
0000001 1.0974E+05  3.5047E+09  2.2788E+06 -1.0426E+07  3.8728E-01  7.9596E+00
0000001 9.3933E+04  3.5442E+09  2.4386E+06 -1.1412E+07  4.0516E-01  2.8262E+01
0000001 7.8272E+04  3.5821E+09  2.5171E+06 -1.2507E+07  4.2117E-01  7.8176E+00
0000001 6.2649E+04  3.6177E+09  2.5235E+06 -1.3397E+07  4.3679E-01  1.3705E+01
0000001 4.7039E+04  3.6528E+09  2.3349E+06 -1.4305E+07  4.4628E-01  8.4411E+01
0000001 3.1302E+04  3.6886E+09  2.2457E+06 -1.5442E+07  4.4103E-01  3.6835E+00
0000001 1.5648E+04  3.7257E+09  2.5370E+06 -1.7289E+07  3.9284E-01  1.8953E+01
0000001 0.0000E+00  3.7958E+09  1.3951E+07 -1.4328E+07  0.0000E+00  1.4520E+00
