Calc. Date= 04-27-2023. Time= 14:45:07
============================== SRIM-2013.00 ==============================
 =====================================================================
 =                   Ion Energy vs Position File                     =
 =====================================================================
 =   AXIS DEFINITIONS: X=Depth. Y.Z= Lateral plane of target surface.=
 =   (If beam enters target at an angle. this tilt is in Y direction)=
 =   Shown are: Ion Number. Energy (keV). X. Y. Z Position           =
 ==================  CALCULATION   DATA  =============================
  Ion Data: Name. Mass.   Energy . Energy Interval
           Sr     080.00  1200000keV    23529411eV
 =====================================================================
Ion       Energy     Depth (X)     Y           Z       Electronic   Energy Lost to
Number    (keV)    (Angstrom)  (Angstrom)  (Angstrom)  Stop.(eV/A)  Last Recoil(eV)
------- ----------- ---------- ----------- ----------- -----------  ---------------
0000001 1.2000E+06  0.0000E+00  0.0000E+00  0.0000E+00  5.1093E-01  0.0000E+00
0000001 1.1763E+06  4.5236E+07 -1.4804E+04  1.1046E+04  5.1661E-01  9.0300E+00
0000001 1.1528E+06  8.9829E+07 -1.0482E+04  4.1964E+04  5.2233E-01  4.2996E+01
0000001 1.1294E+06  1.3508E+08  5.8652E+02  7.8113E+04  5.2815E-01  4.3743E+01
0000001 1.1058E+06  1.7910E+08 -1.4920E+04  1.1558E+05  5.3410E-01  4.9439E+00
0000001 1.0821E+06  2.2372E+08 -2.2926E+04  1.7899E+05  5.4018E-01  3.4394E+00
0000001 1.0587E+06  2.6772E+08 -1.6331E+04  2.4906E+05  5.4632E-01  2.3362E+02
0000001 1.0353E+06  3.1110E+08 -3.3296E+03  2.9965E+05  5.5257E-01  4.7377E+00
0000001 1.0116E+06  3.5384E+08  3.3536E+04  3.2821E+05  5.5902E-01  7.8649E+01
0000001 9.8791E+05  3.9651E+08  8.5737E+04  3.5888E+05  5.6558E-01  4.6221E+00
0000001 9.6458E+05  4.3797E+08  8.3701E+04  3.5425E+05  5.7218E-01  1.3821E+01
0000001 9.4092E+05  4.7823E+08  1.2663E+05  3.5209E+05  5.7900E-01  2.7751E+02
0000001 9.1733E+05  5.1947E+08  1.7945E+05  3.3448E+05  5.8595E-01  5.6800E+01
0000001 8.9395E+05  5.5845E+08  2.2805E+05  3.1333E+05  5.9298E-01  5.3285E+01
0000001 8.7056E+05  5.9782E+08  2.6202E+05  3.0410E+05  6.0019E-01  1.4779E+01
0000001 8.4704E+05  6.3704E+08  3.0264E+05  2.8484E+05  6.0759E-01  1.7670E+01
0000001 8.2349E+05  6.7556E+08  3.6924E+05  2.4732E+05  6.1517E-01  8.8622E+00
0000001 7.9981E+05  7.1389E+08  4.3499E+05  2.1913E+05  6.2300E-01  4.8546E+00
0000001 7.7632E+05  7.5200E+08  5.0133E+05  2.1660E+05  6.3094E-01  6.8965E+00
0000001 7.5276E+05  7.8890E+08  5.5777E+05  2.1526E+05  6.3913E-01  1.2721E+02
0000001 7.2930E+05  8.2508E+08  6.0037E+05  2.0305E+05  6.4750E-01  2.5805E+01
0000001 7.0566E+05  8.6145E+08  6.4909E+05  1.8918E+05  6.5617E-01  5.2162E+01
0000001 6.8228E+05  8.9706E+08  6.9948E+05  1.2732E+05  6.6498E-01  4.5880E+00
0000001 6.5874E+05  9.3235E+08  7.1833E+05  2.7318E+04  6.7414E-01  9.9640E+00
0000001 6.3509E+05  9.6686E+08  7.5296E+05 -8.2393E+04  6.8362E-01  3.7764E+01
0000001 6.1160E+05  1.0010E+09  7.1770E+05 -1.6831E+05  6.9332E-01  1.1030E+01
0000001 5.8817E+05  1.0347E+09  7.0794E+05 -2.9716E+05  7.0332E-01  1.2888E+01
0000001 5.6457E+05  1.0676E+09  6.6183E+05 -6.3779E+05  7.1371E-01  1.0143E+02
0000001 5.4110E+05  1.1005E+09  5.8527E+05 -1.0343E+06  7.2439E-01  4.3055E+02
0000001 5.1754E+05  1.1329E+09  5.5122E+05 -1.3858E+06  7.3547E-01  2.0665E+01
0000001 4.9411E+05  1.1647E+09  5.2041E+05 -1.7310E+06  7.4685E-01  7.3912E+00
0000001 4.7033E+05  1.1963E+09  4.7703E+05 -2.1083E+06  7.5875E-01  6.0779E+00
0000001 4.4689E+05  1.2266E+09  4.4535E+05 -2.4645E+06  7.7084E-01  9.7682E+01
0000001 4.2326E+05  1.2567E+09  4.7843E+05 -2.8146E+06  7.8335E-01  4.9041E+01
0000001 3.9999E+05  1.2860E+09  5.2160E+05 -3.1066E+06  7.9596E-01  6.8548E+01
0000001 3.7637E+05  1.3153E+09  5.5614E+05 -3.4139E+06  8.0897E-01  9.1980E+00
0000001 3.5282E+05  1.3444E+09  6.4244E+05 -3.7244E+06  8.2205E-01  5.7482E+01
0000001 3.2920E+05  1.3727E+09  7.6638E+05 -3.9853E+06  8.3513E-01  4.6968E+00
0000001 3.0564E+05  1.4006E+09  9.2362E+05 -4.2038E+06  8.4790E-01  7.4592E+00
0000001 2.8224E+05  1.4281E+09  1.1259E+06 -4.4084E+06  8.5999E-01  5.5750E+00
0000001 2.5868E+05  1.4555E+09  1.3299E+06 -4.6201E+06  8.7110E-01  3.2507E+02
0000001 2.3525E+05  1.4824E+09  1.4816E+06 -4.9019E+06  8.8045E-01  1.8129E+02
0000001 2.1160E+05  1.5094E+09  1.5016E+06 -5.2664E+06  8.8726E-01  5.9522E+02
0000001 1.8821E+05  1.5356E+09  1.4752E+06 -5.5283E+06  8.9207E-01  6.7309E+01
0000001 1.6465E+05  1.5617E+09  1.5139E+06 -5.6967E+06  8.9109E-01  2.1403E+02
0000001 1.4103E+05  1.5878E+09  1.5948E+06 -5.7929E+06  8.8142E-01  7.4264E+00
0000001 1.1764E+05  1.6141E+09  1.7444E+06 -5.8929E+06  8.6379E-01  1.7746E+01
0000001 9.4080E+04  1.6422E+09  2.0334E+06 -5.9792E+06  8.3072E-01  3.5566E+01
0000001 7.0545E+04  1.6707E+09  2.4252E+06 -6.4472E+06  7.7612E-01  6.8626E+01
0000001 4.7018E+04  1.7028E+09  2.8985E+06 -6.7624E+06  6.9034E-01  5.7701E+00
0000001 2.3487E+04  1.7404E+09  3.0035E+06 -6.8266E+06  5.3613E-01  1.6927E+01
0000001 0.0000E+00  1.8263E+09  9.5063E+06 -1.0095E+07  0.0000E+00  5.8852E-01
