Calc. Date= 04-27-2023. Time= 14:43:59
============================== SRIM-2013.00 ==============================
 =====================================================================
 =                   Ion Energy vs Position File                     =
 =====================================================================
 =   AXIS DEFINITIONS: X=Depth. Y.Z= Lateral plane of target surface.=
 =   (If beam enters target at an angle. this tilt is in Y direction)=
 =   Shown are: Ion Number. Energy (keV). X. Y. Z Position           =
 ==================  CALCULATION   DATA  =============================
  Ion Data: Name. Mass.   Energy . Energy Interval
           Ca     040.00  799000keV    15666666eV
 =====================================================================
Ion       Energy     Depth (X)     Y           Z       Electronic   Energy Lost to
Number    (keV)    (Angstrom)  (Angstrom)  (Angstrom)  Stop.(eV/A)  Last Recoil(eV)
------- ----------- ---------- ----------- ----------- -----------  ---------------
0000001 7.9900E+05  0.0000E+00  0.0000E+00  0.0000E+00  1.3527E-01  0.0000E+00
0000001 7.8321E+05  1.1830E+08 -4.4943E+04 -5.8879E+04  1.3723E-01  6.5554E+01
0000001 7.6745E+05  2.3066E+08 -4.3581E+04 -1.7860E+05  1.3925E-01  8.0370E+00
0000001 7.5198E+05  3.4310E+08  2.6973E+04 -3.0694E+05  1.4130E-01  8.6769E+00
0000001 7.3612E+05  4.5388E+08  1.2912E+04 -6.7778E+05  1.4346E-01  4.7355E+00
0000001 7.2063E+05  5.6295E+08  8.3102E+04 -1.0547E+06  1.4563E-01  4.0827E+00
0000001 7.0489E+05  6.7200E+08  2.0169E+05 -1.4299E+06  1.4791E-01  8.7604E+00
0000001 6.8910E+05  7.7930E+08  2.6618E+05 -1.8686E+06  1.5027E-01  8.7088E+00
0000001 6.7359E+05  8.8167E+08  3.6240E+05 -2.2963E+06  1.5266E-01  7.9718E+00
0000001 6.5790E+05  9.8233E+08  5.3572E+05 -2.7360E+06  1.5515E-01  1.0566E+02
0000001 6.4231E+05  1.0828E+09  7.3213E+05 -3.0784E+06  1.5771E-01  6.7150E+00
0000001 6.2655E+05  1.1831E+09  8.6350E+05 -3.3832E+06  1.6037E-01  4.7012E+00
0000001 6.1089E+05  1.2802E+09  8.2537E+05 -3.7952E+06  1.6309E-01  4.1811E+00
0000001 5.9513E+05  1.3769E+09  5.9090E+05 -4.2928E+06  1.6594E-01  6.6242E+00
0000001 5.7963E+05  1.4689E+09  3.0631E+05 -4.7555E+06  1.6882E-01  5.9705E+00
0000001 5.6392E+05  1.5620E+09 -4.7376E+04 -5.1328E+06  1.7184E-01  4.5144E+00
0000001 5.4813E+05  1.6520E+09 -3.8924E+05 -5.3177E+06  1.7499E-01  4.7111E+00
0000001 5.3247E+05  1.7387E+09 -7.4158E+05 -5.3112E+06  1.7822E-01  3.9766E+00
0000001 5.1694E+05  1.8250E+09 -1.0904E+06 -5.2641E+06  1.8154E-01  2.2657E+01
0000001 5.0120E+05  1.9120E+09 -1.2935E+06 -5.1781E+06  1.8504E-01  3.9428E+00
0000001 4.8549E+05  1.9959E+09 -1.3975E+06 -5.0271E+06  1.8866E-01  4.2775E+00
0000001 4.6985E+05  2.0792E+09 -1.4582E+06 -4.8269E+06  1.9242E-01  3.9825E+01
0000001 4.5424E+05  2.1593E+09 -1.4949E+06 -4.5801E+06  1.9634E-01  1.1245E+01
0000001 4.3860E+05  2.2374E+09 -1.4850E+06 -4.2118E+06  2.0044E-01  9.3913E+00
0000001 4.2297E+05  2.3148E+09 -1.4410E+06 -3.7928E+06  2.0472E-01  4.4453E+00
0000001 4.0727E+05  2.3903E+09 -1.4468E+06 -3.5679E+06  2.0924E-01  5.0946E+00
0000001 3.9146E+05  2.4659E+09 -1.4853E+06 -3.4251E+06  2.1402E-01  5.2034E+00
0000001 3.7592E+05  2.5362E+09 -1.5355E+06 -3.2273E+06  2.1898E-01  7.4956E+01
0000001 3.6021E+05  2.6076E+09 -1.5639E+06 -2.9880E+06  2.2427E-01  5.8020E+00
0000001 3.4447E+05  2.6759E+09 -1.2653E+06 -2.7580E+06  2.2989E-01  9.9475E+00
0000001 3.2882E+05  2.7431E+09 -9.1188E+05 -2.5246E+06  2.3584E-01  5.2520E+00
0000001 3.1317E+05  2.8081E+09 -5.7601E+05 -2.2658E+06  2.4217E-01  9.1147E+00
0000001 2.9764E+05  2.8718E+09 -2.8314E+05 -1.9936E+06  2.4888E-01  1.4107E+02
0000001 2.8181E+05  2.9351E+09  2.9787E+04 -1.7850E+06  2.5623E-01  1.1988E+01
0000001 2.6625E+05  2.9959E+09  2.1609E+05 -1.6265E+06  2.6399E-01  5.4563E+00
0000001 2.5055E+05  3.0552E+09  2.9631E+05 -1.5728E+06  2.7244E-01  3.3867E+01
0000001 2.3494E+05  3.1105E+09  3.7545E+05 -1.5816E+06  2.8152E-01  4.7553E+00
0000001 2.1928E+05  3.1656E+09  5.5025E+05 -1.7288E+06  2.9140E-01  1.7777E+01
0000001 2.0350E+05  3.2195E+09  7.3028E+05 -1.8795E+06  3.0221E-01  8.8363E+00
0000001 1.8786E+05  3.2700E+09  8.7312E+05 -1.9841E+06  3.1387E-01  5.1481E+00
0000001 1.7225E+05  3.3185E+09  1.0427E+06 -2.1441E+06  3.2650E-01  4.6578E+00
0000001 1.5661E+05  3.3647E+09  1.1692E+06 -2.2925E+06  3.4022E-01  4.8618E+01
0000001 1.4090E+05  3.4097E+09  1.2706E+06 -2.4575E+06  3.5508E-01  9.0159E+00
0000001 1.2520E+05  3.4530E+09  1.2855E+06 -2.5760E+06  3.7094E-01  3.7474E+01
0000001 1.0964E+05  3.4940E+09  1.3425E+06 -2.6586E+06  3.8739E-01  9.9538E+00
0000001 9.3980E+04  3.5331E+09  1.5358E+06 -2.7157E+06  4.0510E-01  6.1237E+00
0000001 7.8225E+04  3.5710E+09  1.4374E+06 -2.7510E+06  4.2123E-01  1.0414E+01
0000001 6.2551E+04  3.6075E+09  1.1106E+06 -2.6131E+06  4.3687E-01  1.8455E+01
0000001 4.6985E+04  3.6432E+09  7.2406E+05 -2.2597E+06  4.4629E-01  1.2982E+01
0000001 3.1263E+04  3.6790E+09  3.5375E+05 -2.0509E+06  4.4098E-01  9.7068E+00
0000001 1.5638E+04  3.7161E+09 -1.6974E+05 -2.0680E+06  3.9278E-01  1.1947E+02
0000001 0.0000E+00  3.7852E+09 -9.6246E+06 -6.8504E+06  0.0000E+00  1.2421E+00
