Calc. Date= 04-27-2023. Time= 13:52:04
============================== SRIM-2013.00 ==============================
 =====================================================================
 =                   Ion Energy vs Position File                     =
 =====================================================================
 =   AXIS DEFINITIONS: X=Depth. Y.Z= Lateral plane of target surface.=
 =   (If beam enters target at an angle. this tilt is in Y direction)=
 =   Shown are: Ion Number. Energy (keV). X. Y. Z Position           =
 ==================  CALCULATION   DATA  =============================
  Ion Data: Name. Mass.   Energy . Energy Interval
           Ca     040.00  800000keV    15686274eV
 =====================================================================
Ion       Energy     Depth (X)     Y           Z       Electronic   Energy Lost to
Number    (keV)    (Angstrom)  (Angstrom)  (Angstrom)  Stop.(eV/A)  Last Recoil(eV)
------- ----------- ---------- ----------- ----------- -----------  ---------------
0000001 8.0000E+05  0.0000E+00  0.0000E+00  0.0000E+00  1.3515E-01  0.0000E+00
0000001 7.8430E+05  1.1679E+08 -6.7096E+04 -4.3971E+04  1.3710E-01  1.0683E+01
0000001 7.6858E+05  2.3279E+08 -2.6963E+05 -1.5989E+05  1.3911E-01  3.9741E+00
0000001 7.5270E+05  3.4361E+08 -5.0735E+05 -3.1287E+05  1.4120E-01  8.6132E+00
0000001 7.3715E+05  4.5107E+08 -7.9441E+05 -4.2838E+05  1.4331E-01  1.1632E+01
0000001 7.2148E+05  5.6024E+08 -1.1714E+06 -5.3339E+05  1.4551E-01  3.8278E+00
0000001 7.0571E+05  6.6608E+08 -1.4170E+06 -7.4357E+05  1.4779E-01  1.5628E+01
0000001 6.9012E+05  7.7022E+08 -1.7078E+06 -9.3491E+05  1.5012E-01  5.7282E+00
0000001 6.7446E+05  8.7429E+08 -1.9354E+06 -9.7975E+05  1.5253E-01  8.4511E+00
0000001 6.5866E+05  9.7821E+08 -2.0374E+06 -8.5120E+05  1.5503E-01  2.8604E+00
0000001 6.4291E+05  1.0803E+09 -2.1528E+06 -6.8657E+05  1.5761E-01  4.0768E+00
0000001 6.2742E+05  1.1777E+09 -2.2955E+06 -5.2106E+05  1.6022E-01  4.2738E+00
0000001 6.1175E+05  1.2733E+09 -2.4538E+06 -4.0799E+05  1.6294E-01  3.2597E+01
0000001 5.9592E+05  1.3687E+09 -2.5988E+06 -2.5787E+05  1.6579E-01  8.7006E+00
0000001 5.8023E+05  1.4594E+09 -2.7235E+06 -1.0104E+05  1.6871E-01  9.9999E+00
0000001 5.6452E+05  1.5540E+09 -2.5115E+06  6.6431E+04  1.7172E-01  4.0165E+00
0000001 5.4890E+05  1.6439E+09 -2.1886E+06  1.8910E+05  1.7483E-01  5.3996E+00
0000001 5.3326E+05  1.7308E+09 -1.8746E+06  4.3982E+05  1.7805E-01  1.3393E+01
0000001 5.1751E+05  1.8185E+09 -1.5438E+06  6.8684E+05  1.8142E-01  2.3393E+01
0000001 5.0176E+05  1.9056E+09 -1.1686E+06  9.3309E+05  1.8491E-01  1.0426E+02
0000001 4.8609E+05  1.9895E+09 -8.0417E+05  1.3077E+06  1.8852E-01  4.0407E+02
0000001 4.7055E+05  2.0716E+09 -4.3339E+05  1.8042E+06  1.9225E-01  4.1855E+00
0000001 4.5484E+05  2.1518E+09 -6.6319E+04  2.3282E+06  1.9619E-01  4.8701E+00
0000001 4.3914E+05  2.2312E+09  3.7136E+05  2.8783E+06  2.0029E-01  2.5076E+01
0000001 4.2346E+05  2.3098E+09  8.9985E+05  3.3335E+06  2.0458E-01  9.3597E+00
0000001 4.0778E+05  2.3864E+09  1.3666E+06  3.7832E+06  2.0909E-01  1.1652E+01
0000001 3.9202E+05  2.4610E+09  1.7581E+06  4.3772E+06  2.1385E-01  5.4315E+00
0000001 3.7631E+05  2.5346E+09  2.1844E+06  5.0888E+06  2.1885E-01  7.7240E+01
0000001 3.6071E+05  2.6040E+09  2.5678E+06  5.6097E+06  2.2410E-01  1.4869E+01
0000001 3.4495E+05  2.6744E+09  2.9517E+06  6.0892E+06  2.2972E-01  3.4734E+00
0000001 3.2928E+05  2.7426E+09  3.3188E+06  6.5303E+06  2.3566E-01  6.6309E+00
0000001 3.1349E+05  2.8086E+09  3.6769E+06  6.9437E+06  2.4204E-01  5.6885E+00
0000001 2.9790E+05  2.8724E+09  3.9484E+06  7.4533E+06  2.4877E-01  3.8801E+00
0000001 2.8223E+05  2.9347E+09  4.4207E+06  7.8495E+06  2.5603E-01  2.1148E+01
0000001 2.6662E+05  2.9940E+09  4.9123E+06  8.2746E+06  2.6380E-01  8.9863E+00
0000001 2.5094E+05  3.0517E+09  5.3301E+06  8.8323E+06  2.7222E-01  1.2913E+01
0000001 2.3522E+05  3.1078E+09  5.6751E+06  9.5410E+06  2.8135E-01  5.4879E+00
0000001 2.1960E+05  3.1629E+09  6.0837E+06  1.0443E+07  2.9119E-01  5.3335E+00
0000001 2.0380E+05  3.2155E+09  6.4894E+06  1.1485E+07  3.0200E-01  1.7887E+01
0000001 1.8817E+05  3.2660E+09  6.8027E+06  1.2275E+07  3.1363E-01  8.8372E+01
0000001 1.7254E+05  3.3145E+09  7.1402E+06  1.3043E+07  3.2625E-01  5.2213E+00
0000001 1.5685E+05  3.3614E+09  7.5546E+06  1.3827E+07  3.4000E-01  6.3777E+00
0000001 1.4103E+05  3.4069E+09  7.9024E+06  1.4295E+07  3.5496E-01  5.2300E+01
0000001 1.2539E+05  3.4509E+09  8.2335E+06  1.4665E+07  3.7074E-01  6.3348E+00
0000001 1.0961E+05  3.4923E+09  8.4409E+06  1.5080E+07  3.8742E-01  4.6677E+00
0000001 9.4002E+04  3.5314E+09  8.5918E+06  1.5415E+07  4.0506E-01  1.0140E+01
0000001 7.8286E+04  3.5698E+09  8.6800E+06  1.5687E+07  4.2116E-01  3.3782E+01
0000001 6.2633E+04  3.6063E+09  8.8011E+06  1.5857E+07  4.3680E-01  5.7397E+00
0000001 4.6929E+04  3.6411E+09  8.9384E+06  1.5977E+07  4.4631E-01  1.7676E+01
0000001 3.1318E+04  3.6757E+09  9.2054E+06  1.6139E+07  4.4104E-01  6.4030E+00
0000001 1.5629E+04  3.7130E+09  9.3884E+06  1.5838E+07  3.9272E-01  1.9659E+01
0000001 0.0000E+00  3.7843E+09 -6.1705E+04  1.8834E+07  0.0000E+00  1.3388E+00
