Calc. Date= 04-03-2023, Time= 10:28:00
============================== SRIM-2013.00 ==============================
 =====================================================================
 =                   Ion Energy vs Position File                     =
 =====================================================================
 =   AXIS DEFINITIONS: X=Depth, Y,Z= Lateral plane of target surface.=
 =   (If beam enters target at an angle, this tilt is in Y direction)=
 =   Shown are: Ion Number, Energy (keV), X, Y, Z Position           =
 ==================  CALCULATION   DATA  =============================
  Ion Data: Name, Mass,   Energy , Energy Interval
           He     004,00  5400keV    1000eV
 =====================================================================
Ion       Energy     Depth (X)     Y           Z       Electronic   Energy Lost to
Number    (keV)    (Angstrom)  (Angstrom)  (Angstrom)  Stop.(eV/A)  Last Recoil(eV)
------- ----------- ---------- ----------- ----------- -----------  ---------------
0000001 5,4000E+03  0,0000E+00  0,0000E+00  0,0000E+00  1,3536E+01  0,0000E+00
0000001 5,3866E+03  1,3878E+03  2,6175E-03 -9,4512E-03  1,3557E+01  2,1304E+01
0000001 5,3220E+03  6,2580E+03 -4,9528E+00 -2,5222E+01  1,3657E+01  5,2095E+00
0000001 5,2470E+03  1,1349E+04 -1,9457E+01 -6,1124E+01  1,3775E+01  4,9402E+02
0000001 5,1769E+03  1,6380E+04 -1,4764E+02 -1,5817E+02  1,3888E+01  4,0957E+00
0000001 5,1152E+03  2,1359E+04 -2,8557E+02 -2,5040E+02  1,3989E+01  2,9922E+00
0000001 5,0486E+03  2,6290E+04 -4,3118E+02 -3,3733E+02  1,4100E+01  5,0260E+00
0000001 4,9862E+03  3,1171E+04 -5,8166E+02 -4,3461E+02  1,4206E+01  4,1933E+00
0000001 4,9124E+03  3,6004E+04 -7,2920E+02 -5,1928E+02  1,4334E+01  3,6808E+00
0000001 4,8462E+03  4,0781E+04 -8,7847E+02 -6,1337E+02  1,4452E+01  2,6647E+01
0000001 4,7677E+03  4,5508E+04 -1,0032E+03 -7,2482E+02  1,4594E+01  3,5218E+00
0000001 4,6939E+03  5,0174E+04 -1,1344E+03 -8,4180E+02  1,4731E+01  1,2746E+02
0000001 4,6179E+03  5,4786E+04 -1,2071E+03 -9,2877E+02  1,4875E+01  3,2636E+00
0000001 4,5415E+03  5,9338E+04 -1,2717E+03 -1,0217E+03  1,5023E+01  4,8303E+00
0000001 4,4772E+03  6,3832E+04 -1,3375E+03 -1,1014E+03  1,5151E+01  4,7388E+00
0000001 4,4133E+03  6,8277E+04 -1,4098E+03 -1,1704E+03  1,5280E+01  1,6557E+01
0000001 4,3524E+03  7,2671E+04 -1,5025E+03 -1,2309E+03  1,5406E+01  3,9905E+00
0000001 4,2924E+03  7,7018E+04 -1,5896E+03 -1,2808E+03  1,5533E+01  3,9137E+00
0000001 4,2330E+03  8,1318E+04 -1,6847E+03 -1,3363E+03  1,5660E+01  9,5338E+01
0000001 4,1601E+03  8,5571E+04 -1,8315E+03 -1,4003E+03  1,5821E+01  6,9397E+00
0000001 4,0965E+03  8,9766E+04 -1,9813E+03 -1,4499E+03  1,5964E+01  4,2858E+00
0000001 4,0343E+03  9,3911E+04 -2,1181E+03 -1,4974E+03  1,6106E+01  6,0223E+00
0000001 3,9770E+03  9,8007E+04 -2,2665E+03 -1,5435E+03  1,6241E+01  2,5687E+02
0000001 3,9114E+03  1,0205E+05 -2,4876E+03 -1,6327E+03  1,6398E+01  8,2676E+00
0000001 3,8489E+03  1,0605E+05 -2,7213E+03 -1,7202E+03  1,6551E+01  3,6723E+00
0000001 3,7788E+03  1,0999E+05 -2,9544E+03 -1,8166E+03  1,6727E+01  9,8350E+00
0000001 3,7115E+03  1,1388E+05 -3,1985E+03 -1,9032E+03  1,6900E+01  7,1599E+00
0000001 3,6535E+03  1,1771E+05 -3,4251E+03 -1,9885E+03  1,7053E+01  5,8977E+00
0000001 3,5960E+03  1,2150E+05 -3,6480E+03 -2,0854E+03  1,7208E+01  9,4465E+00
0000001 3,5299E+03  1,2524E+05 -3,8796E+03 -2,1924E+03  1,7390E+01  8,5504E+00
0000001 3,4608E+03  1,2893E+05 -4,1208E+03 -2,2897E+03  1,7585E+01  5,6966E+00
0000001 3,3950E+03  1,3256E+05 -4,3489E+03 -2,3775E+03  1,7776E+01  1,1105E+01
0000001 3,3382E+03  1,3614E+05 -4,5573E+03 -2,4588E+03  1,7944E+01  3,7945E+00
0000001 3,2719E+03  1,3967E+05 -4,7568E+03 -2,5312E+03  1,8147E+01  5,8950E+00
0000001 3,2152E+03  1,4315E+05 -4,9416E+03 -2,6069E+03  1,8324E+01  2,1055E+01
0000001 3,1571E+03  1,4659E+05 -5,1124E+03 -2,7018E+03  1,8509E+01  4,2081E+00
0000001 3,0966E+03  1,4997E+05 -5,2787E+03 -2,7852E+03  1,8707E+01  1,0831E+01
0000001 3,0301E+03  1,5331E+05 -5,4393E+03 -2,8836E+03  1,8931E+01  5,2564E+00
0000001 2,9660E+03  1,5659E+05 -5,6073E+03 -2,9857E+03  1,9152E+01  3,6808E+00
0000001 2,9012E+03  1,5982E+05 -5,7646E+03 -3,0809E+03  1,9382E+01  3,5699E+00
0000001 2,8386E+03  1,6299E+05 -5,9101E+03 -3,1743E+03  1,9611E+01  1,2370E+01
0000001 2,7715E+03  1,6612E+05 -6,0517E+03 -3,2488E+03  1,9863E+01  7,8472E+01
0000001 2,7094E+03  1,6918E+05 -6,1599E+03 -3,3524E+03  2,0104E+01  2,1232E+01
0000001 2,6422E+03  1,7220E+05 -6,2448E+03 -3,4602E+03  2,0371E+01  4,3040E+00
0000001 2,5830E+03  1,7515E+05 -6,3202E+03 -3,5598E+03  2,0614E+01  7,9003E+00
0000001 2,5184E+03  1,7806E+05 -6,4075E+03 -3,6543E+03  2,0887E+01  9,7930E+00
0000001 2,4587E+03  1,8091E+05 -6,4841E+03 -3,7351E+03  2,1146E+01  1,2475E+01
0000001 2,3972E+03  1,8371E+05 -6,5714E+03 -3,8029E+03  2,1421E+01  1,5497E+02
0000001 2,3353E+03  1,8646E+05 -6,7120E+03 -3,8893E+03  2,1707E+01  2,9655E+01
0000001 2,2694E+03  1,8914E+05 -6,8579E+03 -3,9982E+03  2,2020E+01  1,4643E+01
0000001 2,2096E+03  1,9177E+05 -7,0096E+03 -4,1200E+03  2,2313E+01  6,8088E+00
0000001 2,1525E+03  1,9435E+05 -7,1656E+03 -4,2488E+03  2,2602E+01  4,7944E+01
0000001 2,0887E+03  1,9688E+05 -7,3409E+03 -4,3975E+03  2,2934E+01  8,7553E+00
0000001 2,0316E+03  1,9934E+05 -7,5051E+03 -4,5543E+03  2,3240E+01  7,0696E+00
0000001 1,9816E+03  2,0176E+05 -7,6774E+03 -4,7042E+03  2,3516E+01  4,4580E+00
0000001 1,9322E+03  2,0413E+05 -7,8485E+03 -4,8606E+03  2,3796E+01  4,7664E+00
0000001 1,8699E+03  2,0645E+05 -8,0175E+03 -5,0237E+03  2,4159E+01  4,4527E+00
0000001 1,8150E+03  2,0872E+05 -8,1872E+03 -5,1908E+03  2,4489E+01  3,5001E+00
0000001 1,7580E+03  2,1094E+05 -8,3580E+03 -5,3608E+03  2,4842E+01  5,3042E+00
0000001 1,7005E+03  2,1310E+05 -8,5235E+03 -5,5366E+03  2,5209E+01  7,3560E+01
0000001 1,6490E+03  2,1521E+05 -8,7146E+03 -5,7298E+03  2,5547E+01  1,2446E+01
0000001 1,5932E+03  2,1727E+05 -8,9160E+03 -5,9221E+03  2,5923E+01  2,1997E+01
0000001 1,5434E+03  2,1927E+05 -9,1202E+03 -6,1276E+03  2,6268E+01  3,3275E+00
0000001 1,4877E+03  2,2123E+05 -9,3120E+03 -6,3281E+03  2,6664E+01  4,1581E+00
0000001 1,4299E+03  2,2313E+05 -9,4911E+03 -6,5270E+03  2,7087E+01  2,1933E+01
0000001 1,3800E+03  2,2498E+05 -9,6674E+03 -6,7010E+03  2,7462E+01  3,2978E+00
0000001 1,3253E+03  2,2679E+05 -9,8438E+03 -6,8648E+03  2,7883E+01  6,8192E+00
0000001 1,2778E+03  2,2854E+05 -1,0007E+04 -7,0305E+03  2,8257E+01  6,3481E+00
0000001 1,2317E+03  2,3025E+05 -1,0162E+04 -7,1827E+03  2,8628E+01  4,0553E+00
0000001 1,1858E+03  2,3191E+05 -1,0313E+04 -7,3229E+03  2,9002E+01  4,1960E+00
0000001 1,1438E+03  2,3352E+05 -1,0468E+04 -7,4597E+03  2,9351E+01  1,5182E+01
0000001 1,0917E+03  2,3510E+05 -1,0611E+04 -7,5805E+03  2,9789E+01  1,1673E+01
0000001 1,0471E+03  2,3662E+05 -1,0741E+04 -7,6864E+03  3,0168E+01  2,1521E+01
0000001 1,0012E+03  2,3810E+05 -1,0860E+04 -7,8056E+03  3,0561E+01  3,6484E+00
0000001 9,5291E+02  2,3953E+05 -1,0975E+04 -7,9137E+03  3,0974E+01  8,2473E+00
0000001 9,0657E+02  2,4092E+05 -1,1092E+04 -8,0085E+03  3,1369E+01  8,8432E+00
0000001 8,6092E+02  2,4225E+05 -1,1207E+04 -8,0895E+03  3,1753E+01  3,6391E+00
0000001 8,2142E+02  2,4353E+05 -1,1324E+04 -8,1621E+03  3,2078E+01  4,9804E+00
0000001 7,8162E+02  2,4478E+05 -1,1442E+04 -8,2269E+03  3,2396E+01  4,1634E+00
0000001 7,3987E+02  2,4597E+05 -1,1563E+04 -8,2882E+03  3,2714E+01  4,0539E+00
0000001 6,9805E+02  2,4713E+05 -1,1674E+04 -8,3435E+03  3,3010E+01  2,7697E+01
0000001 6,6015E+02  2,4823E+05 -1,1798E+04 -8,3994E+03  3,3254E+01  3,7532E+01
0000001 6,2769E+02  2,4929E+05 -1,1912E+04 -8,4326E+03  3,3438E+01  3,8802E+00
0000001 5,9474E+02  2,5032E+05 -1,2027E+04 -8,4685E+03  3,3596E+01  6,8283E+00
0000001 5,5953E+02  2,5131E+05 -1,2143E+04 -8,4963E+03  3,3726E+01  3,7301E+00
0000001 5,2632E+02  2,5225E+05 -1,2258E+04 -8,5289E+03  3,3802E+01  8,0885E+00
0000001 4,9283E+02  2,5316E+05 -1,2370E+04 -8,5693E+03  3,3822E+01  3,9759E+00
0000001 4,6577E+02  2,5402E+05 -1,2483E+04 -8,6057E+03  3,3790E+01  3,3035E+01
0000001 4,3580E+02  2,5485E+05 -1,2589E+04 -8,6593E+03  3,3690E+01  7,8084E+00
0000001 4,0577E+02  2,5564E+05 -1,2684E+04 -8,7042E+03  3,3512E+01  7,3602E+00
0000001 3,8211E+02  2,5640E+05 -1,2770E+04 -8,7403E+03  3,3307E+01  4,7984E+00
0000001 3,5694E+02  2,5713E+05 -1,2847E+04 -8,7803E+03  3,3013E+01  1,2668E+02
0000001 3,3575E+02  2,5782E+05 -1,2953E+04 -8,8320E+03  3,2697E+01  8,5122E+01
0000001 3,1188E+02  2,5848E+05 -1,3068E+04 -8,8568E+03  3,2253E+01  1,2872E+01
0000001 2,9455E+02  2,5911E+05 -1,3166E+04 -8,8817E+03  3,1865E+01  8,8268E+00
0000001 2,7482E+02  2,5971E+05 -1,3253E+04 -8,9018E+03  3,1346E+01  7,6588E+02
0000001 2,5912E+02  2,6028E+05 -1,3415E+04 -8,9090E+03  3,0868E+01  7,7594E+00
0000001 2,4052E+02  2,6082E+05 -1,3570E+04 -8,9079E+03  3,0216E+01  4,6429E+00
0000001 2,2168E+02  2,6133E+05 -1,3716E+04 -8,9006E+03  2,9450E+01  3,8202E+01
0000001 2,0545E+02  2,6182E+05 -1,3842E+04 -8,9050E+03  2,8695E+01  4,9453E+00
0000001 1,9249E+02  2,6229E+05 -1,3961E+04 -8,9028E+03  2,8021E+01  7,7550E+00
0000001 1,8003E+02  2,6274E+05 -1,4069E+04 -8,9056E+03  2,7307E+01  1,1005E+01
0000001 1,6869E+02  2,6317E+05 -1,4166E+04 -8,9147E+03  2,6596E+01  7,9211E+00
0000001 1,5893E+02  2,6359E+05 -1,4254E+04 -8,9292E+03  2,5934E+01  1,0185E+01
0000001 1,4681E+02  2,6399E+05 -1,4345E+04 -8,9373E+03  2,5041E+01  8,4189E+00
0000001 1,3807E+02  2,6437E+05 -1,4425E+04 -8,9493E+03  2,4344E+01  1,6593E+01
0000001 1,2739E+02  2,6473E+05 -1,4509E+04 -8,9529E+03  2,3428E+01  5,6139E+01
0000001 1,2078E+02  2,6507E+05 -1,4591E+04 -8,9758E+03  2,2823E+01  7,8601E+00
0000001 1,1028E+02  2,6541E+05 -1,4675E+04 -8,9927E+03  2,1796E+01  4,2385E+01
0000001 1,0512E+02  2,6572E+05 -1,4758E+04 -9,0248E+03  2,1259E+01  2,4010E+01
0000001 9,8210E+01  2,6602E+05 -1,4826E+04 -9,0595E+03  2,0507E+01  1,2968E+01
0000001 9,1203E+01  2,6631E+05 -1,4894E+04 -9,1017E+03  1,9700E+01  1,7730E+03
0000001 8,5756E+01  2,6659E+05 -1,4938E+04 -9,0383E+03  1,9041E+01  4,4409E+00
0000001 8,0967E+01  2,6686E+05 -1,4981E+04 -8,9823E+03  1,8436E+01  6,6058E+00
0000001 7,6639E+01  2,6711E+05 -1,5026E+04 -8,9337E+03  1,7869E+01  1,8348E+01
0000001 7,2062E+01  2,6736E+05 -1,5078E+04 -8,8818E+03  1,7246E+01  1,8172E+01
0000001 6,5460E+01  2,6760E+05 -1,5120E+04 -8,8260E+03  1,6302E+01  9,3084E+00
0000001 5,9784E+01  2,6783E+05 -1,5153E+04 -8,7771E+03  1,5446E+01  2,3093E+01
0000001 5,4162E+01  2,6804E+05 -1,5194E+04 -8,7380E+03  1,4552E+01  1,5527E+01
0000001 5,2130E+01  2,6824E+05 -1,5226E+04 -8,6941E+03  1,4216E+01  6,0750E+00
0000001 4,7649E+01  2,6844E+05 -1,5252E+04 -8,6529E+03  1,3453E+01  8,7111E+00
0000001 4,6429E+01  2,6863E+05 -1,5270E+04 -8,6133E+03  1,3239E+01  5,0048E+00
0000001 4,5800E+01  2,6882E+05 -1,5283E+04 -8,5775E+03  1,3128E+01  4,9771E+00
0000001 4,4942E+01  2,6900E+05 -1,5301E+04 -8,5430E+03  1,2974E+01  1,3141E+01
0000001 4,2786E+01  2,6918E+05 -1,5315E+04 -8,5017E+03  1,2584E+01  7,0071E+02
0000001 4,0452E+01  2,6936E+05 -1,5307E+04 -8,5188E+03  1,2150E+01  1,3228E+01
0000001 3,7976E+01  2,6954E+05 -1,5292E+04 -8,5326E+03  1,1677E+01  2,2455E+02
0000001 3,4824E+01  2,6987E+05 -1,5302E+04 -8,4959E+03  1,1056E+01  2,9007E+02
0000001 3,1735E+01  2,7003E+05 -1,5337E+04 -8,4524E+03  1,0424E+01  1,8966E+01
0000001 3,0297E+01  2,7017E+05 -1,5379E+04 -8,4092E+03  1,0121E+01  4,8301E+01
0000001 2,8340E+01  2,7031E+05 -1,5422E+04 -8,3823E+03  9,6999E+00  8,9847E+00
0000001 2,7954E+01  2,7044E+05 -1,5457E+04 -8,3581E+03  9,6158E+00  2,2252E+01
0000001 2,6648E+01  2,7058E+05 -1,5489E+04 -8,3242E+03  9,3278E+00  1,7754E+02
0000001 2,5953E+01  2,7083E+05 -1,5599E+04 -8,2995E+03  9,1725E+00  8,6722E+00
0000001 2,3478E+01  2,7095E+05 -1,5655E+04 -8,2814E+03  8,6090E+00  1,4636E+02
0000001 2,1685E+01  2,7116E+05 -1,5798E+04 -8,2779E+03  8,1911E+00  9,3606E+00
0000001 2,0959E+01  2,7135E+05 -1,5948E+04 -8,2843E+03  8,0198E+00  8,1157E+00
0000001 1,9947E+01  2,7144E+05 -1,6027E+04 -8,2943E+03  7,7794E+00  4,7456E+00
0000001 1,7521E+01  2,7162E+05 -1,6175E+04 -8,3129E+03  7,1992E+00  3,1560E+01
0000001 1,6023E+01  2,7179E+05 -1,6306E+04 -8,3194E+03  6,8412E+00  2,7798E+01
0000001 1,5925E+01  2,7188E+05 -1,6371E+04 -8,3144E+03  6,8178E+00  9,8166E+01
0000001 1,4548E+01  2,7194E+05 -1,6449E+04 -8,3193E+03  6,4915E+00  2,3389E+01
0000001 1,3817E+01  2,7201E+05 -1,6523E+04 -8,3136E+03  6,3191E+00  5,6151E+00
0000001 1,2072E+01  2,7213E+05 -1,6662E+04 -8,3035E+03  5,9049E+00  3,1399E+01
0000001 1,1743E+01  2,7220E+05 -1,6717E+04 -8,3081E+03  5,8253E+00  3,0040E+01
0000001 1,0905E+01  2,7236E+05 -1,6801E+04 -8,3116E+03  5,6184E+00  7,9479E+01
0000001 9,5326E+00  2,7243E+05 -1,6840E+04 -8,2987E+03  5,2590E+00  4,9908E+02
0000001 8,7024E+00  2,7248E+05 -1,6869E+04 -8,2447E+03  5,0248E+00  5,4833E+00
0000001 7,8580E+00  2,7261E+05 -1,6949E+04 -8,0796E+03  4,7718E+00  1,0305E+01
0000001 6,9687E+00  2,7270E+05 -1,7009E+04 -7,9023E+03  4,4936E+00  2,5982E+01
0000001 5,9849E+00  2,7284E+05 -1,7087E+04 -7,7035E+03  4,1644E+00  5,9559E+00
0000001 4,9546E+00  2,7294E+05 -1,7177E+04 -7,5910E+03  3,7890E+00  1,6190E+01
0000001 3,9982E+00  2,7292E+05 -1,7398E+04 -7,5236E+03  3,4037E+00  1,1716E+02
0000001 2,9138E+00  2,7294E+05 -1,7616E+04 -7,4518E+03  2,9057E+00  1,3886E+01
0000001 1,9793E+00  2,7300E+05 -1,7910E+04 -7,3924E+03  2,3948E+00  4,0064E+01
0000001 8,4384E-01  2,7303E+05 -1,7929E+04 -7,2824E+03  1,5637E+00  5,4301E+02
0000001 0,0000E+00  2,7285E+05 -1,7992E+04 -7,4010E+03  0,0000E+00  2,3299E-01
