Calc. Date= 04-25-2023. Time= 15:45:47
============================== SRIM-2013.00 ==============================
 =====================================================================
 =                   Ion Energy vs Position File                     =
 =====================================================================
 =   AXIS DEFINITIONS: X=Depth. Y.Z= Lateral plane of target surface.=
 =   (If beam enters target at an angle. this tilt is in Y direction)=
 =   Shown are: Ion Number. Energy (keV). X. Y. Z Position           =
 ==================  CALCULATION   DATA  =============================
  Ion Data: Name. Mass.   Energy . Energy Interval
           He     015.00  20000keV    392156eV
 =====================================================================
Ion       Energy     Depth (X)     Y           Z       Electronic   Energy Lost to
Number    (keV)    (Angstrom)  (Angstrom)  (Angstrom)  Stop.(eV/A)  Last Recoil(eV)
------- ----------- ---------- ----------- ----------- -----------  ---------------
0000001 2.0000E+04  0.0000E+00  0.0000E+00  0.0000E+00  1.1949E-02  0.0000E+00
0000001 1.9550E+04  3.7986E+07 -9.9252E+03  4.0343E+04  1.2141E-02  2.1325E+00
0000001 1.9137E+04  7.1648E+07 -4.0600E+04  7.9048E+04  1.2323E-02  5.7174E+00
0000001 1.8811E+04  9.8151E+07 -3.6791E+04  9.6245E+04  1.2470E-02  1.7547E+01
0000001 1.8421E+04  1.3077E+08 -3.0559E+04  7.8909E+04  1.2651E-02  2.9946E+00
0000001 1.8020E+04  1.6283E+08 -7.5942E+04  8.6756E+03  1.2845E-02  1.3896E+01
0000001 1.7618E+04  1.9431E+08 -1.7581E+05 -5.6921E+04  1.3045E-02  2.9916E+00
0000001 1.7206E+04  2.2523E+08 -2.7919E+05 -8.7257E+04  1.3256E-02  1.2948E+01
0000001 1.6801E+04  2.5554E+08 -3.8557E+05 -4.6512E+04  1.3472E-02  5.4828E+00
0000001 1.6409E+04  2.8528E+08 -4.9663E+05 -2.7749E+04  1.3688E-02  1.9096E+01
0000001 1.6013E+04  3.1446E+08 -6.1103E+05 -7.1960E+04  1.3913E-02  6.0906E+00
0000001 1.5642E+04  3.4307E+08 -7.5441E+05 -1.7312E+05  1.4132E-02  1.9600E+01
0000001 1.5247E+04  3.7112E+08 -9.2176E+05 -2.6613E+05  1.4373E-02  6.8787E+00
0000001 1.4847E+04  3.9859E+08 -1.1309E+06 -3.5857E+05  1.4627E-02  5.6732E+00
0000001 1.4446E+04  4.2548E+08 -1.3431E+06 -4.3917E+05  1.4890E-02  5.5961E+00
0000001 1.4070E+04  4.5178E+08 -1.5350E+06 -5.9555E+05  1.5146E-02  4.2003E+01
0000001 1.3674E+04  4.7751E+08 -1.8682E+06 -7.5278E+05  1.5427E-02  3.9794E+00
0000001 1.3302E+04  5.0267E+08 -2.2205E+06 -9.2528E+05  1.5700E-02  3.0914E+00
0000001 1.2914E+04  5.2726E+08 -2.6308E+06 -1.0623E+06  1.5995E-02  4.2465E+00
0000001 1.2529E+04  5.5127E+08 -3.0605E+06 -1.1303E+06  1.6300E-02  3.5659E+00
0000001 1.2133E+04  5.7469E+08 -3.4684E+06 -1.1983E+06  1.6626E-02  1.3172E+01
0000001 1.1738E+04  5.9752E+08 -3.8621E+06 -1.2230E+06  1.6964E-02  1.7611E+01
0000001 1.1355E+04  6.1975E+08 -4.2504E+06 -1.2116E+06  1.7305E-02  3.2680E+00
0000001 1.0969E+04  6.4139E+08 -4.6456E+06 -1.1755E+06  1.7662E-02  1.2861E+01
0000001 1.0526E+04  6.6659E+08 -5.0585E+06 -1.0875E+06  1.8091E-02  5.1446E+00
0000001 1.0164E+04  6.8696E+08 -5.3529E+06 -1.0843E+06  1.8457E-02  1.7836E+01
0000001 9.7961E+03  7.0676E+08 -5.6767E+06 -1.1454E+06  1.8842E-02  1.1406E+01
0000001 9.3370E+03  7.2974E+08 -6.0844E+06 -1.1654E+06  1.9344E-02  1.8745E+01
0000001 8.9659E+03  7.4825E+08 -6.3781E+06 -1.1344E+06  1.9767E-02  2.4412E+00
0000001 8.5986E+03  7.6616E+08 -6.6553E+06 -1.0864E+06  2.0201E-02  1.0698E+01
0000001 8.1763E+03  7.8689E+08 -6.9180E+06 -1.0723E+06  2.0720E-02  7.5263E+00
0000001 7.8248E+03  8.0354E+08 -7.1086E+06 -1.0389E+06  2.1167E-02  1.4947E+01
0000001 7.4221E+03  8.2277E+08 -7.3670E+06 -9.9534E+05  2.1696E-02  5.9760E+00
0000001 7.0167E+03  8.4121E+08 -7.8564E+06 -1.0809E+06  2.2245E-02  4.6901E+00
0000001 6.6228E+03  8.5883E+08 -8.5622E+06 -1.2570E+06  2.2793E-02  8.6758E+00
0000001 6.2214E+03  8.7566E+08 -9.3167E+06 -1.4276E+06  2.3360E-02  2.6589E+00
0000001 5.8503E+03  8.9169E+08 -1.0010E+07 -1.5988E+06  2.3890E-02  3.1767E+01
0000001 5.4703E+03  9.0696E+08 -1.0668E+07 -1.8078E+06  2.4431E-02  2.0862E+01
0000001 5.0504E+03  9.2380E+08 -1.1350E+07 -2.0592E+06  2.5016E-02  1.0926E+01
0000001 4.6592E+03  9.3964E+08 -1.1958E+07 -2.3035E+06  2.5534E-02  4.7319E+00
0000001 4.2715E+03  9.5450E+08 -1.2501E+07 -2.5121E+06  2.6004E-02  7.3587E+00
0000001 3.8881E+03  9.6838E+08 -1.2991E+07 -2.6705E+06  2.6402E-02  8.5262E+00
0000001 3.4960E+03  9.8308E+08 -1.3601E+07 -2.8926E+06  2.6708E-02  4.5288E+00
0000001 3.1338E+03  9.9665E+08 -1.4181E+07 -3.0812E+06  2.6859E-02  3.0871E+00
0000001 2.7196E+03  1.0121E+09 -1.4880E+07 -3.3009E+06  2.6813E-02  4.3344E+00
0000001 2.3370E+03  1.0259E+09 -1.5474E+07 -3.4728E+06  2.6485E-02  5.4769E+02
0000001 1.9527E+03  1.0406E+09 -1.6206E+07 -3.4659E+06  2.5772E-02  6.4914E+00
0000001 1.5552E+03  1.0565E+09 -1.6930E+07 -3.4779E+06  2.4477E-02  2.9448E+00
0000001 1.1620E+03  1.0723E+09 -1.7550E+07 -3.7912E+06  2.2415E-02  5.2269E+00
0000001 7.7930E+02  1.0903E+09 -1.8374E+07 -4.3256E+06  1.9312E-02  4.6561E+00
0000001 3.8735E+02  1.1125E+09 -1.8973E+07 -3.1155E+06  1.4252E-02  1.0831E+01
0000001 0.0000E+00  1.1554E+09 -1.5641E+07 -1.0924E+07  0.0000E+00  3.6081E-01
