Calc. Date= 04-25-2023. Time= 15:45:29
============================== SRIM-2013.00 ==============================
 =====================================================================
 =                   Ion Energy vs Position File                     =
 =====================================================================
 =   AXIS DEFINITIONS: X=Depth. Y.Z= Lateral plane of target surface.=
 =   (If beam enters target at an angle. this tilt is in Y direction)=
 =   Shown are: Ion Number. Energy (keV). X. Y. Z Position           =
 ==================  CALCULATION   DATA  =============================
  Ion Data: Name. Mass.   Energy . Energy Interval
           He     015.00  30000keV    588235eV
 =====================================================================
Ion       Energy     Depth (X)     Y           Z       Electronic   Energy Lost to
Number    (keV)    (Angstrom)  (Angstrom)  (Angstrom)  Stop.(eV/A)  Last Recoil(eV)
------- ----------- ---------- ----------- ----------- -----------  ---------------
0000001 3.0000E+04  0.0000E+00  0.0000E+00  0.0000E+00  8.9204E-03  0.0000E+00
0000001 2.9397E+04  6.7210E+07  5.6194E+04  6.1118E+04  9.0553E-03  6.0634E+00
0000001 2.8803E+04  1.3308E+08  1.0814E+05  1.6289E+05  9.1926E-03  3.3744E+00
0000001 2.8198E+04  1.9782E+08  1.9308E+05  1.8442E+05  9.3371E-03  1.2652E+01
0000001 2.7622E+04  2.6143E+08  3.1134E+05  1.1255E+05  9.4791E-03  4.1368E+01
0000001 2.6978E+04  3.3283E+08  4.7418E+05 -2.5138E+04  9.6441E-03  1.1035E+01
0000001 2.6458E+04  3.8545E+08  5.5777E+05 -1.7660E+05  9.7822E-03  2.1315E+01
0000001 2.5878E+04  4.4577E+08  5.9295E+05 -5.0710E+05  9.9413E-03  6.4693E+01
0000001 2.5273E+04  5.0498E+08  5.3041E+05 -8.7451E+05  1.0113E-02  1.1097E+01
0000001 2.4664E+04  5.6304E+08  4.5235E+05 -1.1727E+06  1.0293E-02  6.4375E+00
0000001 2.4094E+04  6.1996E+08  3.9204E+05 -1.5385E+06  1.0468E-02  3.9363E+00
0000001 2.3503E+04  6.7575E+08  2.9305E+05 -1.9205E+06  1.0657E-02  2.1619E+01
0000001 2.2924E+04  7.3045E+08 -7.4386E+04 -2.1651E+06  1.0849E-02  2.0935E+00
0000001 2.2342E+04  7.8400E+08 -4.1584E+05 -2.3674E+06  1.1050E-02  5.5607E+00
0000001 2.1675E+04  8.4383E+08 -7.6361E+05 -2.6033E+06  1.1291E-02  1.0746E+01
0000001 2.1107E+04  8.9499E+08 -1.0747E+06 -2.8905E+06  1.1505E-02  2.3374E+00
0000001 2.0518E+04  9.4500E+08 -1.3255E+06 -3.2852E+06  1.1737E-02  1.0155E+01
0000001 1.9959E+04  9.9389E+08 -1.6256E+06 -3.7630E+06  1.1967E-02  3.3137E+00
0000001 1.9368E+04  1.0416E+09 -1.9726E+06 -4.2425E+06  1.2220E-02  7.5334E+00
0000001 1.8759E+04  1.0882E+09 -2.3393E+06 -4.6094E+06  1.2494E-02  2.9532E+00
0000001 1.8165E+04  1.1336E+09 -2.7347E+06 -4.9297E+06  1.2774E-02  4.9570E+00
0000001 1.7595E+04  1.1777E+09 -3.1917E+06 -5.2710E+06  1.3056E-02  2.4894E+00
0000001 1.7010E+04  1.2208E+09 -3.5007E+06 -5.7016E+06  1.3360E-02  4.8163E+00
0000001 1.6451E+04  1.2627E+09 -3.5559E+06 -6.1646E+06  1.3664E-02  5.8215E+00
0000001 1.5799E+04  1.3092E+09 -3.6967E+06 -6.5246E+06  1.4039E-02  4.3712E+00
0000001 1.5244E+04  1.3486E+09 -3.8298E+06 -6.7485E+06  1.4376E-02  8.3662E+00
0000001 1.4691E+04  1.3869E+09 -3.9570E+06 -6.9000E+06  1.4729E-02  3.4915E+00
0000001 1.4065E+04  1.4293E+09 -4.1320E+06 -7.0669E+06  1.5150E-02  1.1354E+01
0000001 1.3519E+04  1.4651E+09 -4.3059E+06 -7.1490E+06  1.5539E-02  1.1528E+01
0000001 1.2881E+04  1.5047E+09 -4.5121E+06 -7.2129E+06  1.6020E-02  3.2609E+00
0000001 1.2327E+04  1.5381E+09 -4.6676E+06 -7.2049E+06  1.6464E-02  3.1637E+00
0000001 1.1718E+04  1.5748E+09 -4.7467E+06 -7.2746E+06  1.6981E-02  1.9157E+01
0000001 1.1176E+04  1.6057E+09 -4.7259E+06 -7.2507E+06  1.7469E-02  5.7122E+00
0000001 1.0570E+04  1.6396E+09 -4.7228E+06 -7.1858E+06  1.8048E-02  4.2729E+00
0000001 9.9803E+03  1.6721E+09 -4.7039E+06 -7.1756E+06  1.8647E-02  4.2966E+00
0000001 9.4004E+03  1.7030E+09 -4.7059E+06 -7.1793E+06  1.9273E-02  2.5019E+01
0000001 8.8192E+03  1.7325E+09 -4.8010E+06 -7.1810E+06  1.9938E-02  3.2380E+01
0000001 8.1817E+03  1.7639E+09 -4.9705E+06 -7.3468E+06  2.0713E-02  5.8372E+00
0000001 7.6257E+03  1.7903E+09 -5.1246E+06 -7.5249E+06  2.1426E-02  1.7784E+02
0000001 7.0120E+03  1.8183E+09 -5.4129E+06 -7.9576E+06  2.2252E-02  2.7167E+01
0000001 6.4342E+03  1.8444E+09 -5.6590E+06 -8.5190E+06  2.3058E-02  6.7168E+00
0000001 5.8565E+03  1.8689E+09 -5.7652E+06 -9.0620E+06  2.3881E-02  1.1345E+01
0000001 5.2557E+03  1.8939E+09 -5.8599E+06 -9.7194E+06  2.4732E-02  1.9282E+01
0000001 4.6645E+03  1.9170E+09 -5.9278E+06 -1.0276E+07  2.5527E-02  3.7743E+00
0000001 4.1145E+03  1.9379E+09 -6.0317E+06 -1.0613E+07  2.6177E-02  4.6223E+00
0000001 3.5037E+03  1.9605E+09 -6.1337E+06 -1.0890E+07  2.6703E-02  2.3082E+02
0000001 2.9322E+03  1.9820E+09 -6.4630E+06 -1.1212E+07  2.6871E-02  1.2625E+01
0000001 2.3501E+03  2.0035E+09 -6.7452E+06 -1.1560E+07  2.6502E-02  3.8218E+00
0000001 1.7638E+03  2.0260E+09 -7.0925E+06 -1.1985E+07  2.5239E-02  1.5759E+01
0000001 1.1667E+03  2.0509E+09 -7.3853E+06 -1.2285E+07  2.2445E-02  9.5154E+00
0000001 5.8571E+02  2.0797E+09 -8.6668E+06 -1.3481E+07  1.7134E-02  4.7669E+00
0000001 0.0000E+00  2.1316E+09 -1.2618E+07 -1.7258E+07  0.0000E+00  6.7866E-01
