Calc. Date= 04-27-2023. Time= 14:39:16
============================== SRIM-2013.00 ==============================
 =====================================================================
 =                   Ion Energy vs Position File                     =
 =====================================================================
 =   AXIS DEFINITIONS: X=Depth. Y.Z= Lateral plane of target surface.=
 =   (If beam enters target at an angle. this tilt is in Y direction)=
 =   Shown are: Ion Number. Energy (keV). X. Y. Z Position           =
 ==================  CALCULATION   DATA  =============================
  Ion Data: Name. Mass.   Energy . Energy Interval
           Ca     040.00  600000keV    11764705eV
 =====================================================================
Ion       Energy     Depth (X)     Y           Z       Electronic   Energy Lost to
Number    (keV)    (Angstrom)  (Angstrom)  (Angstrom)  Stop.(eV/A)  Last Recoil(eV)
------- ----------- ---------- ----------- ----------- -----------  ---------------
0000001 6.0000E+05  0.0000E+00  0.0000E+00  0.0000E+00  1.6504E-01  0.0000E+00
0000001 5.8822E+05  7.1348E+07 -6.8637E+04 -5.0488E+04  1.6721E-01  6.1212E+00
0000001 5.7642E+05  1.4281E+08 -1.1468E+05 -1.4252E+05  1.6942E-01  5.0763E+00
0000001 5.6450E+05  2.1184E+08 -1.2975E+05 -2.7521E+05  1.7172E-01  6.0320E+00
0000001 5.5282E+05  2.7706E+08 -1.4971E+05 -4.0031E+05  1.7404E-01  4.1033E+00
0000001 5.4117E+05  3.4542E+08 -1.2484E+05 -4.9756E+05  1.7641E-01  9.3802E+00
0000001 5.2941E+05  4.1139E+08 -8.2099E+04 -5.8666E+05  1.7886E-01  1.6839E+02
0000001 5.1762E+05  4.7899E+08  8.3108E+04 -4.6921E+05  1.8139E-01  6.0939E+00
0000001 5.0578E+05  5.4419E+08  2.6187E+05 -3.3399E+05  1.8401E-01  5.3874E+01
0000001 4.9410E+05  6.0833E+08  3.4349E+05 -2.5458E+05  1.8666E-01  1.3661E+01
0000001 4.8222E+05  6.7266E+08  3.7212E+05 -2.1116E+05  1.8944E-01  9.0490E+01
0000001 4.7038E+05  7.3589E+08  2.1764E+05  4.3427E+04  1.9229E-01  4.9912E+00
0000001 4.5871E+05  7.9558E+08  1.2853E+05  2.4788E+05  1.9520E-01  4.9040E+00
0000001 4.4685E+05  8.5421E+08  1.7801E+05  4.4767E+05  1.9826E-01  8.3320E+00
0000001 4.3517E+05  9.1174E+08  2.5208E+05  6.5449E+05  2.0136E-01  4.4195E+00
0000001 4.2333E+05  9.7168E+08  3.5728E+05  8.6206E+05  2.0462E-01  5.4114E+00
0000001 4.1162E+05  1.0293E+09  4.6259E+05  1.1056E+06  2.0797E-01  2.0265E+02
0000001 3.9994E+05  1.0858E+09  4.7870E+05  1.4138E+06  2.1142E-01  6.0511E+00
0000001 3.8811E+05  1.1401E+09  4.6490E+05  1.6993E+06  2.1507E-01  9.3088E+00
0000001 3.7634E+05  1.1943E+09  3.6346E+05  2.0070E+06  2.1884E-01  1.0141E+01
0000001 3.6448E+05  1.2474E+09  3.4334E+05  2.2996E+06  2.2281E-01  4.5169E+00
0000001 3.5283E+05  1.2992E+09  3.6951E+05  2.6187E+06  2.2687E-01  4.2911E+01
0000001 3.4101E+05  1.3509E+09  3.5755E+05  2.8909E+06  2.3117E-01  4.3274E+00
0000001 3.2928E+05  1.4004E+09  2.6430E+05  3.1744E+06  2.3566E-01  4.3943E+00
0000001 3.1763E+05  1.4496E+09  1.6624E+05  3.3614E+06  2.4033E-01  5.1391E+00
0000001 3.0572E+05  1.4995E+09  1.0002E+05  3.5167E+06  2.4534E-01  1.5358E+01
0000001 2.9397E+05  1.5462E+09  7.6653E+04  3.6994E+06  2.5054E-01  6.5644E+00
0000001 2.8232E+05  1.5917E+09  1.6012E+04  3.9995E+06  2.5598E-01  1.8740E+01
0000001 2.7051E+05  1.6376E+09 -1.7231E+05  4.3036E+06  2.6181E-01  4.2068E+01
0000001 2.5881E+05  1.6822E+09 -4.1595E+05  4.5890E+06  2.6791E-01  3.3719E+02
0000001 2.4691E+05  1.7262E+09 -7.5813E+05  4.9256E+06  2.7449E-01  3.5104E+01
0000001 2.3523E+05  1.7681E+09 -1.1064E+06  5.2396E+06  2.8135E-01  8.5753E+01
0000001 2.2337E+05  1.8093E+09 -1.4748E+06  5.5600E+06  2.8874E-01  6.2578E+00
0000001 2.1157E+05  1.8498E+09 -1.9266E+06  5.7520E+06  2.9657E-01  6.1962E+00
0000001 1.9989E+05  1.8881E+09 -2.3744E+06  5.8605E+06  3.0482E-01  1.5297E+02
0000001 1.8809E+05  1.9263E+09 -2.8313E+06  5.9392E+06  3.1369E-01  4.6189E+00
0000001 1.7636E+05  1.9629E+09 -3.4386E+06  5.9878E+06  3.2308E-01  9.4655E+00
0000001 1.6465E+05  1.9986E+09 -4.1071E+06  5.9439E+06  3.3303E-01  6.0129E+01
0000001 1.5289E+05  2.0332E+09 -4.7694E+06  5.8389E+06  3.4365E-01  6.6619E+00
0000001 1.4112E+05  2.0666E+09 -5.3449E+06  5.8083E+06  3.5487E-01  8.8245E+02
0000001 1.2939E+05  2.0993E+09 -5.7911E+06  5.7611E+06  3.6662E-01  7.7923E+01
0000001 1.1746E+05  2.1312E+09 -6.0797E+06  5.6536E+06  3.7905E-01  1.4866E+01
0000001 1.0581E+05  2.1615E+09 -6.3415E+06  5.5253E+06  3.9151E-01  6.0221E+01
0000001 9.3971E+04  2.1915E+09 -6.6450E+06  5.3056E+06  4.0511E-01  5.4155E+00
0000001 8.2326E+04  2.2200E+09 -6.9275E+06  5.0584E+06  4.1787E-01  1.4454E+03
0000001 7.0497E+04  2.2478E+09 -7.1245E+06  4.8157E+06  4.2940E-01  9.4370E+00
0000001 5.8730E+04  2.2749E+09 -7.3596E+06  4.6962E+06  4.3997E-01  8.4356E+01
0000001 4.6931E+04  2.3011E+09 -7.5801E+06  4.6095E+06  4.4631E-01  3.2873E+01
0000001 3.5214E+04  2.3273E+09 -7.8088E+06  4.4975E+06  4.4456E-01  5.4147E+01
0000001 2.3453E+04  2.3544E+09 -8.3461E+06  4.2845E+06  4.2642E-01  1.4046E+01
0000001 1.1741E+04  2.3833E+09 -9.3445E+06  3.9394E+06  3.5980E-01  2.7727E+01
0000001 0.0000E+00  2.4487E+09 -7.7491E+06  4.5893E+05  0.0000E+00  1.5121E+00
