Calc. Date= 04-04-2023. Time= 13:35:21
============================== SRIM-2013.00 ==============================
 =====================================================================
 =                   Ion Energy vs Position File                     =
 =====================================================================
 =   AXIS DEFINITIONS: X=Depth. Y.Z= Lateral plane of target surface.=
 =   (If beam enters target at an angle. this tilt is in Y direction)=
 =   Shown are: Ion Number. Energy (keV). X. Y. Z Position           =
 ==================  CALCULATION   DATA  =============================
  Ion Data: Name. Mass.   Energy . Energy Interval
            C     012.00  100000keV    1000000eV
 =====================================================================
Ion       Energy     Depth (X)     Y           Z       Electronic   Energy Lost to
Number    (keV)    (Angstrom)  (Angstrom)  (Angstrom)  Stop.(eV/A)  Last Recoil(eV)
------- ----------- ---------- ----------- ----------- -----------  ---------------
0000001 1.0000E+05  0.0000E+00  0.0000E+00  0.0000E+00  2.6675E-02  0.0000E+00
0000001 9.8907E+04  3.9635E+07  1.3846E+04  1.9539E+04  2.6904E-02  1.7721E+01
0000001 9.7851E+04  7.6844E+07  5.0007E+04  5.4805E+04  2.7129E-02  8.5980E+00
0000001 9.6921E+04  1.0849E+08  9.2811E+04  1.0755E+05  2.7330E-02  6.3082E+00
0000001 9.5974E+04  1.3989E+08  1.6973E+05  1.6442E+05  2.7539E-02  2.4899E+00
0000001 9.4949E+04  1.7622E+08  2.7132E+05  2.3223E+05  2.7769E-02  1.3710E+01
0000001 9.3882E+04  2.1738E+08  3.9643E+05  3.6814E+05  2.8013E-02  7.5959E+00
0000001 9.2929E+04  2.4799E+08  4.6979E+05  4.8522E+05  2.8234E-02  9.4016E+00
0000001 9.1966E+04  2.8342E+08  6.2435E+05  5.8691E+05  2.8463E-02  1.6116E+01
0000001 9.0881E+04  3.2354E+08  8.3075E+05  6.4851E+05  2.8725E-02  3.5895E+00
0000001 8.9920E+04  3.5834E+08  1.0046E+06  6.8296E+05  2.8962E-02  6.0797E+02
0000001 8.8910E+04  3.9283E+08  1.1842E+06  8.0384E+05  2.9216E-02  8.7169E+00
0000001 8.7914E+04  4.2703E+08  1.3604E+06  9.2890E+05  2.9469E-02  8.1662E+00
0000001 8.6904E+04  4.6091E+08  1.5288E+06  1.0330E+06  2.9734E-02  1.6003E+01
0000001 8.5884E+04  4.9448E+08  1.6700E+06  1.0983E+06  3.0005E-02  3.1720E+00
0000001 8.4864E+04  5.2774E+08  1.8129E+06  1.1363E+06  3.0282E-02  4.4542E+00
0000001 8.3965E+04  5.5600E+08  1.9478E+06  1.1610E+06  3.0532E-02  3.5615E+00
0000001 8.2936E+04  5.8867E+08  2.0710E+06  1.1152E+06  3.0822E-02  1.1390E+01
0000001 8.1934E+04  6.2103E+08  2.2435E+06  1.0266E+06  3.1111E-02  5.1565E+00
0000001 8.0957E+04  6.5308E+08  2.4721E+06  8.8101E+05  3.1399E-02  3.5328E+00
0000001 7.9949E+04  6.8482E+08  2.7118E+06  7.4411E+05  3.1702E-02  8.9359E+00
0000001 7.8965E+04  7.1625E+08  2.9680E+06  6.4596E+05  3.2004E-02  1.0079E+01
0000001 7.7970E+04  7.4738E+08  3.1959E+06  5.7468E+05  3.2317E-02  3.7175E+00
0000001 7.6937E+04  7.7819E+08  3.4378E+06  5.5741E+05  3.2647E-02  9.7000E+00
0000001 7.5945E+04  8.0869E+08  3.6597E+06  5.3797E+05  3.2972E-02  5.5815E+00
0000001 7.4919E+04  8.3886E+08  3.8774E+06  5.1705E+05  3.3317E-02  3.3642E+00
0000001 7.3900E+04  8.6871E+08  4.0558E+06  5.2457E+05  3.3667E-02  3.5496E+00
0000001 7.2902E+04  8.9824E+08  4.1991E+06  5.2770E+05  3.4016E-02  4.7262E+01
0000001 7.1927E+04  9.2747E+08  4.3229E+06  6.1115E+05  3.4366E-02  9.6334E+00
0000001 7.0956E+04  9.5639E+08  4.4051E+06  7.1641E+05  3.4723E-02  4.0035E+03
0000001 6.9946E+04  9.8500E+08  4.6059E+06  5.8075E+05  3.5102E-02  1.3865E+01
0000001 6.8916E+04  1.0133E+09  4.8373E+06  4.4955E+05  3.5498E-02  2.1268E+01
0000001 6.7914E+04  1.0412E+09  5.1141E+06  3.2371E+05  3.5891E-02  5.9093E+00
0000001 6.6841E+04  1.0689E+09  5.4038E+06  2.3034E+05  3.6325E-02  6.5188E+00
0000001 6.5993E+04  1.0923E+09  5.7049E+06  1.5279E+05  3.6677E-02  4.2759E+01
0000001 6.4960E+04  1.1193E+09  6.0791E+06  3.3517E+04  3.7113E-02  2.9592E+01
0000001 6.3963E+04  1.1460E+09  6.4595E+06 -1.1091E+05  3.7546E-02  2.8834E+00
0000001 6.2962E+04  1.1723E+09  6.8827E+06 -2.6765E+05  3.7990E-02  5.8552E+00
0000001 6.1979E+04  1.1984E+09  7.3478E+06 -3.8399E+05  3.8438E-02  1.4459E+01
0000001 6.0854E+04  1.2277E+09  7.9248E+06 -4.9588E+05  3.8964E-02  1.4040E+01
0000001 5.9881E+04  1.2531E+09  8.4270E+06 -5.6897E+05  3.9433E-02  2.2762E+01
0000001 5.8959E+04  1.2746E+09  8.8457E+06 -6.7537E+05  3.9889E-02  4.4119E+00
0000001 5.7945E+04  1.2993E+09  9.3174E+06 -8.2612E+05  4.0401E-02  3.3491E+01
0000001 5.6996E+04  1.3237E+09  9.8138E+06 -9.3384E+05  4.0894E-02  1.3014E+01
0000001 5.5858E+04  1.3512E+09  1.0381E+07 -1.0146E+06  4.1501E-02  4.0151E+00
0000001 5.4972E+04  1.3716E+09  1.0817E+07 -1.0876E+06  4.1987E-02  8.6811E+00
0000001 5.3899E+04  1.3983E+09  1.1430E+07 -1.1621E+06  4.2591E-02  6.7599E+00
0000001 5.2940E+04  1.4214E+09  1.1970E+07 -1.2770E+06  4.3146E-02  7.3195E+00
0000001 5.1969E+04  1.4441E+09  1.2484E+07 -1.4522E+06  4.3724E-02  8.7767E+00
0000001 5.0881E+04  1.4697E+09  1.3006E+07 -1.7539E+06  4.4389E-02  4.1339E+01
0000001 4.9940E+04  1.4918E+09  1.3465E+07 -2.0281E+06  4.4982E-02  4.6443E+00
0000001 4.8949E+04  1.5135E+09  1.3948E+07 -2.3298E+06  4.5624E-02  9.7107E+00
0000001 4.7994E+04  1.5349E+09  1.4333E+07 -2.6564E+06  4.6259E-02  4.6942E+00
0000001 4.6977E+04  1.5560E+09  1.4661E+07 -2.9892E+06  4.6954E-02  1.1770E+01
0000001 4.5898E+04  1.5797E+09  1.5030E+07 -3.3245E+06  4.7718E-02  1.2854E+01
0000001 4.4895E+04  1.6000E+09  1.5375E+07 -3.6310E+06  4.8448E-02  2.7122E+02
0000001 4.3936E+04  1.6200E+09  1.5746E+07 -3.9439E+06  4.9167E-02  7.5079E+00
0000001 4.2981E+04  1.6397E+09  1.6107E+07 -4.2408E+06  4.9903E-02  1.3367E+01
0000001 4.1911E+04  1.6618E+09  1.6523E+07 -4.5550E+06  5.0753E-02  3.7935E+00
0000001 4.0886E+04  1.6808E+09  1.6869E+07 -4.8021E+06  5.1596E-02  2.7895E+01
0000001 3.9934E+04  1.6994E+09  1.7220E+07 -5.0757E+06  5.2400E-02  4.8671E+00
0000001 3.8967E+04  1.7177E+09  1.7589E+07 -5.3608E+06  5.3243E-02  1.5522E+01
0000001 3.7976E+04  1.7357E+09  1.7961E+07 -5.6432E+06  5.4133E-02  5.6240E+00
0000001 3.6979E+04  1.7533E+09  1.8336E+07 -5.9276E+06  5.5056E-02  4.6612E+00
0000001 3.5970E+04  1.7705E+09  1.8717E+07 -6.2196E+06  5.6023E-02  2.5043E+00
0000001 3.4856E+04  1.7898E+09  1.9136E+07 -6.5543E+06  5.7123E-02  1.0046E+01
0000001 3.3887E+04  1.8062E+09  1.9494E+07 -6.8619E+06  5.8114E-02  2.2827E+01
0000001 3.2950E+04  1.8224E+09  1.9871E+07 -7.1347E+06  5.9100E-02  5.2716E+00
0000001 3.1974E+04  1.8382E+09  2.0304E+07 -7.3694E+06  6.0160E-02  8.6870E+00
0000001 3.0991E+04  1.8536E+09  2.0795E+07 -7.5942E+06  6.1263E-02  7.7824E+00
0000001 2.9918E+04  1.8708E+09  2.1347E+07 -7.8198E+06  6.2506E-02  5.4183E+00
0000001 2.8888E+04  1.8875E+09  2.1915E+07 -8.0409E+06  6.3765E-02  1.7804E+01
0000001 2.7895E+04  1.9018E+09  2.2390E+07 -8.2333E+06  6.5186E-02  7.6079E+00
0000001 2.6996E+04  1.9157E+09  2.2837E+07 -8.4466E+06  6.6471E-02  5.3707E+00
0000001 2.5962E+04  1.9312E+09  2.3302E+07 -8.6810E+06  6.7881E-02  5.0852E+00
0000001 2.4899E+04  1.9462E+09  2.3711E+07 -8.9473E+06  6.9251E-02  4.1060E+00
0000001 2.3998E+04  1.9590E+09  2.4033E+07 -9.1854E+06  7.0379E-02  5.5083E+00
0000001 2.2879E+04  1.9749E+09  2.4409E+07 -9.4924E+06  7.2071E-02  2.1204E+02
0000001 2.1964E+04  1.9869E+09  2.4728E+07 -9.6631E+06  7.3538E-02  6.4640E+00
0000001 2.0977E+04  2.0002E+09  2.5067E+07 -9.8355E+06  7.5175E-02  3.7002E+01
0000001 1.9995E+04  2.0130E+09  2.5359E+07 -9.9854E+06  7.6862E-02  4.4816E+00
0000001 1.8920E+04  2.0269E+09  2.5652E+07 -1.0101E+07  7.8780E-02  4.8833E+00
0000001 1.7894E+04  2.0402E+09  2.5931E+07 -1.0161E+07  8.0684E-02  3.7745E+00
0000001 1.6993E+04  2.0516E+09  2.6173E+07 -1.0192E+07  8.2413E-02  5.4802E+00
0000001 1.5983E+04  2.0639E+09  2.6527E+07 -1.0240E+07  8.4424E-02  4.4934E+00
0000001 1.4960E+04  2.0756E+09  2.6913E+07 -1.0256E+07  8.6534E-02  3.3820E+01
0000001 1.3900E+04  2.0881E+09  2.7306E+07 -1.0227E+07  8.8809E-02  5.9594E+00
0000001 1.2969E+04  2.0987E+09  2.7640E+07 -1.0216E+07  9.0879E-02  1.5521E+02
0000001 1.1945E+04  2.1098E+09  2.7979E+07 -1.0261E+07  9.3234E-02  1.4030E+01
0000001 1.0981E+04  2.1204E+09  2.8260E+07 -1.0335E+07  9.5531E-02  1.8847E+01
0000001 9.9400E+03  2.1312E+09  2.8525E+07 -1.0454E+07  9.8090E-02  5.1836E+01
0000001 8.9047E+03  2.1413E+09  2.8795E+07 -1.0561E+07  1.0071E-01  5.7908E+00
0000001 7.9457E+03  2.1507E+09  2.9011E+07 -1.0661E+07  1.0317E-01  1.2916E+02
0000001 6.9923E+03  2.1600E+09  2.9164E+07 -1.0753E+07  1.0560E-01  4.7001E+00
0000001 5.9376E+03  2.1699E+09  2.9385E+07 -1.0853E+07  1.0810E-01  8.3275E+00
0000001 4.9760E+03  2.1787E+09  2.9649E+07 -1.0995E+07  1.0989E-01  6.8333E+01
0000001 3.9918E+03  2.1875E+09  2.9712E+07 -1.1193E+07  1.1045E-01  1.9681E+01
0000001 2.9744E+03  2.1968E+09  2.9519E+07 -1.1445E+07  1.0780E-01  7.7416E+00
0000001 1.9816E+03  2.2063E+09  2.9143E+07 -1.1591E+07  9.7703E-02  8.6728E+00
0000001 9.9684E+02  2.2182E+09  2.8851E+07 -1.1989E+07  7.0131E-02  9.6628E+01
0000001 0.0000E+00  2.2445E+09  2.8730E+07 -1.1588E+07  0.0000E+00  7.2616E+00
