<<<<<<< HEAD
Calc. Date= 04-26-2023. Time= 11:25:51
============================== SRIM-2013.00 ==============================
 =====================================================================
 =                   Ion Energy vs Position File                     =
 =====================================================================
 =   AXIS DEFINITIONS: X=Depth. Y.Z= Lateral plane of target surface.=
 =   (If beam enters target at an angle. this tilt is in Y direction)=
 =   Shown are: Ion Number. Energy (keV). X. Y. Z Position           =
 ==================  CALCULATION   DATA  =============================
  Ion Data: Name. Mass.   Energy . Energy Interval
           He     004.00  5400keV    10000eV
 =====================================================================
Ion       Energy     Depth (X)     Y           Z       Electronic   Energy Lost to
Number    (keV)    (Angstrom)  (Angstrom)  (Angstrom)  Stop.(eV/A)  Last Recoil(eV)
------- ----------- ---------- ----------- ----------- -----------  ---------------
0000001 5.4000E+03  0.0000E+00  0.0000E+00  0.0000E+00  1.1845E-02  0.0000E+00
0000001 5.3807E+03  1.6396E+06  3.5345E+02  4.4324E+02  1.1876E-02  5.5155E-01
0000001 5.3036E+03  8.5948E+06  5.9304E+03 -1.9257E+02  1.1996E-02  9.1079E+00
0000001 5.2236E+03  1.5469E+07  2.4375E+04  7.9185E+03  1.2124E-02  3.2086E+00
0000001 5.1430E+03  2.2258E+07  5.3959E+04  1.8232E+04  1.2256E-02  5.1212E+00
0000001 5.0557E+03  2.8961E+07  9.3355E+04  1.7985E+04  1.2403E-02  2.6928E+00
0000001 4.9691E+03  3.5572E+07  1.2457E+05  2.1137E+04  1.2552E-02  8.5875E+00
0000001 4.8778E+03  4.2091E+07  1.7297E+05  1.8089E+04  1.2713E-02  3.7567E+00
0000001 4.7865E+03  4.8512E+07  2.1177E+05  6.6062E+03  1.2879E-02  1.1735E+01
0000001 4.6965E+03  5.4836E+07  2.2979E+05 -1.2300E+04  1.3047E-02  1.5867E+01
0000001 4.6065E+03  6.1062E+07  2.3296E+05 -5.1167E+04  1.3221E-02  1.8594E+02
0000001 4.5237E+03  6.7192E+07  1.9136E+05 -1.7291E+04  1.3384E-02  7.5312E+00
0000001 4.4452E+03  7.3232E+07  1.4873E+05  3.2996E+04  1.3544E-02  4.4364E+00
0000001 4.3684E+03  7.9187E+07  1.0990E+05  7.0013E+04  1.3703E-02  8.2382E+00
0000001 4.2905E+03  8.5059E+07  5.6336E+04  1.1519E+05  1.3869E-02  1.0262E+01
0000001 4.2173E+03  9.0846E+07 -1.5776E+04  1.5704E+05  1.4029E-02  4.0962E+00
0000001 4.1391E+03  9.6553E+07 -9.5347E+04  1.8943E+05  1.4205E-02  2.5456E+01
0000001 4.0515E+03  1.0217E+08 -1.8925E+05  2.3985E+05  1.4407E-02  2.4618E+00
0000001 3.9731E+03  1.0770E+08 -2.7556E+05  2.8493E+05  1.4593E-02  5.0611E+00
0000001 3.8985E+03  1.1314E+08 -3.4852E+05  3.2341E+05  1.4775E-02  4.7564E+00
0000001 3.8177E+03  1.1849E+08 -4.2885E+05  3.7103E+05  1.4978E-02  6.8964E+00
0000001 3.7477E+03  1.2376E+08 -4.9245E+05  4.1903E+05  1.5158E-02  4.8854E+00
0000001 3.6758E+03  1.2895E+08 -5.6732E+05  4.6209E+05  1.5347E-02  6.8169E+01
0000001 3.5899E+03  1.3406E+08 -5.9311E+05  5.0637E+05  1.5581E-02  5.0626E+00
0000001 3.5166E+03  1.3907E+08 -6.2994E+05  5.4386E+05  1.5786E-02  1.7572E+01
0000001 3.4322E+03  1.4400E+08 -6.8714E+05  5.9245E+05  1.6028E-02  5.0415E+00
0000001 3.3500E+03  1.4884E+08 -7.4884E+05  6.5159E+05  1.6273E-02  1.2999E+01
0000001 3.2732E+03  1.5358E+08 -8.2255E+05  7.0020E+05  1.6507E-02  3.7886E+00
0000001 3.1990E+03  1.5824E+08 -8.9170E+05  7.3749E+05  1.6741E-02  8.0339E+00
0000001 3.1214E+03  1.6281E+08 -9.5131E+05  7.8754E+05  1.6992E-02  4.8157E+00
0000001 3.0485E+03  1.6729E+08 -1.0137E+06  8.4544E+05  1.7235E-02  5.1921E+00
0000001 2.9698E+03  1.7169E+08 -1.0847E+06  9.1005E+05  1.7505E-02  5.7516E+00
0000001 2.8920E+03  1.7600E+08 -1.1416E+06  9.7641E+05  1.7781E-02  2.4753E+00
0000001 2.8095E+03  1.8022E+08 -1.1979E+06  1.0347E+06  1.8082E-02  2.0466E+01
0000001 2.7405E+03  1.8434E+08 -1.2429E+06  1.0695E+06  1.8341E-02  3.9405E+00
0000001 2.6611E+03  1.8838E+08 -1.2797E+06  1.0995E+06  1.8648E-02  3.1501E+01
0000001 2.5842E+03  1.9233E+08 -1.3265E+06  1.1565E+06  1.8955E-02  7.7484E+00
0000001 2.5091E+03  1.9619E+08 -1.3835E+06  1.2094E+06  1.9263E-02  1.2971E+01
0000001 2.4419E+03  1.9996E+08 -1.4338E+06  1.2789E+06  1.9546E-02  4.5980E+00
0000001 2.3663E+03  2.0365E+08 -1.4868E+06  1.3392E+06  1.9874E-02  4.3688E+01
0000001 2.2991E+03  2.0725E+08 -1.5219E+06  1.3687E+06  2.0173E-02  3.3607E+00
0000001 2.2244E+03  2.1077E+08 -1.5488E+06  1.3918E+06  2.0514E-02  2.2651E+01
0000001 2.1531E+03  2.1420E+08 -1.5852E+06  1.4359E+06  2.0848E-02  5.3780E+00
0000001 2.0840E+03  2.1754E+08 -1.6242E+06  1.4680E+06  2.1179E-02  3.7873E+01
0000001 2.0187E+03  2.2080E+08 -1.6481E+06  1.5260E+06  2.1499E-02  8.9641E+00
0000001 1.9570E+03  2.2397E+08 -1.6569E+06  1.5810E+06  2.1807E-02  4.7478E+01
0000001 1.8892E+03  2.2708E+08 -1.6491E+06  1.6058E+06  2.2152E-02  7.3944E+00
0000001 1.8200E+03  2.3009E+08 -1.6285E+06  1.6289E+06  2.2510E-02  8.5173E+00
0000001 1.7598E+03  2.3303E+08 -1.6155E+06  1.6395E+06  2.2826E-02  3.5428E+00
0000001 1.6980E+03  2.3588E+08 -1.5983E+06  1.6551E+06  2.3153E-02  6.3037E+01
0000001 1.6316E+03  2.3866E+08 -1.5986E+06  1.7031E+06  2.3507E-02  1.8890E+01
0000001 1.5737E+03  2.4135E+08 -1.5949E+06  1.7649E+06  2.3817E-02  2.5244E+02
0000001 1.5135E+03  2.4397E+08 -1.5878E+06  1.7529E+06  2.4140E-02  5.0916E+00
0000001 1.4512E+03  2.4651E+08 -1.5886E+06  1.7478E+06  2.4471E-02  5.7159E+01
0000001 1.3952E+03  2.4897E+08 -1.6121E+06  1.7677E+06  2.4765E-02  2.4246E+01
0000001 1.3369E+03  2.5136E+08 -1.6255E+06  1.8067E+06  2.5066E-02  6.0003E+00
0000001 1.2833E+03  2.5367E+08 -1.6284E+06  1.8409E+06  2.5335E-02  4.6595E+00
0000001 1.2289E+03  2.5591E+08 -1.6383E+06  1.8763E+06  2.5598E-02  4.4012E+00
0000001 1.1773E+03  2.5808E+08 -1.6447E+06  1.9188E+06  2.5837E-02  4.2014E+02
0000001 1.1276E+03  2.6017E+08 -1.6858E+06  1.8810E+06  2.6053E-02  1.9786E+01
0000001 1.0755E+03  2.6220E+08 -1.7309E+06  1.8267E+06  2.6262E-02  8.8218E+00
0000001 1.0268E+03  2.6416E+08 -1.7711E+06  1.7625E+06  2.6437E-02  9.5216E+00
0000001 9.7619E+02  2.6605E+08 -1.8015E+06  1.7098E+06  2.6595E-02  6.3709E+00
0000001 9.2272E+02  2.6787E+08 -1.8301E+06  1.6490E+06  2.6729E-02  7.7157E+00
0000001 8.7697E+02  2.6961E+08 -1.8579E+06  1.6016E+06  2.6813E-02  1.8336E+01
0000001 8.3554E+02  2.7129E+08 -1.8814E+06  1.5397E+06  2.6859E-02  2.7982E+00
0000001 7.9102E+02  2.7290E+08 -1.9017E+06  1.4753E+06  2.6873E-02  1.5065E+01
0000001 7.5116E+02  2.7446E+08 -1.9172E+06  1.3993E+06  2.6849E-02  1.4042E+02
0000001 7.1384E+02  2.7595E+08 -1.9564E+06  1.3635E+06  2.6792E-02  7.4693E+00
0000001 6.7859E+02  2.7739E+08 -1.9973E+06  1.3194E+06  2.6703E-02  5.8742E+00
0000001 6.3790E+02  2.7877E+08 -2.0298E+06  1.2714E+06  2.6553E-02  1.2628E+02
0000001 5.9860E+02  2.8010E+08 -2.1012E+06  1.2298E+06  2.6354E-02  4.9595E+00
0000001 5.6761E+02  2.8136E+08 -2.1677E+06  1.1962E+06  2.6154E-02  3.0045E+01
0000001 5.3949E+02  2.8257E+08 -2.2426E+06  1.1480E+06  2.5937E-02  1.4691E+01
0000001 5.0603E+02  2.8374E+08 -2.3208E+06  1.1134E+06  2.5631E-02  1.5003E+01
0000001 4.7929E+02  2.8486E+08 -2.3895E+06  1.0923E+06  2.5344E-02  6.1620E+02
0000001 4.5475E+02  2.8592E+08 -2.5375E+06  1.0557E+06  2.5045E-02  8.8215E+00
0000001 4.2990E+02  2.8695E+08 -2.6733E+06  1.0278E+06  2.4705E-02  1.7526E+01
0000001 4.0404E+02  2.8793E+08 -2.8022E+06  9.8730E+05  2.4308E-02  4.7921E+00
0000001 3.8365E+02  2.8887E+08 -2.9189E+06  9.5117E+05  2.3960E-02  1.0313E+02
0000001 3.6124E+02  2.8978E+08 -3.0388E+06  8.8466E+05  2.3541E-02  1.4690E+01
0000001 3.3713E+02  2.9065E+08 -3.1419E+06  8.2322E+05  2.3043E-02  7.2560E+00
0000001 3.2097E+02  2.9147E+08 -3.2411E+06  7.7310E+05  2.2679E-02  3.1308E+00
0000001 3.0515E+02  2.9227E+08 -3.3327E+06  7.2348E+05  2.2299E-02  8.9755E+00
0000001 2.8718E+02  2.9305E+08 -3.4244E+06  6.8417E+05  2.1835E-02  9.6475E+00
0000001 2.6889E+02  2.9379E+08 -3.5045E+06  6.4120E+05  2.1326E-02  6.0629E+00
0000001 2.5084E+02  2.9449E+08 -3.5830E+06  5.9471E+05  2.0784E-02  4.9824E+00
0000001 2.3644E+02  2.9516E+08 -3.6592E+06  5.5546E+05  2.0321E-02  2.4045E+01
0000001 2.2146E+02  2.9581E+08 -3.7259E+06  5.3048E+05  1.9809E-02  9.5106E+01
0000001 2.1020E+02  2.9643E+08 -3.7980E+06  5.3339E+05  1.9401E-02  5.1009E+00
0000001 1.9597E+02  2.9702E+08 -3.8638E+06  5.3095E+05  1.8856E-02  1.2391E+01
0000001 1.8768E+02  2.9759E+08 -3.9348E+06  5.2319E+05  1.8523E-02  3.5645E+00
0000001 1.7565E+02  2.9814E+08 -4.0061E+06  5.1229E+05  1.8016E-02  7.3762E+01
0000001 1.6828E+02  2.9867E+08 -4.0509E+06  4.9882E+05  1.7692E-02  6.3024E+00
0000001 1.5903E+02  2.9918E+08 -4.0899E+06  4.8871E+05  1.7268E-02  3.6449E+00
0000001 1.4873E+02  2.9967E+08 -4.1255E+06  4.7537E+05  1.6774E-02  2.3310E+01
0000001 1.3913E+02  3.0014E+08 -4.1682E+06  4.5738E+05  1.6290E-02  7.9610E+00
0000001 1.2501E+02  3.0103E+08 -4.2389E+06  4.3320E+05  1.5534E-02  8.9784E+00
0000001 1.1505E+02  3.0185E+08 -4.3102E+06  4.2303E+05  1.4965E-02  9.0037E+00
0000001 1.0923E+02  3.0225E+08 -4.3525E+06  4.2683E+05  1.4618E-02  6.6764E+00
0000001 9.9388E+01  3.0300E+08 -4.4423E+06  4.4807E+05  1.4004E-02  3.0125E+01
0000001 8.6681E+01  3.0404E+08 -4.5845E+06  5.8239E+05  1.3157E-02  4.7806E+01
0000001 7.9738E+01  3.0467E+08 -4.6511E+06  7.1929E+05  1.2664E-02  9.7407E+00
0000001 6.8056E+01  3.0555E+08 -4.7177E+06  9.5004E+05  1.1778E-02  9.7646E+00
0000001 5.8366E+01  3.0609E+08 -4.7539E+06  1.0674E+06  1.0977E-02  5.1990E+01
0000001 4.7880E+01  3.0680E+08 -4.7900E+06  1.2674E+06  1.0015E-02  8.7969E+00
0000001 3.8014E+01  3.0780E+08 -4.6614E+06  1.6285E+06  8.9769E-03  1.6244E+01
0000001 2.9938E+01  3.0937E+08 -4.3596E+06  2.0467E+06  7.9920E-03  1.3421E+01
0000001 1.8979E+01  3.1063E+08 -3.9529E+06  2.2397E+06  6.3700E-03  3.7377E+01
0000001 9.4043E+00  3.1245E+08 -3.2212E+06  2.2310E+06  4.4783E-03  1.0175E+01
0000001 0.0000E+00  3.1435E+08 -3.3839E+06  2.2766E+06  0.0000E+00  2.1274E-01
=======
Calc. Date= 04-26-2023. Time= 11:25:51
============================== SRIM-2013.00 ==============================
 =====================================================================
 =                   Ion Energy vs Position File                     =
 =====================================================================
 =   AXIS DEFINITIONS: X=Depth. Y.Z= Lateral plane of target surface.=
 =   (If beam enters target at an angle. this tilt is in Y direction)=
 =   Shown are: Ion Number. Energy (keV). X. Y. Z Position           =
 ==================  CALCULATION   DATA  =============================
  Ion Data: Name. Mass.   Energy . Energy Interval
           He     004.00  5400keV    10000eV
 =====================================================================
Ion       Energy     Depth (X)     Y           Z       Electronic   Energy Lost to
Number    (keV)    (Angstrom)  (Angstrom)  (Angstrom)  Stop.(eV/A)  Last Recoil(eV)
------- ----------- ---------- ----------- ----------- -----------  ---------------
0000001 5.4000E+03  0.0000E+00  0.0000E+00  0.0000E+00  1.1845E-02  0.0000E+00
0000001 5.3807E+03  1.6396E+06  3.5345E+02  4.4324E+02  1.1876E-02  5.5155E-01
0000001 5.3036E+03  8.5948E+06  5.9304E+03 -1.9257E+02  1.1996E-02  9.1079E+00
0000001 5.2236E+03  1.5469E+07  2.4375E+04  7.9185E+03  1.2124E-02  3.2086E+00
0000001 5.1430E+03  2.2258E+07  5.3959E+04  1.8232E+04  1.2256E-02  5.1212E+00
0000001 5.0557E+03  2.8961E+07  9.3355E+04  1.7985E+04  1.2403E-02  2.6928E+00
0000001 4.9691E+03  3.5572E+07  1.2457E+05  2.1137E+04  1.2552E-02  8.5875E+00
0000001 4.8778E+03  4.2091E+07  1.7297E+05  1.8089E+04  1.2713E-02  3.7567E+00
0000001 4.7865E+03  4.8512E+07  2.1177E+05  6.6062E+03  1.2879E-02  1.1735E+01
0000001 4.6965E+03  5.4836E+07  2.2979E+05 -1.2300E+04  1.3047E-02  1.5867E+01
0000001 4.6065E+03  6.1062E+07  2.3296E+05 -5.1167E+04  1.3221E-02  1.8594E+02
0000001 4.5237E+03  6.7192E+07  1.9136E+05 -1.7291E+04  1.3384E-02  7.5312E+00
0000001 4.4452E+03  7.3232E+07  1.4873E+05  3.2996E+04  1.3544E-02  4.4364E+00
0000001 4.3684E+03  7.9187E+07  1.0990E+05  7.0013E+04  1.3703E-02  8.2382E+00
0000001 4.2905E+03  8.5059E+07  5.6336E+04  1.1519E+05  1.3869E-02  1.0262E+01
0000001 4.2173E+03  9.0846E+07 -1.5776E+04  1.5704E+05  1.4029E-02  4.0962E+00
0000001 4.1391E+03  9.6553E+07 -9.5347E+04  1.8943E+05  1.4205E-02  2.5456E+01
0000001 4.0515E+03  1.0217E+08 -1.8925E+05  2.3985E+05  1.4407E-02  2.4618E+00
0000001 3.9731E+03  1.0770E+08 -2.7556E+05  2.8493E+05  1.4593E-02  5.0611E+00
0000001 3.8985E+03  1.1314E+08 -3.4852E+05  3.2341E+05  1.4775E-02  4.7564E+00
0000001 3.8177E+03  1.1849E+08 -4.2885E+05  3.7103E+05  1.4978E-02  6.8964E+00
0000001 3.7477E+03  1.2376E+08 -4.9245E+05  4.1903E+05  1.5158E-02  4.8854E+00
0000001 3.6758E+03  1.2895E+08 -5.6732E+05  4.6209E+05  1.5347E-02  6.8169E+01
0000001 3.5899E+03  1.3406E+08 -5.9311E+05  5.0637E+05  1.5581E-02  5.0626E+00
0000001 3.5166E+03  1.3907E+08 -6.2994E+05  5.4386E+05  1.5786E-02  1.7572E+01
0000001 3.4322E+03  1.4400E+08 -6.8714E+05  5.9245E+05  1.6028E-02  5.0415E+00
0000001 3.3500E+03  1.4884E+08 -7.4884E+05  6.5159E+05  1.6273E-02  1.2999E+01
0000001 3.2732E+03  1.5358E+08 -8.2255E+05  7.0020E+05  1.6507E-02  3.7886E+00
0000001 3.1990E+03  1.5824E+08 -8.9170E+05  7.3749E+05  1.6741E-02  8.0339E+00
0000001 3.1214E+03  1.6281E+08 -9.5131E+05  7.8754E+05  1.6992E-02  4.8157E+00
0000001 3.0485E+03  1.6729E+08 -1.0137E+06  8.4544E+05  1.7235E-02  5.1921E+00
0000001 2.9698E+03  1.7169E+08 -1.0847E+06  9.1005E+05  1.7505E-02  5.7516E+00
0000001 2.8920E+03  1.7600E+08 -1.1416E+06  9.7641E+05  1.7781E-02  2.4753E+00
0000001 2.8095E+03  1.8022E+08 -1.1979E+06  1.0347E+06  1.8082E-02  2.0466E+01
0000001 2.7405E+03  1.8434E+08 -1.2429E+06  1.0695E+06  1.8341E-02  3.9405E+00
0000001 2.6611E+03  1.8838E+08 -1.2797E+06  1.0995E+06  1.8648E-02  3.1501E+01
0000001 2.5842E+03  1.9233E+08 -1.3265E+06  1.1565E+06  1.8955E-02  7.7484E+00
0000001 2.5091E+03  1.9619E+08 -1.3835E+06  1.2094E+06  1.9263E-02  1.2971E+01
0000001 2.4419E+03  1.9996E+08 -1.4338E+06  1.2789E+06  1.9546E-02  4.5980E+00
0000001 2.3663E+03  2.0365E+08 -1.4868E+06  1.3392E+06  1.9874E-02  4.3688E+01
0000001 2.2991E+03  2.0725E+08 -1.5219E+06  1.3687E+06  2.0173E-02  3.3607E+00
0000001 2.2244E+03  2.1077E+08 -1.5488E+06  1.3918E+06  2.0514E-02  2.2651E+01
0000001 2.1531E+03  2.1420E+08 -1.5852E+06  1.4359E+06  2.0848E-02  5.3780E+00
0000001 2.0840E+03  2.1754E+08 -1.6242E+06  1.4680E+06  2.1179E-02  3.7873E+01
0000001 2.0187E+03  2.2080E+08 -1.6481E+06  1.5260E+06  2.1499E-02  8.9641E+00
0000001 1.9570E+03  2.2397E+08 -1.6569E+06  1.5810E+06  2.1807E-02  4.7478E+01
0000001 1.8892E+03  2.2708E+08 -1.6491E+06  1.6058E+06  2.2152E-02  7.3944E+00
0000001 1.8200E+03  2.3009E+08 -1.6285E+06  1.6289E+06  2.2510E-02  8.5173E+00
0000001 1.7598E+03  2.3303E+08 -1.6155E+06  1.6395E+06  2.2826E-02  3.5428E+00
0000001 1.6980E+03  2.3588E+08 -1.5983E+06  1.6551E+06  2.3153E-02  6.3037E+01
0000001 1.6316E+03  2.3866E+08 -1.5986E+06  1.7031E+06  2.3507E-02  1.8890E+01
0000001 1.5737E+03  2.4135E+08 -1.5949E+06  1.7649E+06  2.3817E-02  2.5244E+02
0000001 1.5135E+03  2.4397E+08 -1.5878E+06  1.7529E+06  2.4140E-02  5.0916E+00
0000001 1.4512E+03  2.4651E+08 -1.5886E+06  1.7478E+06  2.4471E-02  5.7159E+01
0000001 1.3952E+03  2.4897E+08 -1.6121E+06  1.7677E+06  2.4765E-02  2.4246E+01
0000001 1.3369E+03  2.5136E+08 -1.6255E+06  1.8067E+06  2.5066E-02  6.0003E+00
0000001 1.2833E+03  2.5367E+08 -1.6284E+06  1.8409E+06  2.5335E-02  4.6595E+00
0000001 1.2289E+03  2.5591E+08 -1.6383E+06  1.8763E+06  2.5598E-02  4.4012E+00
0000001 1.1773E+03  2.5808E+08 -1.6447E+06  1.9188E+06  2.5837E-02  4.2014E+02
0000001 1.1276E+03  2.6017E+08 -1.6858E+06  1.8810E+06  2.6053E-02  1.9786E+01
0000001 1.0755E+03  2.6220E+08 -1.7309E+06  1.8267E+06  2.6262E-02  8.8218E+00
0000001 1.0268E+03  2.6416E+08 -1.7711E+06  1.7625E+06  2.6437E-02  9.5216E+00
0000001 9.7619E+02  2.6605E+08 -1.8015E+06  1.7098E+06  2.6595E-02  6.3709E+00
0000001 9.2272E+02  2.6787E+08 -1.8301E+06  1.6490E+06  2.6729E-02  7.7157E+00
0000001 8.7697E+02  2.6961E+08 -1.8579E+06  1.6016E+06  2.6813E-02  1.8336E+01
0000001 8.3554E+02  2.7129E+08 -1.8814E+06  1.5397E+06  2.6859E-02  2.7982E+00
0000001 7.9102E+02  2.7290E+08 -1.9017E+06  1.4753E+06  2.6873E-02  1.5065E+01
0000001 7.5116E+02  2.7446E+08 -1.9172E+06  1.3993E+06  2.6849E-02  1.4042E+02
0000001 7.1384E+02  2.7595E+08 -1.9564E+06  1.3635E+06  2.6792E-02  7.4693E+00
0000001 6.7859E+02  2.7739E+08 -1.9973E+06  1.3194E+06  2.6703E-02  5.8742E+00
0000001 6.3790E+02  2.7877E+08 -2.0298E+06  1.2714E+06  2.6553E-02  1.2628E+02
0000001 5.9860E+02  2.8010E+08 -2.1012E+06  1.2298E+06  2.6354E-02  4.9595E+00
0000001 5.6761E+02  2.8136E+08 -2.1677E+06  1.1962E+06  2.6154E-02  3.0045E+01
0000001 5.3949E+02  2.8257E+08 -2.2426E+06  1.1480E+06  2.5937E-02  1.4691E+01
0000001 5.0603E+02  2.8374E+08 -2.3208E+06  1.1134E+06  2.5631E-02  1.5003E+01
0000001 4.7929E+02  2.8486E+08 -2.3895E+06  1.0923E+06  2.5344E-02  6.1620E+02
0000001 4.5475E+02  2.8592E+08 -2.5375E+06  1.0557E+06  2.5045E-02  8.8215E+00
0000001 4.2990E+02  2.8695E+08 -2.6733E+06  1.0278E+06  2.4705E-02  1.7526E+01
0000001 4.0404E+02  2.8793E+08 -2.8022E+06  9.8730E+05  2.4308E-02  4.7921E+00
0000001 3.8365E+02  2.8887E+08 -2.9189E+06  9.5117E+05  2.3960E-02  1.0313E+02
0000001 3.6124E+02  2.8978E+08 -3.0388E+06  8.8466E+05  2.3541E-02  1.4690E+01
0000001 3.3713E+02  2.9065E+08 -3.1419E+06  8.2322E+05  2.3043E-02  7.2560E+00
0000001 3.2097E+02  2.9147E+08 -3.2411E+06  7.7310E+05  2.2679E-02  3.1308E+00
0000001 3.0515E+02  2.9227E+08 -3.3327E+06  7.2348E+05  2.2299E-02  8.9755E+00
0000001 2.8718E+02  2.9305E+08 -3.4244E+06  6.8417E+05  2.1835E-02  9.6475E+00
0000001 2.6889E+02  2.9379E+08 -3.5045E+06  6.4120E+05  2.1326E-02  6.0629E+00
0000001 2.5084E+02  2.9449E+08 -3.5830E+06  5.9471E+05  2.0784E-02  4.9824E+00
0000001 2.3644E+02  2.9516E+08 -3.6592E+06  5.5546E+05  2.0321E-02  2.4045E+01
0000001 2.2146E+02  2.9581E+08 -3.7259E+06  5.3048E+05  1.9809E-02  9.5106E+01
0000001 2.1020E+02  2.9643E+08 -3.7980E+06  5.3339E+05  1.9401E-02  5.1009E+00
0000001 1.9597E+02  2.9702E+08 -3.8638E+06  5.3095E+05  1.8856E-02  1.2391E+01
0000001 1.8768E+02  2.9759E+08 -3.9348E+06  5.2319E+05  1.8523E-02  3.5645E+00
0000001 1.7565E+02  2.9814E+08 -4.0061E+06  5.1229E+05  1.8016E-02  7.3762E+01
0000001 1.6828E+02  2.9867E+08 -4.0509E+06  4.9882E+05  1.7692E-02  6.3024E+00
0000001 1.5903E+02  2.9918E+08 -4.0899E+06  4.8871E+05  1.7268E-02  3.6449E+00
0000001 1.4873E+02  2.9967E+08 -4.1255E+06  4.7537E+05  1.6774E-02  2.3310E+01
0000001 1.3913E+02  3.0014E+08 -4.1682E+06  4.5738E+05  1.6290E-02  7.9610E+00
0000001 1.2501E+02  3.0103E+08 -4.2389E+06  4.3320E+05  1.5534E-02  8.9784E+00
0000001 1.1505E+02  3.0185E+08 -4.3102E+06  4.2303E+05  1.4965E-02  9.0037E+00
0000001 1.0923E+02  3.0225E+08 -4.3525E+06  4.2683E+05  1.4618E-02  6.6764E+00
0000001 9.9388E+01  3.0300E+08 -4.4423E+06  4.4807E+05  1.4004E-02  3.0125E+01
0000001 8.6681E+01  3.0404E+08 -4.5845E+06  5.8239E+05  1.3157E-02  4.7806E+01
0000001 7.9738E+01  3.0467E+08 -4.6511E+06  7.1929E+05  1.2664E-02  9.7407E+00
0000001 6.8056E+01  3.0555E+08 -4.7177E+06  9.5004E+05  1.1778E-02  9.7646E+00
0000001 5.8366E+01  3.0609E+08 -4.7539E+06  1.0674E+06  1.0977E-02  5.1990E+01
0000001 4.7880E+01  3.0680E+08 -4.7900E+06  1.2674E+06  1.0015E-02  8.7969E+00
0000001 3.8014E+01  3.0780E+08 -4.6614E+06  1.6285E+06  8.9769E-03  1.6244E+01
0000001 2.9938E+01  3.0937E+08 -4.3596E+06  2.0467E+06  7.9920E-03  1.3421E+01
0000001 1.8979E+01  3.1063E+08 -3.9529E+06  2.2397E+06  6.3700E-03  3.7377E+01
0000001 9.4043E+00  3.1245E+08 -3.2212E+06  2.2310E+06  4.4783E-03  1.0175E+01
0000001 0.0000E+00  3.1435E+08 -3.3839E+06  2.2766E+06  0.0000E+00  2.1274E-01
>>>>>>> 8ba2fa0a074bb5d93765653880d3481dab68ef6e
