Calc. Date= 04-25-2023. Time= 15:46:04
============================== SRIM-2013.00 ==============================
 =====================================================================
 =                   Ion Energy vs Position File                     =
 =====================================================================
 =   AXIS DEFINITIONS: X=Depth. Y.Z= Lateral plane of target surface.=
 =   (If beam enters target at an angle. this tilt is in Y direction)=
 =   Shown are: Ion Number. Energy (keV). X. Y. Z Position           =
 ==================  CALCULATION   DATA  =============================
  Ion Data: Name. Mass.   Energy . Energy Interval
           He     015.00  15000keV    294117eV
 =====================================================================
Ion       Energy     Depth (X)     Y           Z       Electronic   Energy Lost to
Number    (keV)    (Angstrom)  (Angstrom)  (Angstrom)  Stop.(eV/A)  Last Recoil(eV)
------- ----------- ---------- ----------- ----------- -----------  ---------------
0000001 1.5000E+04  0.0000E+00  0.0000E+00  0.0000E+00  1.4529E-02  0.0000E+00
0000001 1.4665E+04  2.2215E+07  3.0414E+04 -3.5493E+04  1.4746E-02  2.1964E+00
0000001 1.4352E+04  4.3561E+07  1.0005E+05 -1.1011E+05  1.4953E-02  7.2105E+00
0000001 1.4103E+04  5.9320E+07  1.5165E+05 -1.7743E+05  1.5124E-02  1.4744E+01
0000001 1.3780E+04  7.9994E+07  2.0851E+05 -2.2300E+05  1.5351E-02  1.2714E+01
0000001 1.3458E+04  1.0028E+08  2.2173E+05 -2.6897E+05  1.5584E-02  2.8245E+01
0000001 1.3217E+04  1.1524E+08  1.9656E+05 -2.9773E+05  1.5764E-02  1.2259E+01
0000001 1.2901E+04  1.3487E+08  1.6149E+05 -3.5350E+05  1.6005E-02  1.1609E+01
0000001 1.2605E+04  1.5411E+08  1.1763E+05 -3.9854E+05  1.6239E-02  5.8668E+00
0000001 1.2293E+04  1.7299E+08  1.4440E+05 -3.8580E+05  1.6492E-02  3.1450E+00
0000001 1.1983E+04  1.9151E+08  2.1523E+05 -3.2645E+05  1.6752E-02  4.9229E+00
0000001 1.1743E+04  2.0513E+08  2.9531E+05 -2.6114E+05  1.6959E-02  1.4108E+01
0000001 1.1428E+04  2.2297E+08  4.1977E+05 -1.6981E+05  1.7239E-02  4.3574E+00
0000001 1.1114E+04  2.4041E+08  5.0428E+05 -7.2670E+04  1.7526E-02  9.7635E+00
0000001 1.0810E+04  2.5748E+08  5.5618E+05  1.5197E+04  1.7814E-02  6.4285E+00
0000001 1.0584E+04  2.7004E+08  6.1824E+05  6.9111E+04  1.8034E-02  2.4487E+00
0000001 1.0287E+04  2.8645E+08  7.1349E+05  1.4411E+05  1.8331E-02  1.0863E+01
0000001 9.9945E+03  3.0250E+08  8.0911E+05  2.2101E+05  1.8632E-02  1.2312E+01
0000001 9.6847E+03  3.1818E+08  8.9404E+05  2.9554E+05  1.8961E-02  2.9470E+00
0000001 9.3847E+03  3.3346E+08  9.7789E+05  3.7350E+05  1.9290E-02  6.7029E+00
0000001 9.0968E+03  3.4838E+08  1.0535E+06  4.4013E+05  1.9616E-02  5.7253E+01
0000001 8.8123E+03  3.6293E+08  1.1534E+06  5.3049E+05  1.9946E-02  6.1151E+00
0000001 8.5219E+03  3.7711E+08  1.2452E+06  6.0109E+05  2.0294E-02  2.9946E+03
0000001 8.2342E+03  3.9092E+08  1.1382E+06  4.3617E+05  2.0647E-02  9.1179E+00
0000001 7.8749E+03  4.0766E+08  1.0435E+06  2.7798E+05  2.1102E-02  4.0565E+00
0000001 7.6015E+03  4.2064E+08  9.9787E+05  1.6407E+05  2.1458E-02  1.5428E+01
0000001 7.3282E+03  4.3325E+08  9.7306E+05  8.7999E+04  2.1822E-02  4.9860E+00
0000001 7.0060E+03  4.4854E+08  9.1769E+05  1.8187E+04  2.2260E-02  8.5463E+00
0000001 6.7397E+03  4.6037E+08  8.4884E+05 -1.0206E+04  2.2629E-02  7.1945E+00
0000001 6.4006E+03  4.7467E+08  7.6920E+05 -2.2483E+04  2.3106E-02  3.4743E+01
0000001 6.1422E+03  4.8570E+08  7.2322E+05 -1.8564E+04  2.3473E-02  5.4517E+00
0000001 5.8206E+03  4.9899E+08  6.6190E+05 -1.3741E+04  2.3933E-02  2.3326E+01
0000001 5.5774E+03  5.0923E+08  6.3820E+05 -1.3854E+04  2.4279E-02  2.5659E+00
0000001 5.2858E+03  5.2157E+08  6.2845E+05 -1.5998E+04  2.4690E-02  6.1239E+00
0000001 4.9855E+03  5.3339E+08  6.4724E+05 -4.8180E+04  2.5104E-02  2.8907E+01
0000001 4.7058E+03  5.4469E+08  6.3386E+05 -1.2430E+05  2.5474E-02  1.0162E+01
0000001 4.3691E+03  5.5759E+08  5.5605E+05 -2.9891E+05  2.5891E-02  9.4294E+00
0000001 4.1093E+03  5.6780E+08  4.6046E+05 -4.8780E+05  2.6183E-02  6.2956E+00
0000001 3.7986E+03  5.7942E+08  2.4440E+05 -7.3191E+05  2.6483E-02  1.8986E+01
0000001 3.5101E+03  5.9037E+08  3.7208E+03 -9.7073E+05  2.6699E-02  3.8488E+00
0000001 3.2344E+03  6.0068E+08 -2.1533E+05 -1.1959E+06  2.6832E-02  4.0254E+01
0000001 2.9314E+03  6.1192E+08 -4.3617E+05 -1.3757E+06  2.6870E-02  1.8961E+01
0000001 2.6138E+03  6.2380E+08 -7.4068E+05 -1.0526E+06  2.6754E-02  6.6409E+00
0000001 2.3150E+03  6.3469E+08 -1.0406E+06 -8.1221E+05  2.6456E-02  1.0205E+01
0000001 2.0453E+03  6.4463E+08 -1.3427E+06 -5.9781E+05  2.5986E-02  4.6406E+00
0000001 1.7524E+03  6.5586E+08 -1.7587E+06 -4.1320E+05  2.5203E-02  1.3603E+02
0000001 1.4596E+03  6.6779E+08 -2.2669E+06 -3.5145E+05  2.4058E-02  4.1274E+00
0000001 1.1758E+03  6.7984E+08 -2.9237E+06 -4.3898E+05  2.2504E-02  3.4308E+00
0000001 8.7650E+02  6.9421E+08 -3.8364E+06 -5.3730E+05  2.0231E-02  3.2076E+01
0000001 5.8273E+02  7.0941E+08 -5.1342E+06 -8.1903E+05  1.7096E-02  5.9335E+00
0000001 2.8911E+02  7.2763E+08 -9.0077E+06 -2.2235E+05  1.2470E-02  1.7519E+01
0000001 0.0000E+00  7.5893E+08 -1.3067E+07 -2.2171E+06  0.0000E+00  2.5116E+00
