Calc. Date= 04-04-2023. Time= 12:53:02
============================== SRIM-2013.00 ==============================
 =====================================================================
 =                   Ion Energy vs Position File                     =
 =====================================================================
 =   AXIS DEFINITIONS: X=Depth. Y.Z= Lateral plane of target surface.=
 =   (If beam enters target at an angle. this tilt is in Y direction)=
 =   Shown are: Ion Number. Energy (keV). X. Y. Z Position           =
 ==================  CALCULATION   DATA  =============================
  Ion Data: Name. Mass.   Energy . Energy Interval
           Ca     040.00  800000keV    1000000eV
 =====================================================================
Ion       Energy     Depth (X)     Y           Z       Electronic   Energy Lost to
Number    (keV)    (Angstrom)  (Angstrom)  (Angstrom)  Stop.(eV/A)  Last Recoil(eV)
------- ----------- ---------- ----------- ----------- -----------  ---------------
0000001 8.0000E+05  0.0000E+00  0.0000E+00  0.0000E+00  1.3515E-01  0.0000E+00
0000001 7.9877E+05  8.6681E+06  5.6379E+02  3.9296E+02  1.3530E-01  4.4831E+00
0000001 7.9790E+05  1.4048E+07  1.1575E+03  6.0043E+02  1.3541E-01  9.8193E+00
0000001 7.9688E+05  2.1215E+07  9.6567E+02  2.2845E+02  1.3554E-01  4.9717E+00
0000001 7.9594E+05  2.8376E+07 -5.4252E+02 -7.2983E+02  1.3565E-01  1.2602E+01
0000001 7.9490E+05  3.5530E+07 -1.5925E+03 -1.7378E+03  1.3578E-01  7.2073E+00
0000001 7.9380E+05  4.4464E+07 -3.0996E+03 -2.2730E+03  1.3592E-01  3.5892E+00
0000001 7.9286E+05  5.1604E+07 -4.8969E+03 -1.3515E+03  1.3603E-01  3.9171E+00
0000001 7.9192E+05  5.8739E+07 -5.8012E+03 -2.2338E+02  1.3615E-01  1.3040E+01
0000001 7.9100E+05  6.5868E+07 -5.1307E+03 -3.0527E+02  1.3627E-01  5.0495E+00
0000001 7.8975E+05  7.4769E+07 -3.7806E+03 -2.4844E+03  1.3642E-01  8.1645E+00
0000001 7.8883E+05  8.1883E+07 -4.5855E+03 -6.9443E+03  1.3653E-01  1.4336E+01
0000001 7.8784E+05  8.8991E+07 -6.5994E+03 -1.1033E+04  1.3666E-01  9.4113E+00
0000001 7.8687E+05  9.6093E+07 -8.3373E+03 -1.5384E+04  1.3678E-01  6.6807E+00
0000001 7.8580E+05  1.0496E+08 -9.1672E+03 -1.9594E+04  1.3691E-01  6.8543E+00
0000001 7.8496E+05  1.1028E+08 -9.0046E+03 -2.1077E+04  1.3701E-01  1.7766E+01
0000001 7.8392E+05  1.1736E+08 -8.6341E+03 -2.3497E+04  1.3714E-01  1.0000E+02
0000001 7.8272E+05  1.2620E+08 -6.2338E+03 -2.6213E+04  1.3730E-01  4.5076E+00
0000001 7.8194E+05  1.3151E+08 -3.8546E+03 -2.7634E+04  1.3740E-01  4.6532E+00
0000001 7.8076E+05  1.4033E+08 -4.3035E+02 -2.9216E+04  1.3755E-01  1.8365E+01
0000001 7.7991E+05  1.4739E+08  1.1040E+03 -3.0704E+04  1.3766E-01  2.4334E+01
0000001 7.7876E+05  1.5620E+08  4.4913E+03 -3.3685E+04  1.3780E-01  5.4035E+00
0000001 7.7784E+05  1.6324E+08  7.8405E+03 -3.6174E+04  1.3792E-01  8.9245E+00
0000001 7.7684E+05  1.7028E+08  1.1885E+04 -3.7392E+04  1.3805E-01  2.5162E+01
0000001 7.7585E+05  1.7731E+08  1.6142E+04 -3.8466E+04  1.3818E-01  4.2546E+00
0000001 7.7481E+05  1.8433E+08  2.0834E+04 -4.0239E+04  1.3831E-01  3.3129E+00
0000001 7.7387E+05  1.9135E+08  2.5189E+04 -4.2538E+04  1.3843E-01  1.1200E+01
0000001 7.7285E+05  1.9836E+08  2.8590E+04 -4.4707E+04  1.3856E-01  7.6060E+00
0000001 7.7183E+05  2.0536E+08  3.5475E+04 -4.5875E+04  1.3869E-01  2.9682E+01
0000001 7.7086E+05  2.1236E+08  4.1981E+04 -4.6040E+04  1.3881E-01  5.1252E+00
0000001 7.6984E+05  2.1935E+08  4.7113E+04 -4.5238E+04  1.3894E-01  6.7967E+00
0000001 7.6890E+05  2.2633E+08  5.2102E+04 -4.3785E+04  1.3906E-01  2.3796E+01
0000001 7.6772E+05  2.3505E+08  6.0485E+04 -4.2044E+04  1.3922E-01  3.6165E+01
0000001 7.6700E+05  2.4028E+08  6.5346E+04 -4.0697E+04  1.3931E-01  5.0429E+00
0000001 7.6574E+05  2.4899E+08  7.2167E+04 -3.9148E+04  1.3948E-01  4.9378E+00
0000001 7.6498E+05  2.5420E+08  7.5724E+04 -3.9862E+04  1.3958E-01  1.3355E+01
0000001 7.6384E+05  2.6289E+08  8.2170E+04 -4.2507E+04  1.3973E-01  3.6051E+01
0000001 7.6277E+05  2.6984E+08  8.7904E+04 -4.4259E+04  1.3987E-01  7.7284E+00
0000001 7.6179E+05  2.7677E+08  9.5013E+04 -4.8219E+04  1.4000E-01  9.0597E+00
0000001 7.6094E+05  2.8370E+08  1.0174E+05 -5.5511E+04  1.4011E-01  4.7560E+00
0000001 7.5991E+05  2.9063E+08  1.0871E+05 -6.2852E+04  1.4025E-01  2.0772E+01
0000001 7.5897E+05  2.9755E+08  1.1570E+05 -7.0446E+04  1.4037E-01  1.5583E+01
0000001 7.5799E+05  3.0446E+08  1.2291E+05 -7.8012E+04  1.4050E-01  3.9893E+01
0000001 7.5693E+05  3.1137E+08  1.2945E+05 -8.4404E+04  1.4064E-01  6.4016E+02
0000001 7.5589E+05  3.1826E+08  1.3949E+05 -9.4060E+04  1.4078E-01  6.0700E+01
0000001 7.5495E+05  3.2516E+08  1.4848E+05 -1.0380E+05  1.4090E-01  6.7162E+00
0000001 7.5397E+05  3.3204E+08  1.5954E+05 -1.1310E+05  1.4103E-01  9.6084E+00
0000001 7.5284E+05  3.4064E+08  1.7421E+05 -1.2335E+05  1.4118E-01  1.2889E+01
0000001 7.5188E+05  3.4751E+08  1.8656E+05 -1.3038E+05  1.4131E-01  5.0634E+00
0000001 7.5087E+05  3.5438E+08  1.9853E+05 -1.3678E+05  1.4145E-01  1.0059E+01
0000001 7.4988E+05  3.6123E+08  2.1170E+05 -1.4371E+05  1.4158E-01  9.2271E+00
0000001 7.4879E+05  3.6980E+08  2.2979E+05 -1.5244E+05  1.4173E-01  1.6006E+01
0000001 7.4781E+05  3.7664E+08  2.4430E+05 -1.5840E+05  1.4186E-01  2.7846E+01
0000001 7.4680E+05  3.8348E+08  2.5816E+05 -1.6289E+05  1.4200E-01  5.7073E+01
0000001 7.4576E+05  3.9031E+08  2.7165E+05 -1.6816E+05  1.4214E-01  7.5534E+00
0000001 7.4480E+05  3.9714E+08  2.8346E+05 -1.7092E+05  1.4227E-01  1.0294E+01
0000001 7.4394E+05  4.0396E+08  2.9562E+05 -1.7248E+05  1.4239E-01  1.2948E+01
0000001 7.4282E+05  4.1247E+08  3.1018E+05 -1.7493E+05  1.4254E-01  1.4431E+01
0000001 7.4187E+05  4.1928E+08  3.2106E+05 -1.7584E+05  1.4267E-01  5.8506E+00
0000001 7.4093E+05  4.2608E+08  3.3297E+05 -1.7753E+05  1.4280E-01  7.6806E+00
0000001 7.3991E+05  4.3287E+08  3.4734E+05 -1.7885E+05  1.4294E-01  6.6062E+01
0000001 7.3887E+05  4.3966E+08  3.6149E+05 -1.7977E+05  1.4308E-01  1.2726E+01
0000001 7.3784E+05  4.4644E+08  3.7629E+05 -1.8084E+05  1.4322E-01  6.0111E+00
0000001 7.3686E+05  4.5321E+08  3.9541E+05 -1.8235E+05  1.4335E-01  8.2531E+00
0000001 7.3593E+05  4.5997E+08  4.1399E+05 -1.8403E+05  1.4348E-01  5.9108E+00
0000001 7.3490E+05  4.6673E+08  4.3412E+05 -1.8386E+05  1.4363E-01  1.4383E+01
0000001 7.3392E+05  4.7349E+08  4.5631E+05 -1.8285E+05  1.4377E-01  9.9057E+00
0000001 7.3285E+05  4.8023E+08  4.7601E+05 -1.8104E+05  1.4392E-01  2.3493E+01
0000001 7.3193E+05  4.8697E+08  4.9426E+05 -1.7783E+05  1.4405E-01  5.3662E+00
0000001 7.3092E+05  4.9370E+08  5.1167E+05 -1.7430E+05  1.4419E-01  5.0593E+01
0000001 7.2980E+05  5.0211E+08  5.3205E+05 -1.6891E+05  1.4434E-01  3.0840E+01
0000001 7.2887E+05  5.0883E+08  5.4775E+05 -1.6524E+05  1.4447E-01  6.3730E+00
0000001 7.2791E+05  5.1554E+08  5.6488E+05 -1.6099E+05  1.4461E-01  6.4497E+00
0000001 7.2685E+05  5.2225E+08  5.8285E+05 -1.5658E+05  1.4476E-01  9.7118E+00
0000001 7.2577E+05  5.2895E+08  6.0091E+05 -1.5267E+05  1.4491E-01  2.2285E+01
0000001 7.2488E+05  5.3564E+08  6.1866E+05 -1.4937E+05  1.4503E-01  5.8264E+00
0000001 7.2397E+05  5.4233E+08  6.3647E+05 -1.4651E+05  1.4516E-01  5.5986E+00
0000001 7.2294E+05  5.4901E+08  6.5407E+05 -1.4361E+05  1.4531E-01  4.8487E+00
0000001 7.2184E+05  5.5735E+08  6.7606E+05 -1.4012E+05  1.4546E-01  9.5279E+00
0000001 7.2080E+05  5.6401E+08  6.9375E+05 -1.3759E+05  1.4561E-01  6.0154E+00
0000001 7.1990E+05  5.7067E+08  7.1172E+05 -1.3493E+05  1.4574E-01  2.5497E+02
0000001 7.1900E+05  5.7733E+08  7.3037E+05 -1.3537E+05  1.4587E-01  6.5778E+00
0000001 7.1800E+05  5.8397E+08  7.4875E+05 -1.3529E+05  1.4601E-01  6.6931E+01
0000001 7.1674E+05  5.9227E+08  7.7251E+05 -1.3601E+05  1.4620E-01  9.1094E+00
0000001 7.1597E+05  5.9725E+08  7.8543E+05 -1.3619E+05  1.4631E-01  2.1497E+01
0000001 7.1498E+05  6.0387E+08  8.0136E+05 -1.3623E+05  1.4645E-01  9.8309E+00
0000001 7.1380E+05  6.1215E+08  8.2187E+05 -1.3574E+05  1.4662E-01  2.5531E+01
0000001 7.1296E+05  6.1711E+08  8.3325E+05 -1.3666E+05  1.4674E-01  5.8411E+00
0000001 7.1199E+05  6.2372E+08  8.4837E+05 -1.3785E+05  1.4688E-01  1.4748E+01
0000001 7.1086E+05  6.3196E+08  8.6591E+05 -1.3963E+05  1.4704E-01  6.8392E+00
0000001 7.1000E+05  6.3856E+08  8.8109E+05 -1.4096E+05  1.4717E-01  8.8506E+00
0000001 7.0881E+05  6.4679E+08  8.9851E+05 -1.4242E+05  1.4734E-01  1.0910E+01
0000001 7.0784E+05  6.5337E+08  9.1237E+05 -1.4414E+05  1.4748E-01  9.6049E+00
0000001 7.0682E+05  6.5994E+08  9.2612E+05 -1.4665E+05  1.4763E-01  5.2730E+00
0000001 7.0585E+05  6.6651E+08  9.3844E+05 -1.4990E+05  1.4777E-01  4.4692E+00
0000001 7.0483E+05  6.7307E+08  9.4985E+05 -1.5372E+05  1.4793E-01  1.0482E+01
0000001 7.0385E+05  6.7962E+08  9.6040E+05 -1.5804E+05  1.4807E-01  8.8518E+03
0000001 7.0288E+05  6.8616E+08  9.8075E+05 -1.5272E+05  1.4821E-01  4.1241E+00
0000001 7.0181E+05  6.9434E+08  1.0077E+06 -1.4507E+05  1.4837E-01  8.1530E+00
0000001 7.0085E+05  7.0087E+08  1.0309E+06 -1.3942E+05  1.4851E-01  7.8712E+00
0000001 6.9989E+05  7.0740E+08  1.0560E+06 -1.3656E+05  1.4866E-01  1.5017E+02
0000001 6.9887E+05  7.1391E+08  1.0842E+06 -1.3256E+05  1.4881E-01  5.0129E+00
0000001 6.9787E+05  7.2043E+08  1.1100E+06 -1.2914E+05  1.4896E-01  6.6695E+01
0000001 6.9697E+05  7.2693E+08  1.1351E+06 -1.2514E+05  1.4909E-01  6.1386E+00
0000001 6.9595E+05  7.3343E+08  1.1596E+06 -1.2134E+05  1.4924E-01  1.0733E+01
0000001 6.9499E+05  7.3993E+08  1.1828E+06 -1.1742E+05  1.4939E-01  1.1792E+01
0000001 6.9377E+05  7.4803E+08  1.2123E+06 -1.1370E+05  1.4957E-01  4.0975E+00
0000001 6.9300E+05  7.5289E+08  1.2307E+06 -1.1191E+05  1.4968E-01  5.3579E+00
0000001 6.9177E+05  7.6098E+08  1.2631E+06 -1.0839E+05  1.4987E-01  2.1660E+01
0000001 6.9079E+05  7.6745E+08  1.2883E+06 -1.0625E+05  1.5002E-01  9.0189E+00
0000001 6.8984E+05  7.7390E+08  1.3126E+06 -1.0504E+05  1.5016E-01  6.7310E+00
0000001 6.8884E+05  7.8036E+08  1.3363E+06 -1.0373E+05  1.5031E-01  6.4317E+00
0000001 6.8792E+05  7.8680E+08  1.3591E+06 -1.0201E+05  1.5045E-01  4.1677E+01
0000001 6.8682E+05  7.9485E+08  1.3884E+06 -9.7137E+04  1.5062E-01  5.5975E+00
0000001 6.8585E+05  8.0128E+08  1.4123E+06 -9.1979E+04  1.5077E-01  1.8910E+01
0000001 6.8494E+05  8.0770E+08  1.4353E+06 -8.5853E+04  1.5091E-01  7.3201E+00
0000001 6.8394E+05  8.1412E+08  1.4582E+06 -7.9651E+04  1.5106E-01  9.0151E+00
0000001 6.8293E+05  8.2053E+08  1.4809E+06 -7.4287E+04  1.5122E-01  5.1012E+00
0000001 6.8190E+05  8.2694E+08  1.5039E+06 -6.9880E+04  1.5137E-01  3.8777E+00
0000001 6.8095E+05  8.3334E+08  1.5271E+06 -6.5351E+04  1.5152E-01  7.4049E+00
0000001 6.7978E+05  8.4133E+08  1.5557E+06 -6.0249E+04  1.5170E-01  2.7937E+00
0000001 6.7885E+05  8.4771E+08  1.5788E+06 -5.6011E+04  1.5184E-01  4.6956E+00
0000001 6.7788E+05  8.5409E+08  1.6032E+06 -5.2850E+04  1.5199E-01  2.9657E+00
0000001 6.7685E+05  8.6046E+08  1.6283E+06 -5.0040E+04  1.5215E-01  4.8340E+00
0000001 6.7596E+05  8.6682E+08  1.6515E+06 -4.6790E+04  1.5229E-01  5.0366E+00
0000001 6.7492E+05  8.7318E+08  1.6728E+06 -4.3610E+04  1.5246E-01  9.3159E+00
0000001 6.7396E+05  8.7953E+08  1.6929E+06 -4.1349E+04  1.5261E-01  2.4710E+01
0000001 6.7276E+05  8.8746E+08  1.7186E+06 -3.9514E+04  1.5279E-01  1.7446E+01
0000001 6.7198E+05  8.9221E+08  1.7343E+06 -3.8369E+04  1.5292E-01  1.3376E+01
0000001 6.7096E+05  8.9854E+08  1.7538E+06 -3.7530E+04  1.5308E-01  6.1742E+00
0000001 6.6991E+05  9.0487E+08  1.7736E+06 -3.7934E+04  1.5324E-01  1.5305E+02
0000001 6.6896E+05  9.1119E+08  1.7954E+06 -3.9911E+04  1.5339E-01  4.8064E+00
0000001 6.6798E+05  9.1750E+08  1.8165E+06 -4.1910E+04  1.5354E-01  1.6181E+01
0000001 6.6681E+05  9.2538E+08  1.8412E+06 -4.2783E+04  1.5373E-01  1.5306E+01
0000001 6.6586E+05  9.3167E+08  1.8594E+06 -4.3559E+04  1.5388E-01  1.1402E+01
0000001 6.6498E+05  9.3796E+08  1.8770E+06 -4.4305E+04  1.5401E-01  5.2575E+00
0000001 6.6380E+05  9.4581E+08  1.8981E+06 -4.6761E+04  1.5421E-01  8.1626E+00
0000001 6.6297E+05  9.5052E+08  1.9102E+06 -4.8752E+04  1.5434E-01  4.0040E+00
0000001 6.6184E+05  9.5836E+08  1.9308E+06 -5.2238E+04  1.5452E-01  5.6768E+00
0000001 6.6089E+05  9.6462E+08  1.9484E+06 -5.4461E+04  1.5467E-01  5.3061E+00
0000001 6.5986E+05  9.7088E+08  1.9655E+06 -5.5397E+04  1.5484E-01  3.1831E+00
0000001 6.5896E+05  9.7713E+08  1.9809E+06 -5.6105E+04  1.5498E-01  7.2539E+00
0000001 6.5780E+05  9.8493E+08  1.9992E+06 -6.0704E+04  1.5517E-01  6.0958E+00
0000001 6.5676E+05  9.9116E+08  2.0138E+06 -6.6740E+04  1.5534E-01  5.9393E+00
0000001 6.5576E+05  9.9739E+08  2.0292E+06 -7.2577E+04  1.5550E-01  2.6359E+01
0000001 6.5486E+05  1.0036E+09  2.0456E+06 -7.8570E+04  1.5564E-01  1.4381E+01
0000001 6.5393E+05  1.0098E+09  2.0616E+06 -8.4002E+04  1.5579E-01  4.8358E+00
0000001 6.5289E+05  1.0160E+09  2.0778E+06 -8.9389E+04  1.5596E-01  6.4955E+00
0000001 6.5189E+05  1.0222E+09  2.0932E+06 -9.4287E+04  1.5612E-01  3.5614E+01
0000001 6.5094E+05  1.0284E+09  2.1089E+06 -9.9858E+04  1.5628E-01  1.1466E+01
0000001 6.4999E+05  1.0346E+09  2.1253E+06 -1.0587E+05  1.5644E-01  1.0016E+01
0000001 6.4886E+05  1.0423E+09  2.1467E+06 -1.1433E+05  1.5662E-01  6.4590E+00
0000001 6.4798E+05  1.0485E+09  2.1643E+06 -1.2000E+05  1.5677E-01  4.9128E+00
0000001 6.4673E+05  1.0562E+09  2.1862E+06 -1.2607E+05  1.5698E-01  5.7632E+00
0000001 6.4577E+05  1.0624E+09  2.2041E+06 -1.3201E+05  1.5713E-01  6.4974E+00
0000001 6.4489E+05  1.0685E+09  2.2229E+06 -1.3855E+05  1.5728E-01  6.5030E+00
0000001 6.4386E+05  1.0747E+09  2.2419E+06 -1.4526E+05  1.5745E-01  4.7461E+00
0000001 6.4293E+05  1.0808E+09  2.2622E+06 -1.5199E+05  1.5760E-01  1.6938E+01
0000001 6.4194E+05  1.0870E+09  2.2823E+06 -1.5790E+05  1.5777E-01  1.9895E+01
0000001 6.4093E+05  1.0931E+09  2.3014E+06 -1.6340E+05  1.5793E-01  2.8367E+01
0000001 6.3998E+05  1.0992E+09  2.3200E+06 -1.6821E+05  1.5809E-01  8.5372E+00
0000001 6.3882E+05  1.1068E+09  2.3438E+06 -1.7591E+05  1.5828E-01  1.7428E+04
0000001 6.3790E+05  1.1130E+09  2.3618E+06 -1.5940E+05  1.5844E-01  9.0298E+01
0000001 6.3681E+05  1.1206E+09  2.3841E+06 -1.3677E+05  1.5862E-01  4.8757E+00
0000001 6.3582E+05  1.1267E+09  2.4022E+06 -1.1977E+05  1.5879E-01  5.2411E+00
0000001 6.3484E+05  1.1328E+09  2.4196E+06 -1.0397E+05  1.5896E-01  1.9865E+01
0000001 6.3390E+05  1.1388E+09  2.4374E+06 -8.9139E+04  1.5912E-01  6.7349E+00
0000001 6.3296E+05  1.1449E+09  2.4560E+06 -7.3958E+04  1.5928E-01  2.8192E+01
0000001 6.3174E+05  1.1525E+09  2.4809E+06 -5.3612E+04  1.5948E-01  6.7792E+00
0000001 6.3080E+05  1.1585E+09  2.5015E+06 -3.6810E+04  1.5964E-01  8.3867E+00
0000001 6.2993E+05  1.1646E+09  2.5227E+06 -1.8988E+04  1.5979E-01  4.6826E+00
0000001 6.2897E+05  1.1706E+09  2.5442E+06 -8.3566E+02  1.5995E-01  3.6523E+01
0000001 6.2797E+05  1.1767E+09  2.5648E+06  1.7953E+04  1.6012E-01  1.3717E+01
0000001 6.2694E+05  1.1827E+09  2.5859E+06  3.5953E+04  1.6030E-01  1.1582E+01
0000001 6.2599E+05  1.1887E+09  2.6079E+06  5.4474E+04  1.6046E-01  3.9739E+00
0000001 6.2499E+05  1.1947E+09  2.6298E+06  7.3756E+04  1.6063E-01  5.1046E+00
0000001 6.2382E+05  1.2023E+09  2.6575E+06  9.7976E+04  1.6084E-01  3.5653E+01
0000001 6.2295E+05  1.2083E+09  2.6799E+06  1.1809E+05  1.6099E-01  5.9187E+00
0000001 6.2187E+05  1.2143E+09  2.6942E+06  1.3533E+05  1.6117E-01  7.8650E+00
0000001 6.2091E+05  1.2202E+09  2.7025E+06  1.4986E+05  1.6134E-01  5.0903E+00
0000001 6.1994E+05  1.2262E+09  2.7107E+06  1.6448E+05  1.6151E-01  4.2817E+00
0000001 6.1877E+05  1.2337E+09  2.7207E+06  1.8367E+05  1.6171E-01  1.3645E+01
0000001 6.1781E+05  1.2397E+09  2.7285E+06  1.9963E+05  1.6188E-01  6.1275E+00
0000001 6.1692E+05  1.2456E+09  2.7344E+06  2.1731E+05  1.6204E-01  7.0130E+00
0000001 6.1591E+05  1.2516E+09  2.7393E+06  2.3571E+05  1.6221E-01  6.4993E+00
0000001 6.1487E+05  1.2575E+09  2.7438E+06  2.5359E+05  1.6239E-01  5.8494E+01
0000001 6.1382E+05  1.2649E+09  2.7474E+06  2.7520E+05  1.6258E-01  2.1367E+01
0000001 6.1282E+05  1.2709E+09  2.7511E+06  2.9258E+05  1.6275E-01  6.4786E+00
0000001 6.1195E+05  1.2768E+09  2.7547E+06  3.1020E+05  1.6291E-01  6.4686E+00
0000001 6.1086E+05  1.2842E+09  2.7557E+06  3.3434E+05  1.6310E-01  1.0982E+01
0000001 6.0987E+05  1.2901E+09  2.7556E+06  3.5433E+05  1.6328E-01  5.5253E+00
0000001 6.0897E+05  1.2960E+09  2.7556E+06  3.7473E+05  1.6344E-01  4.5299E+00
0000001 6.0793E+05  1.3019E+09  2.7552E+06  3.9338E+05  1.6362E-01  5.7763E+00
0000001 6.0693E+05  1.3078E+09  2.7543E+06  4.1121E+05  1.6380E-01  3.8468E+01
0000001 6.0580E+05  1.3152E+09  2.7542E+06  4.3524E+05  1.6401E-01  9.3953E+00
0000001 6.0484E+05  1.3210E+09  2.7543E+06  4.5464E+05  1.6418E-01  3.8192E+00
0000001 6.0388E+05  1.3269E+09  2.7548E+06  4.7317E+05  1.6435E-01  4.2554E+00
0000001 6.0287E+05  1.3328E+09  2.7549E+06  4.9208E+05  1.6453E-01  9.5923E+00
0000001 6.0191E+05  1.3386E+09  2.7549E+06  5.1131E+05  1.6470E-01  3.9357E+00
0000001 6.0089E+05  1.3445E+09  2.7550E+06  5.3025E+05  1.6488E-01  1.2301E+02
0000001 5.9996E+05  1.3503E+09  2.7539E+06  5.4824E+05  1.6505E-01  4.4959E+00
0000001 5.9890E+05  1.3562E+09  2.7532E+06  5.6717E+05  1.6525E-01  6.7402E+00
0000001 5.9793E+05  1.3620E+09  2.7523E+06  5.8675E+05  1.6542E-01  4.6747E+00
0000001 5.9699E+05  1.3678E+09  2.7519E+06  6.0729E+05  1.6560E-01  5.4272E+00
0000001 5.9580E+05  1.3751E+09  2.7517E+06  6.3296E+05  1.6582E-01  8.8192E+00
0000001 5.9475E+05  1.3809E+09  2.7518E+06  6.5231E+05  1.6601E-01  3.7529E+00
0000001 5.9397E+05  1.3853E+09  2.7525E+06  6.6619E+05  1.6615E-01  6.3982E+00
0000001 5.9275E+05  1.3925E+09  2.7538E+06  6.8864E+05  1.6637E-01  1.3735E+01
0000001 5.9182E+05  1.3983E+09  2.7541E+06  7.0539E+05  1.6654E-01  3.9787E+00
0000001 5.9092E+05  1.4041E+09  2.7543E+06  7.2195E+05  1.6671E-01  5.5884E+01
0000001 5.8995E+05  1.4098E+09  2.7551E+06  7.3809E+05  1.6689E-01  1.9219E+03
0000001 5.8891E+05  1.4156E+09  2.7592E+06  7.6104E+05  1.6708E-01  1.9852E+01
0000001 5.8795E+05  1.4214E+09  2.7636E+06  7.8372E+05  1.6726E-01  8.2536E+00
0000001 5.8697E+05  1.4271E+09  2.7696E+06  8.0521E+05  1.6744E-01  3.5704E+00
0000001 5.8577E+05  1.4343E+09  2.7769E+06  8.3299E+05  1.6767E-01  5.5504E+00
0000001 5.8482E+05  1.4400E+09  2.7832E+06  8.5851E+05  1.6784E-01  3.2280E+00
0000001 5.8382E+05  1.4458E+09  2.7887E+06  8.8421E+05  1.6803E-01  1.1681E+01
0000001 5.8294E+05  1.4515E+09  2.7941E+06  9.0772E+05  1.6820E-01  4.9452E+00
0000001 5.8178E+05  1.4586E+09  2.8001E+06  9.3792E+05  1.6842E-01  5.0833E+00
0000001 5.8074E+05  1.4644E+09  2.8049E+06  9.6299E+05  1.6861E-01  4.1322E+00
0000001 5.7982E+05  1.4701E+09  2.8099E+06  9.8885E+05  1.6879E-01  1.4565E+01
0000001 5.7882E+05  1.4758E+09  2.8154E+06  1.0143E+06  1.6897E-01  1.2214E+01
0000001 5.7787E+05  1.4814E+09  2.8203E+06  1.0389E+06  1.6915E-01  4.3768E+00
0000001 5.7686E+05  1.4871E+09  2.8247E+06  1.0637E+06  1.6934E-01  4.8133E+00
0000001 5.7585E+05  1.4928E+09  2.8286E+06  1.0882E+06  1.6953E-01  2.8589E+01
0000001 5.7494E+05  1.4985E+09  2.8329E+06  1.1121E+06  1.6971E-01  8.0958E+00
0000001 5.7373E+05  1.5055E+09  2.8397E+06  1.1416E+06  1.6994E-01  1.4152E+01
0000001 5.7281E+05  1.5112E+09  2.8452E+06  1.1643E+06  1.7012E-01  7.6061E+00
0000001 5.7191E+05  1.5169E+09  2.8510E+06  1.1861E+06  1.7029E-01  6.3580E+00
0000001 5.7093E+05  1.5225E+09  2.8573E+06  1.2068E+06  1.7048E-01  7.3157E+00
0000001 5.6980E+05  1.5295E+09  2.8661E+06  1.2327E+06  1.7070E-01  3.9361E+00
0000001 5.6884E+05  1.5352E+09  2.8727E+06  1.2542E+06  1.7089E-01  1.8053E+01
0000001 5.6793E+05  1.5408E+09  2.8814E+06  1.2769E+06  1.7106E-01  1.2850E+01
0000001 5.6672E+05  1.5478E+09  2.8922E+06  1.3058E+06  1.7130E-01  1.3240E+01
0000001 5.6598E+05  1.5520E+09  2.8989E+06  1.3235E+06  1.7144E-01  5.8545E+00
0000001 5.6482E+05  1.5590E+09  2.9101E+06  1.3535E+06  1.7166E-01  5.5430E+00
0000001 5.6384E+05  1.5646E+09  2.9189E+06  1.3782E+06  1.7185E-01  3.0717E+01
0000001 5.6293E+05  1.5702E+09  2.9308E+06  1.4044E+06  1.7203E-01  6.6262E+00
0000001 5.6192E+05  1.5758E+09  2.9429E+06  1.4305E+06  1.7223E-01  4.8853E+00
0000001 5.6089E+05  1.5813E+09  2.9549E+06  1.4586E+06  1.7244E-01  4.4246E+00
0000001 5.5992E+05  1.5869E+09  2.9669E+06  1.4878E+06  1.7263E-01  6.6373E+01
0000001 5.5897E+05  1.5924E+09  2.9781E+06  1.5159E+06  1.7282E-01  1.4823E+01
0000001 5.5788E+05  1.5994E+09  2.9916E+06  1.5513E+06  1.7303E-01  4.2275E+00
0000001 5.5685E+05  1.6049E+09  3.0019E+06  1.5790E+06  1.7324E-01  7.0686E+00
0000001 5.5575E+05  1.6118E+09  3.0150E+06  1.6137E+06  1.7346E-01  1.8302E+01
0000001 5.5483E+05  1.6174E+09  3.0248E+06  1.6420E+06  1.7364E-01  1.3928E+01
0000001 5.5389E+05  1.6229E+09  3.0348E+06  1.6700E+06  1.7382E-01  8.9548E+00
0000001 5.5293E+05  1.6284E+09  3.0453E+06  1.6978E+06  1.7401E-01  1.0241E+01
0000001 5.5190E+05  1.6339E+09  3.0577E+06  1.7264E+06  1.7422E-01  2.0334E+01
0000001 5.5076E+05  1.6408E+09  3.0739E+06  1.7624E+06  1.7445E-01  4.0950E+00
0000001 5.4999E+05  1.6449E+09  3.0819E+06  1.7835E+06  1.7461E-01  9.0991E+00
0000001 5.4880E+05  1.6518E+09  3.0944E+06  1.8190E+06  1.7485E-01  8.9505E+01
0000001 5.4783E+05  1.6572E+09  3.1058E+06  1.8484E+06  1.7505E-01  1.0723E+01
0000001 5.4697E+05  1.6627E+09  3.1180E+06  1.8775E+06  1.7522E-01  3.2100E+01
0000001 5.4578E+05  1.6695E+09  3.1327E+06  1.9126E+06  1.7547E-01  1.0801E+01
0000001 5.4500E+05  1.6736E+09  3.1415E+06  1.9331E+06  1.7562E-01  8.8601E+00
0000001 5.4380E+05  1.6804E+09  3.1561E+06  1.9670E+06  1.7587E-01  9.3245E+00
0000001 5.4280E+05  1.6859E+09  3.1669E+06  1.9956E+06  1.7607E-01  9.8429E+00
0000001 5.4185E+05  1.6913E+09  3.1775E+06  2.0245E+06  1.7626E-01  2.1897E+01
0000001 5.4083E+05  1.6968E+09  3.1869E+06  2.0531E+06  1.7648E-01  1.0859E+01
0000001 5.3984E+05  1.7022E+09  3.1965E+06  2.0810E+06  1.7668E-01  6.2905E+00
0000001 5.3888E+05  1.7076E+09  3.2074E+06  2.1088E+06  1.7688E-01  6.0936E+00
0000001 5.3782E+05  1.7130E+09  3.2220E+06  2.1332E+06  1.7710E-01  1.0656E+01
0000001 5.3683E+05  1.7184E+09  3.2409E+06  2.1549E+06  1.7731E-01  1.1800E+01
0000001 5.3584E+05  1.7238E+09  3.2601E+06  2.1768E+06  1.7751E-01  1.7473E+01
0000001 5.3481E+05  1.7292E+09  3.2796E+06  2.1995E+06  1.7773E-01  1.0786E+01
0000001 5.3392E+05  1.7346E+09  3.3002E+06  2.2220E+06  1.7791E-01  6.6077E+00
0000001 5.3300E+05  1.7399E+09  3.3214E+06  2.2437E+06  1.7811E-01  5.7952E+00
0000001 5.3186E+05  1.7466E+09  3.3485E+06  2.2698E+06  1.7834E-01  8.4341E+00
0000001 5.3098E+05  1.7520E+09  3.3702E+06  2.2905E+06  1.7853E-01  7.3034E+00
0000001 5.2988E+05  1.7587E+09  3.3954E+06  2.3168E+06  1.7876E-01  8.7502E+00
0000001 5.2886E+05  1.7640E+09  3.4165E+06  2.3375E+06  1.7898E-01  4.7999E+00
0000001 5.2786E+05  1.7694E+09  3.4384E+06  2.3576E+06  1.7919E-01  1.3150E+01
0000001 5.2686E+05  1.7747E+09  3.4612E+06  2.3785E+06  1.7941E-01  1.0785E+01
0000001 5.2582E+05  1.7800E+09  3.4840E+06  2.4002E+06  1.7963E-01  3.8240E+01
0000001 5.2485E+05  1.7853E+09  3.5080E+06  2.4203E+06  1.7983E-01  8.6163E+01
0000001 5.2386E+05  1.7906E+09  3.5319E+06  2.4390E+06  1.8005E-01  8.4180E+00
0000001 5.2291E+05  1.7959E+09  3.5545E+06  2.4570E+06  1.8025E-01  4.0951E+00
0000001 5.2176E+05  1.8025E+09  3.5818E+06  2.4798E+06  1.8049E-01  1.1165E+01
0000001 5.2082E+05  1.8078E+09  3.6034E+06  2.4970E+06  1.8070E-01  1.0678E+01
0000001 5.1986E+05  1.8131E+09  3.6262E+06  2.5143E+06  1.8090E-01  5.8339E+00
0000001 5.1892E+05  1.8184E+09  3.6490E+06  2.5310E+06  1.8111E-01  4.3604E+00
0000001 5.1799E+05  1.8236E+09  3.6712E+06  2.5478E+06  1.8131E-01  4.3124E+00
0000001 5.1691E+05  1.8302E+09  3.6978E+06  2.5680E+06  1.8155E-01  5.2249E+00
0000001 5.1598E+05  1.8355E+09  3.7185E+06  2.5852E+06  1.8175E-01  1.1557E+01
0000001 5.1499E+05  1.8407E+09  3.7402E+06  2.6027E+06  1.8197E-01  3.7589E+00
0000001 5.1380E+05  1.8473E+09  3.7677E+06  2.6255E+06  1.8223E-01  1.2272E+01
0000001 5.1281E+05  1.8525E+09  3.7900E+06  2.6435E+06  1.8245E-01  6.3109E+00
0000001 5.1181E+05  1.8577E+09  3.8120E+06  2.6627E+06  1.8266E-01  5.4217E+00
0000001 5.1078E+05  1.8629E+09  3.8340E+06  2.6823E+06  1.8289E-01  2.1139E+01
0000001 5.0984E+05  1.8681E+09  3.8564E+06  2.7020E+06  1.8310E-01  3.2278E+01
0000001 5.0888E+05  1.8733E+09  3.8797E+06  2.7207E+06  1.8331E-01  6.2975E+00
0000001 5.0797E+05  1.8785E+09  3.9026E+06  2.7405E+06  1.8351E-01  4.0134E+00
0000001 5.0696E+05  1.8837E+09  3.9243E+06  2.7610E+06  1.8374E-01  5.7456E+00
0000001 5.0595E+05  1.8889E+09  3.9452E+06  2.7827E+06  1.8397E-01  1.4767E+01
0000001 5.0497E+05  1.8940E+09  3.9645E+06  2.8017E+06  1.8419E-01  1.3188E+01
0000001 5.0377E+05  1.9005E+09  3.9888E+06  2.8241E+06  1.8446E-01  5.4105E+00
0000001 5.0277E+05  1.9057E+09  4.0086E+06  2.8418E+06  1.8468E-01  3.0079E+01
0000001 5.0180E+05  1.9108E+09  4.0298E+06  2.8597E+06  1.8490E-01  1.0771E+01
0000001 5.0087E+05  1.9159E+09  4.0514E+06  2.8782E+06  1.8511E-01  1.2609E+01
0000001 5.0000E+05  1.9211E+09  4.0720E+06  2.8962E+06  1.8531E-01  2.8950E+01
0000001 4.9877E+05  1.9275E+09  4.0986E+06  2.9188E+06  1.8558E-01  5.3469E+00
0000001 4.9797E+05  1.9313E+09  4.1147E+06  2.9331E+06  1.8577E-01  1.4008E+01
0000001 4.9699E+05  1.9364E+09  4.1354E+06  2.9525E+06  1.8599E-01  1.5100E+01
0000001 4.9590E+05  1.9416E+09  4.1600E+06  2.9790E+06  1.8625E-01  5.8920E+00
0000001 4.9496E+05  1.9467E+09  4.1991E+06  3.0265E+06  1.8646E-01  3.7719E+01
0000001 4.9379E+05  1.9530E+09  4.2490E+06  3.0878E+06  1.8673E-01  1.3511E+01
0000001 4.9284E+05  1.9581E+09  4.2885E+06  3.1378E+06  1.8695E-01  8.4174E+00
0000001 4.9191E+05  1.9632E+09  4.3275E+06  3.1870E+06  1.8717E-01  2.8538E+01
0000001 4.9089E+05  1.9682E+09  4.3665E+06  3.2354E+06  1.8740E-01  4.8847E+00
0000001 4.8989E+05  1.9733E+09  4.4045E+06  3.2840E+06  1.8763E-01  5.7395E+00
0000001 4.8897E+05  1.9784E+09  4.4425E+06  3.3330E+06  1.8784E-01  1.6765E+01
0000001 4.8799E+05  1.9834E+09  4.4811E+06  3.3818E+06  1.8807E-01  5.4020E+00
0000001 4.8684E+05  1.9897E+09  4.5265E+06  3.4421E+06  1.8835E-01  6.8252E+00
0000001 4.8599E+05  1.9947E+09  4.5572E+06  3.4892E+06  1.8855E-01  6.5916E+00
0000001 4.8482E+05  2.0010E+09  4.5952E+06  3.5480E+06  1.8882E-01  1.6304E+01
0000001 4.8389E+05  2.0060E+09  4.6257E+06  3.5941E+06  1.8904E-01  4.4637E+00
0000001 4.8277E+05  2.0123E+09  4.6636E+06  3.6465E+06  1.8931E-01  3.4049E+00
0000001 4.8179E+05  2.0173E+09  4.6927E+06  3.6861E+06  1.8954E-01  1.0398E+01
0000001 4.8086E+05  2.0223E+09  4.7207E+06  3.7245E+06  1.8976E-01  9.6639E+00
0000001 4.7996E+05  2.0273E+09  4.7483E+06  3.7625E+06  1.8997E-01  3.8702E+01
0000001 4.7880E+05  2.0335E+09  4.7851E+06  3.8100E+06  1.9025E-01  5.8695E+00
0000001 4.7781E+05  2.0385E+09  4.8161E+06  3.8466E+06  1.9049E-01  2.2711E+01
0000001 4.7688E+05  2.0435E+09  4.8466E+06  3.8813E+06  1.9072E-01  1.8109E+01
0000001 4.7572E+05  2.0497E+09  4.8861E+06  3.9211E+06  1.9100E-01  6.5462E+00
0000001 4.7498E+05  2.0534E+09  4.9106E+06  3.9450E+06  1.9118E-01  4.1346E+00
0000001 4.7376E+05  2.0595E+09  4.9517E+06  3.9851E+06  1.9147E-01  3.6154E+00
0000001 4.7286E+05  2.0645E+09  4.9852E+06  4.0165E+06  1.9169E-01  5.6834E+00
0000001 4.7191E+05  2.0694E+09  5.0188E+06  4.0483E+06  1.9192E-01  2.4586E+01
0000001 4.7086E+05  2.0756E+09  5.0644E+06  4.0885E+06  1.9218E-01  7.7204E+00
0000001 4.6990E+05  2.0805E+09  5.1015E+06  4.1207E+06  1.9241E-01  1.0210E+02
0000001 4.6894E+05  2.0854E+09  5.1375E+06  4.1539E+06  1.9264E-01  8.5668E+00
0000001 4.6785E+05  2.0915E+09  5.1818E+06  4.1961E+06  1.9292E-01  5.8221E+00
0000001 4.6696E+05  2.0964E+09  5.2162E+06  4.2311E+06  1.9314E-01  1.6378E+01
0000001 4.6574E+05  2.1025E+09  5.2583E+06  4.2750E+06  1.9344E-01  1.0998E+01
0000001 4.6475E+05  2.1074E+09  5.2907E+06  4.3091E+06  1.9369E-01  4.7415E+00
0000001 4.6380E+05  2.1123E+09  5.3227E+06  4.3425E+06  1.9392E-01  5.6763E+00
0000001 4.6282E+05  2.1171E+09  5.3547E+06  4.3754E+06  1.9417E-01  4.1456E+00
0000001 4.6199E+05  2.1220E+09  5.3862E+06  4.4084E+06  1.9438E-01  4.1131E+00
0000001 4.6083E+05  2.1280E+09  5.4249E+06  4.4491E+06  1.9466E-01  1.7220E+01
0000001 4.5991E+05  2.1329E+09  5.4564E+06  4.4817E+06  1.9489E-01  6.1706E+00
0000001 4.5881E+05  2.1389E+09  5.4971E+06  4.5226E+06  1.9517E-01  3.0834E+02
0000001 4.5774E+05  2.1438E+09  5.5280E+06  4.5554E+06  1.9545E-01  5.6887E+00
0000001 4.5683E+05  2.1486E+09  5.5588E+06  4.5869E+06  1.9568E-01  1.4940E+01
0000001 4.5583E+05  2.1534E+09  5.5897E+06  4.6185E+06  1.9593E-01  6.5766E+00
0000001 4.5491E+05  2.1582E+09  5.6213E+06  4.6497E+06  1.9617E-01  8.8655E+00
0000001 4.5376E+05  2.1642E+09  5.6616E+06  4.6905E+06  1.9647E-01  5.7691E+00
0000001 4.5283E+05  2.1690E+09  5.6931E+06  4.7241E+06  1.9670E-01  6.9244E+00
0000001 4.5186E+05  2.1738E+09  5.7249E+06  4.7577E+06  1.9695E-01  1.2806E+01
0000001 4.5087E+05  2.1785E+09  5.7583E+06  4.7926E+06  1.9720E-01  3.2638E+02
0000001 4.4984E+05  2.1845E+09  5.8035E+06  4.8390E+06  1.9747E-01  4.8326E+00
0000001 4.4888E+05  2.1893E+09  5.8391E+06  4.8760E+06  1.9772E-01  1.4225E+02
0000001 4.4778E+05  2.1940E+09  5.8730E+06  4.9107E+06  1.9801E-01  1.0922E+02
0000001 4.4691E+05  2.1987E+09  5.9079E+06  4.9466E+06  1.9824E-01  4.1210E+00
0000001 4.4597E+05  2.2035E+09  5.9446E+06  4.9828E+06  1.9848E-01  5.5627E+01
0000001 4.4475E+05  2.2094E+09  5.9922E+06  5.0296E+06  1.9881E-01  9.3796E+00
0000001 4.4385E+05  2.2141E+09  6.0309E+06  5.0667E+06  1.9904E-01  6.3157E+00
0000001 4.4286E+05  2.2188E+09  6.0688E+06  5.1038E+06  1.9930E-01  6.7358E+00
0000001 4.4189E+05  2.2235E+09  6.1051E+06  5.1403E+06  1.9956E-01  4.7994E+01
0000001 4.4097E+05  2.2282E+09  6.1414E+06  5.1785E+06  1.9980E-01  4.5151E+00
0000001 4.3985E+05  2.2341E+09  6.1864E+06  5.2252E+06  2.0010E-01  6.6637E+01
0000001 4.3889E+05  2.2388E+09  6.2227E+06  5.2612E+06  2.0036E-01  1.8636E+02
0000001 4.3791E+05  2.2435E+09  6.2587E+06  5.2962E+06  2.0062E-01  3.3385E+01
0000001 4.3675E+05  2.2493E+09  6.3050E+06  5.3386E+06  2.0094E-01  5.7941E+00
0000001 4.3594E+05  2.2528E+09  6.3328E+06  5.3639E+06  2.0115E-01  1.5588E+01
0000001 4.3491E+05  2.2575E+09  6.3686E+06  5.3961E+06  2.0143E-01  4.5366E+00
0000001 4.3393E+05  2.2621E+09  6.4020E+06  5.4267E+06  2.0170E-01  1.1040E+01
0000001 4.3278E+05  2.2679E+09  6.4442E+06  5.4648E+06  2.0201E-01  7.0907E+00
0000001 4.3195E+05  2.2725E+09  6.4782E+06  5.4954E+06  2.0223E-01  9.4545E+00
0000001 4.3096E+05  2.2772E+09  6.5112E+06  5.5251E+06  2.0251E-01  1.3263E+01
0000001 4.2982E+05  2.2829E+09  6.5508E+06  5.5610E+06  2.0282E-01  4.0991E+00
0000001 4.2882E+05  2.2876E+09  6.5834E+06  5.5884E+06  2.0310E-01  2.2101E+01
0000001 4.2795E+05  2.2922E+09  6.6169E+06  5.6160E+06  2.0334E-01  2.8965E+00
0000001 4.2677E+05  2.2979E+09  6.6570E+06  5.6511E+06  2.0366E-01  4.2725E+00
0000001 4.2582E+05  2.3025E+09  6.6880E+06  5.6796E+06  2.0393E-01  4.1847E+00
0000001 4.2482E+05  2.3071E+09  6.7168E+06  5.7089E+06  2.0420E-01  5.5133E+00
0000001 4.2388E+05  2.3116E+09  6.7445E+06  5.7379E+06  2.0446E-01  5.8938E+00
0000001 4.2300E+05  2.3162E+09  6.7711E+06  5.7668E+06  2.0471E-01  4.7035E+00
0000001 4.2174E+05  2.3219E+09  6.8034E+06  5.8020E+06  2.0507E-01  5.3218E+00
0000001 4.2099E+05  2.3253E+09  6.8231E+06  5.8225E+06  2.0528E-01  1.7589E+01
0000001 4.1987E+05  2.3310E+09  6.8559E+06  5.8566E+06  2.0560E-01  9.1449E+00
0000001 4.1893E+05  2.3355E+09  6.8806E+06  5.8839E+06  2.0587E-01  3.3505E+01
0000001 4.1779E+05  2.3412E+09  6.9088E+06  5.9207E+06  2.0619E-01  3.8651E+00
0000001 4.1687E+05  2.3457E+09  6.9313E+06  5.9504E+06  2.0645E-01  7.0441E+00
0000001 4.1576E+05  2.3514E+09  6.9587E+06  5.9883E+06  2.0677E-01  5.1444E+02
0000001 4.1480E+05  2.3559E+09  6.9828E+06  6.0169E+06  2.0704E-01  4.4592E+00
0000001 4.1389E+05  2.3604E+09  7.0069E+06  6.0455E+06  2.0731E-01  6.5654E+00
0000001 4.1299E+05  2.3648E+09  7.0306E+06  6.0736E+06  2.0757E-01  4.4534E+00
0000001 4.1198E+05  2.3693E+09  7.0539E+06  6.1013E+06  2.0786E-01  1.5971E+01
0000001 4.1083E+05  2.3749E+09  7.0830E+06  6.1356E+06  2.0820E-01  5.1364E+00
0000001 4.0989E+05  2.3794E+09  7.1056E+06  6.1619E+06  2.0847E-01  4.3744E+01
0000001 4.0890E+05  2.3839E+09  7.1285E+06  6.1872E+06  2.0876E-01  5.1375E+00
0000001 4.0782E+05  2.3894E+09  7.1560E+06  6.2189E+06  2.0908E-01  1.1948E+01
0000001 4.0687E+05  2.3939E+09  7.1778E+06  6.2441E+06  2.0935E-01  9.0273E+00
0000001 4.0593E+05  2.3983E+09  7.1994E+06  6.2697E+06  2.0963E-01  4.0523E+00
0000001 4.0486E+05  2.4038E+09  7.2263E+06  6.3026E+06  2.0995E-01  8.1773E+01
0000001 4.0393E+05  2.4083E+09  7.2467E+06  6.3285E+06  2.1023E-01  1.0567E+01
0000001 4.0277E+05  2.4138E+09  7.2729E+06  6.3618E+06  2.1058E-01  3.1569E+02
0000001 4.0183E+05  2.4182E+09  7.2947E+06  6.3863E+06  2.1086E-01  4.4499E+00
0000001 4.0094E+05  2.4226E+09  7.3156E+06  6.4114E+06  2.1113E-01  4.2341E+00
0000001 3.9997E+05  2.4270E+09  7.3361E+06  6.4365E+06  2.1142E-01  7.1232E+00
0000001 3.9882E+05  2.4324E+09  7.3619E+06  6.4676E+06  2.1176E-01  2.6917E+01
0000001 3.9785E+05  2.4368E+09  7.3827E+06  6.4922E+06  2.1206E-01  4.9195E+00
0000001 3.9686E+05  2.4412E+09  7.4037E+06  6.5165E+06  2.1236E-01  1.5876E+01
0000001 3.9589E+05  2.4456E+09  7.4231E+06  6.5412E+06  2.1266E-01  3.3412E+01
0000001 3.9493E+05  2.4499E+09  7.4408E+06  6.5676E+06  2.1296E-01  4.0733E+01
0000001 3.9376E+05  2.4553E+09  7.4656E+06  6.6004E+06  2.1332E-01  4.4743E+00
0000001 3.9284E+05  2.4597E+09  7.4868E+06  6.6270E+06  2.1360E-01  6.5209E+01
0000001 3.9194E+05  2.4640E+09  7.5068E+06  6.6519E+06  2.1387E-01  4.4995E+01
0000001 3.9094E+05  2.4683E+09  7.5274E+06  6.6763E+06  2.1418E-01  8.1158E+00
0000001 3.8995E+05  2.4726E+09  7.5485E+06  6.7008E+06  2.1449E-01  1.6460E+01
0000001 3.8896E+05  2.4769E+09  7.5703E+06  6.7266E+06  2.1480E-01  4.1891E+00
0000001 3.8785E+05  2.4823E+09  7.5964E+06  6.7595E+06  2.1515E-01  1.8271E+01
0000001 3.8692E+05  2.4866E+09  7.6165E+06  6.7847E+06  2.1545E-01  4.5312E+00
0000001 3.8579E+05  2.4920E+09  7.6404E+06  6.8156E+06  2.1581E-01  1.0655E+01
0000001 3.8493E+05  2.4962E+09  7.6590E+06  6.8406E+06  2.1608E-01  4.3626E+00
0000001 3.8394E+05  2.5005E+09  7.6777E+06  6.8663E+06  2.1639E-01  5.1071E+00
0000001 3.8277E+05  2.5058E+09  7.6997E+06  6.8980E+06  2.1676E-01  5.5864E+00
0000001 3.8183E+05  2.5101E+09  7.7167E+06  6.9224E+06  2.1706E-01  4.3536E+00
0000001 3.8089E+05  2.5143E+09  7.7331E+06  6.9455E+06  2.1736E-01  5.0825E+00
0000001 3.7997E+05  2.5186E+09  7.7491E+06  6.9669E+06  2.1766E-01  5.4360E+00
0000001 3.7887E+05  2.5239E+09  7.7700E+06  6.9926E+06  2.1802E-01  7.0450E+00
0000001 3.7792E+05  2.5281E+09  7.7872E+06  7.0129E+06  2.1833E-01  1.1943E+01
0000001 3.7690E+05  2.5323E+09  7.8034E+06  7.0322E+06  2.1866E-01  1.8235E+01
0000001 3.7594E+05  2.5365E+09  7.8198E+06  7.0510E+06  2.1897E-01  1.4583E+02
0000001 3.7479E+05  2.5417E+09  7.8418E+06  7.0722E+06  2.1935E-01  5.7814E+01
0000001 3.7384E+05  2.5459E+09  7.8589E+06  7.0886E+06  2.1966E-01  7.6213E+00
0000001 3.7286E+05  2.5501E+09  7.8758E+06  7.1043E+06  2.1999E-01  4.7949E+00
0000001 3.7192E+05  2.5543E+09  7.8936E+06  7.1201E+06  2.2030E-01  7.2117E+00
0000001 3.7077E+05  2.5595E+09  7.9165E+06  7.1388E+06  2.2069E-01  4.0585E+00
0000001 3.6980E+05  2.5637E+09  7.9342E+06  7.1538E+06  2.2101E-01  1.2769E+01
0000001 3.6884E+05  2.5678E+09  7.9521E+06  7.1688E+06  2.2133E-01  5.4773E+00
0000001 3.6789E+05  2.5720E+09  7.9699E+06  7.1841E+06  2.2165E-01  1.4213E+02
0000001 3.6697E+05  2.5761E+09  7.9880E+06  7.1969E+06  2.2196E-01  1.7723E+01
0000001 3.6580E+05  2.5813E+09  8.0116E+06  7.2085E+06  2.2235E-01  4.4482E+00
0000001 3.6489E+05  2.5854E+09  8.0313E+06  7.2168E+06  2.2267E-01  5.0220E+00
0000001 3.6377E+05  2.5905E+09  8.0574E+06  7.2256E+06  2.2305E-01  5.4348E+00
0000001 3.6283E+05  2.5946E+09  8.0795E+06  7.2318E+06  2.2337E-01  5.3944E+01
0000001 3.6190E+05  2.5987E+09  8.1016E+06  7.2371E+06  2.2369E-01  6.8136E+00
0000001 3.6098E+05  2.6028E+09  8.1241E+06  7.2421E+06  2.2401E-01  4.3545E+00
0000001 3.5982E+05  2.6079E+09  8.1516E+06  7.2490E+06  2.2440E-01  1.0095E+01
0000001 3.5888E+05  2.6120E+09  8.1732E+06  7.2542E+06  2.2473E-01  4.6231E+00
0000001 3.5793E+05  2.6160E+09  8.1913E+06  7.2597E+06  2.2507E-01  3.0456E+01
0000001 3.5680E+05  2.6211E+09  8.2125E+06  7.2673E+06  2.2547E-01  1.0123E+01
0000001 3.5588E+05  2.6252E+09  8.2294E+06  7.2734E+06  2.2579E-01  1.9832E+02
0000001 3.5482E+05  2.6302E+09  8.2478E+06  7.2836E+06  2.2616E-01  4.7681E+00
0000001 3.5393E+05  2.6343E+09  8.2620E+06  7.2920E+06  2.2648E-01  1.0515E+02
0000001 3.5280E+05  2.6393E+09  8.2798E+06  7.3046E+06  2.2688E-01  3.2881E+00
0000001 3.5193E+05  2.6433E+09  8.2946E+06  7.3142E+06  2.2719E-01  1.4076E+01
0000001 3.5098E+05  2.6473E+09  8.3096E+06  7.3242E+06  2.2753E-01  6.2349E+00
0000001 3.4981E+05  2.6523E+09  8.3281E+06  7.3367E+06  2.2795E-01  4.8199E+00
0000001 3.4894E+05  2.6563E+09  8.3421E+06  7.3465E+06  2.2827E-01  5.7609E+00
0000001 3.4785E+05  2.6613E+09  8.3597E+06  7.3589E+06  2.2866E-01  1.9839E+01
0000001 3.4699E+05  2.6653E+09  8.3730E+06  7.3689E+06  2.2897E-01  3.7555E+01
0000001 3.4588E+05  2.6702E+09  8.3903E+06  7.3797E+06  2.2938E-01  3.9912E+01
0000001 3.4496E+05  2.6742E+09  8.4048E+06  7.3885E+06  2.2971E-01  5.6748E+00
0000001 3.4381E+05  2.6792E+09  8.4241E+06  7.3993E+06  2.3014E-01  7.2558E+00
0000001 3.4293E+05  2.6831E+09  8.4407E+06  7.4071E+06  2.3047E-01  3.7966E+01
0000001 3.4183E+05  2.6880E+09  8.4618E+06  7.4154E+06  2.3088E-01  1.7049E+01
0000001 3.4089E+05  2.6920E+09  8.4779E+06  7.4224E+06  2.3122E-01  4.9505E+01
0000001 3.4000E+05  2.6959E+09  8.4951E+06  7.4307E+06  2.3156E-01  3.6748E+01
0000001 3.3895E+05  2.7008E+09  8.5160E+06  7.4398E+06  2.3195E-01  1.0299E+01
0000001 3.3778E+05  2.7057E+09  8.5360E+06  7.4473E+06  2.3239E-01  2.2754E+01
0000001 3.3688E+05  2.7096E+09  8.5519E+06  7.4529E+06  2.3273E-01  5.9387E+00
0000001 3.3580E+05  2.7144E+09  8.5717E+06  7.4611E+06  2.3314E-01  1.6051E+01
0000001 3.3479E+05  2.7183E+09  8.5863E+06  7.4677E+06  2.3353E-01  1.5684E+01
0000001 3.3384E+05  2.7222E+09  8.6017E+06  7.4741E+06  2.3390E-01  5.1401E+00
0000001 3.3292E+05  2.7260E+09  8.6210E+06  7.4781E+06  2.3425E-01  4.2304E+01
0000001 3.3183E+05  2.7309E+09  8.6468E+06  7.4828E+06  2.3466E-01  1.3142E+01
0000001 3.3097E+05  2.7347E+09  8.6691E+06  7.4868E+06  2.3499E-01  6.8387E+00
0000001 3.2986E+05  2.7395E+09  8.7033E+06  7.4956E+06  2.3543E-01  6.1218E+00
0000001 3.2899E+05  2.7434E+09  8.7308E+06  7.5033E+06  2.3577E-01  1.4449E+01
0000001 3.2776E+05  2.7481E+09  8.7651E+06  7.5134E+06  2.3626E-01  1.0501E+02
0000001 3.2686E+05  2.7520E+09  8.7945E+06  7.5214E+06  2.3661E-01  5.5877E+01
0000001 3.2587E+05  2.7558E+09  8.8234E+06  7.5305E+06  2.3700E-01  2.4167E+01
0000001 3.2481E+05  2.7605E+09  8.8595E+06  7.5401E+06  2.3742E-01  7.6594E+00
0000001 3.2394E+05  2.7643E+09  8.8891E+06  7.5475E+06  2.3776E-01  1.9483E+02
0000001 3.2291E+05  2.7691E+09  8.9233E+06  7.5559E+06  2.3818E-01  3.6693E+01
0000001 3.2183E+05  2.7738E+09  8.9572E+06  7.5625E+06  2.3862E-01  5.3271E+01
0000001 3.2087E+05  2.7776E+09  8.9850E+06  7.5682E+06  2.3901E-01  6.9457E+00
0000001 3.1991E+05  2.7813E+09  9.0133E+06  7.5749E+06  2.3940E-01  3.7763E+00
0000001 3.1894E+05  2.7851E+09  9.0415E+06  7.5820E+06  2.3979E-01  5.8905E+00
0000001 3.1795E+05  2.7888E+09  9.0688E+06  7.5889E+06  2.4019E-01  4.0431E+01
0000001 3.1694E+05  2.7935E+09  9.1025E+06  7.5981E+06  2.4061E-01  4.0761E+01
0000001 3.1584E+05  2.7982E+09  9.1345E+06  7.6075E+06  2.4106E-01  3.7120E+01
0000001 3.1494E+05  2.8019E+09  9.1621E+06  7.6144E+06  2.4144E-01  6.6096E+00
0000001 3.1388E+05  2.8065E+09  9.1974E+06  7.6239E+06  2.4188E-01  1.4786E+01
0000001 3.1300E+05  2.8102E+09  9.2257E+06  7.6320E+06  2.4224E-01  1.1814E+01
0000001 3.1184E+05  2.8149E+09  9.2622E+06  7.6394E+06  2.4272E-01  5.4616E+00
0000001 3.1092E+05  2.8185E+09  9.2914E+06  7.6440E+06  2.4311E-01  2.7157E+01
0000001 3.0981E+05  2.8232E+09  9.3280E+06  7.6502E+06  2.4359E-01  8.0183E+00
0000001 3.0884E+05  2.8268E+09  9.3575E+06  7.6554E+06  2.4400E-01  1.8507E+01
0000001 3.0793E+05  2.8305E+09  9.3874E+06  7.6601E+06  2.4439E-01  9.8513E+00
0000001 3.0688E+05  2.8351E+09  9.4254E+06  7.6653E+06  2.4484E-01  3.8723E+00
0000001 3.0597E+05  2.8387E+09  9.4591E+06  7.6709E+06  2.4523E-01  4.3718E+00
0000001 3.0482E+05  2.8433E+09  9.5045E+06  7.6790E+06  2.4572E-01  5.5743E+00
0000001 3.0390E+05  2.8469E+09  9.5403E+06  7.6854E+06  2.4612E-01  5.3387E+00
0000001 3.0298E+05  2.8505E+09  9.5758E+06  7.6921E+06  2.4653E-01  4.1725E+00
0000001 3.0191E+05  2.8550E+09  9.6208E+06  7.7012E+06  2.4700E-01  4.6995E+01
0000001 3.0095E+05  2.8587E+09  9.6564E+06  7.7092E+06  2.4742E-01  4.6724E+00
0000001 2.9990E+05  2.8632E+09  9.7012E+06  7.7199E+06  2.4788E-01  3.0839E+01
0000001 2.9895E+05  2.8667E+09  9.7366E+06  7.7291E+06  2.4830E-01  6.3387E+00
0000001 2.9786E+05  2.8712E+09  9.7805E+06  7.7402E+06  2.4879E-01  5.8067E+02
0000001 2.9698E+05  2.8748E+09  9.8130E+06  7.7515E+06  2.4918E-01  4.9260E+00
0000001 2.9582E+05  2.8793E+09  9.8531E+06  7.7655E+06  2.4971E-01  3.4202E+01
0000001 2.9497E+05  2.8828E+09  9.8862E+06  7.7763E+06  2.5009E-01  8.8716E+00
0000001 2.9386E+05  2.8873E+09  9.9276E+06  7.7891E+06  2.5059E-01  1.7917E+01
0000001 2.9299E+05  2.8908E+09  9.9592E+06  7.7997E+06  2.5098E-01  3.6758E+01
0000001 2.9181E+05  2.8952E+09  9.9996E+06  7.8119E+06  2.5152E-01  1.4489E+01
0000001 2.9094E+05  2.8987E+09  1.0033E+07  7.8229E+06  2.5193E-01  2.0365E+01
0000001 2.8983E+05  2.9031E+09  1.0073E+07  7.8372E+06  2.5245E-01  6.3520E+00
0000001 2.8893E+05  2.9067E+09  1.0104E+07  7.8493E+06  2.5286E-01  1.6263E+01
0000001 2.8799E+05  2.9102E+09  1.0138E+07  7.8625E+06  2.5330E-01  8.7198E+01
0000001 2.8692E+05  2.9145E+09  1.0180E+07  7.8806E+06  2.5380E-01  9.7535E+00
0000001 2.8582E+05  2.9189E+09  1.0223E+07  7.8999E+06  2.5432E-01  5.0609E+00
0000001 2.8498E+05  2.9224E+09  1.0257E+07  7.9158E+06  2.5472E-01  9.1244E+00
0000001 2.8385E+05  2.9267E+09  1.0300E+07  7.9348E+06  2.5525E-01  1.0932E+01
0000001 2.8293E+05  2.9301E+09  1.0334E+07  7.9458E+06  2.5569E-01  8.0209E+01
0000001 2.8185E+05  2.9345E+09  1.0377E+07  7.9573E+06  2.5621E-01  6.6678E+00
0000001 2.8099E+05  2.9379E+09  1.0411E+07  7.9655E+06  2.5662E-01  1.4850E+01
0000001 2.7989E+05  2.9422E+09  1.0455E+07  7.9755E+06  2.5715E-01  1.4505E+01
0000001 2.7886E+05  2.9465E+09  1.0500E+07  7.9830E+06  2.5766E-01  4.6351E+00
0000001 2.7789E+05  2.9499E+09  1.0537E+07  7.9872E+06  2.5813E-01  8.8530E+00
0000001 2.7696E+05  2.9533E+09  1.0575E+07  7.9913E+06  2.5859E-01  1.5286E+01
0000001 2.7590E+05  2.9576E+09  1.0622E+07  7.9969E+06  2.5911E-01  6.1346E+00
0000001 2.7481E+05  2.9618E+09  1.0669E+07  8.0032E+06  2.5965E-01  9.9494E+00
0000001 2.7395E+05  2.9652E+09  1.0708E+07  8.0083E+06  2.6008E-01  1.7835E+02
0000001 2.7284E+05  2.9694E+09  1.0755E+07  8.0158E+06  2.6063E-01  4.3080E+01
0000001 2.7189E+05  2.9728E+09  1.0794E+07  8.0223E+06  2.6111E-01  5.7206E+00
0000001 2.7094E+05  2.9761E+09  1.0832E+07  8.0283E+06  2.6159E-01  1.2749E+02
0000001 2.6990E+05  2.9803E+09  1.0879E+07  8.0352E+06  2.6211E-01  5.0815E+00
0000001 2.6883E+05  2.9845E+09  1.0926E+07  8.0423E+06  2.6266E-01  1.0476E+01
0000001 2.6796E+05  2.9878E+09  1.0963E+07  8.0484E+06  2.6311E-01  6.6272E+01
0000001 2.6684E+05  2.9920E+09  1.1015E+07  8.0570E+06  2.6369E-01  3.4113E+01
0000001 2.6588E+05  2.9961E+09  1.1068E+07  8.0663E+06  2.6419E-01  1.0893E+03
0000001 2.6497E+05  2.9994E+09  1.1116E+07  8.0713E+06  2.6466E-01  4.2471E+00
0000001 2.6392E+05  3.0036E+09  1.1176E+07  8.0762E+06  2.6520E-01  8.6658E+00
0000001 2.6282E+05  3.0077E+09  1.1237E+07  8.0811E+06  2.6578E-01  7.3977E+00
0000001 2.6199E+05  3.0110E+09  1.1286E+07  8.0846E+06  2.6622E-01  1.0403E+01
0000001 2.6084E+05  3.0151E+09  1.1344E+07  8.0885E+06  2.6683E-01  2.2140E+01
0000001 2.5993E+05  3.0183E+09  1.1390E+07  8.0921E+06  2.6731E-01  6.8214E+00
0000001 2.5897E+05  3.0216E+09  1.1437E+07  8.0955E+06  2.6782E-01  1.7077E+02
0000001 2.5787E+05  3.0256E+09  1.1496E+07  8.1002E+06  2.6841E-01  6.7308E+00
0000001 2.5683E+05  3.0297E+09  1.1554E+07  8.1044E+06  2.6898E-01  3.0580E+00
0000001 2.5598E+05  3.0329E+09  1.1600E+07  8.1072E+06  2.6944E-01  5.3320E+00
0000001 2.5487E+05  3.0370E+09  1.1658E+07  8.1102E+06  2.7005E-01  1.9359E+02
0000001 2.5398E+05  3.0402E+09  1.1701E+07  8.1118E+06  2.7053E-01  2.8269E+01
0000001 2.5287E+05  3.0442E+09  1.1756E+07  8.1140E+06  2.7114E-01  6.9920E+00
0000001 2.5199E+05  3.0474E+09  1.1800E+07  8.1161E+06  2.7164E-01  3.4717E+01
0000001 2.5087E+05  3.0514E+09  1.1855E+07  8.1193E+06  2.7226E-01  3.6848E+01
0000001 2.4981E+05  3.0553E+09  1.1910E+07  8.1221E+06  2.7285E-01  7.0952E+00
0000001 2.4896E+05  3.0585E+09  1.1956E+07  8.1246E+06  2.7333E-01  1.8558E+01
0000001 2.4794E+05  3.0625E+09  1.2012E+07  8.1270E+06  2.7390E-01  9.7486E+00
0000001 2.4687E+05  3.0664E+09  1.2067E+07  8.1299E+06  2.7451E-01  1.3885E+01
0000001 2.4596E+05  3.0696E+09  1.2109E+07  8.1316E+06  2.7504E-01  1.1336E+02
0000001 2.4489E+05  3.0735E+09  1.2158E+07  8.1345E+06  2.7565E-01  6.5670E+01
0000001 2.4381E+05  3.0774E+09  1.2207E+07  8.1393E+06  2.7627E-01  1.5732E+01
0000001 2.4297E+05  3.0805E+09  1.2244E+07  8.1416E+06  2.7676E-01  4.5273E+01
0000001 2.4193E+05  3.0844E+09  1.2291E+07  8.1418E+06  2.7737E-01  9.3369E+00
0000001 2.4091E+05  3.0883E+09  1.2338E+07  8.1415E+06  2.7797E-01  7.0646E+00
0000001 2.3983E+05  3.0921E+09  1.2387E+07  8.1445E+06  2.7860E-01  6.0651E+00
0000001 2.3897E+05  3.0952E+09  1.2428E+07  8.1494E+06  2.7911E-01  7.6382E+00
0000001 2.3788E+05  3.0991E+09  1.2478E+07  8.1577E+06  2.7975E-01  4.3447E+00
0000001 2.3682E+05  3.1029E+09  1.2528E+07  8.1668E+06  2.8039E-01  8.0292E+00
0000001 2.3581E+05  3.1067E+09  1.2575E+07  8.1765E+06  2.8100E-01  6.9857E+00
0000001 2.3494E+05  3.1098E+09  1.2611E+07  8.1834E+06  2.8152E-01  5.1846E+02
0000001 2.3396E+05  3.1136E+09  1.2660E+07  8.1950E+06  2.8211E-01  1.2284E+01
0000001 2.3289E+05  3.1174E+09  1.2711E+07  8.2066E+06  2.8276E-01  4.7865E+00
0000001 2.3190E+05  3.1212E+09  1.2761E+07  8.2170E+06  2.8338E-01  1.2152E+02
0000001 2.3098E+05  3.1242E+09  1.2801E+07  8.2226E+06  2.8395E-01  1.3293E+01
0000001 2.2996E+05  3.1279E+09  1.2849E+07  8.2276E+06  2.8457E-01  8.6115E+00
0000001 2.2894E+05  3.1317E+09  1.2896E+07  8.2312E+06  2.8521E-01  2.1131E+01
0000001 2.2786E+05  3.1354E+09  1.2943E+07  8.2345E+06  2.8588E-01  1.0896E+01
0000001 2.2679E+05  3.1391E+09  1.2990E+07  8.2360E+06  2.8656E-01  1.1291E+01
0000001 2.2598E+05  3.1421E+09  1.3028E+07  8.2358E+06  2.8708E-01  4.0572E+00
0000001 2.2487E+05  3.1458E+09  1.3080E+07  8.2344E+06  2.8778E-01  9.4965E+00
0000001 2.2400E+05  3.1488E+09  1.3122E+07  8.2322E+06  2.8833E-01  4.7710E+00
0000001 2.2285E+05  3.1524E+09  1.3166E+07  8.2224E+06  2.8908E-01  2.7687E+02
0000001 2.2185E+05  3.1561E+09  1.3204E+07  8.2106E+06  2.8972E-01  6.5481E+00
0000001 2.2098E+05  3.1590E+09  1.3234E+07  8.2012E+06  2.9029E-01  4.3342E+00
0000001 2.1990E+05  3.1627E+09  1.3270E+07  8.1891E+06  2.9099E-01  9.9749E+00
0000001 2.1882E+05  3.1663E+09  1.3307E+07  8.1763E+06  2.9170E-01  4.4885E+00
0000001 2.1783E+05  3.1700E+09  1.3351E+07  8.1613E+06  2.9236E-01  3.8065E+01
0000001 2.1699E+05  3.1728E+09  1.3387E+07  8.1501E+06  2.9292E-01  7.7310E+00
0000001 2.1581E+05  3.1772E+09  1.3443E+07  8.1346E+06  2.9369E-01  6.0247E+00
0000001 2.1495E+05  3.1800E+09  1.3479E+07  8.1248E+06  2.9427E-01  7.1376E+00
0000001 2.1392E+05  3.1836E+09  1.3524E+07  8.1128E+06  2.9497E-01  4.1454E+02
0000001 2.1286E+05  3.1872E+09  1.3573E+07  8.0990E+06  2.9569E-01  6.1356E+00
0000001 2.1197E+05  3.1900E+09  1.3611E+07  8.0878E+06  2.9629E-01  4.1377E+01
0000001 2.1098E+05  3.1936E+09  1.3658E+07  8.0765E+06  2.9697E-01  6.6542E+00
0000001 2.0995E+05  3.1971E+09  1.3705E+07  8.0639E+06  2.9768E-01  4.3404E+00
0000001 2.0889E+05  3.2006E+09  1.3752E+07  8.0506E+06  2.9842E-01  5.8120E+00
0000001 2.0779E+05  3.2042E+09  1.3798E+07  8.0362E+06  2.9918E-01  8.6053E+00
0000001 2.0680E+05  3.2077E+09  1.3846E+07  8.0209E+06  2.9987E-01  3.4487E+02
0000001 2.0597E+05  3.2105E+09  1.3884E+07  8.0063E+06  3.0046E-01  1.0338E+02
0000001 2.0491E+05  3.2139E+09  1.3932E+07  7.9902E+06  3.0121E-01  9.2971E+00
0000001 2.0382E+05  3.2174E+09  1.3981E+07  7.9749E+06  3.0199E-01  2.1934E+01
0000001 2.0298E+05  3.2202E+09  1.4020E+07  7.9620E+06  3.0258E-01  5.6712E+01
0000001 2.0195E+05  3.2236E+09  1.4068E+07  7.9436E+06  3.0332E-01  1.2408E+01
0000001 2.0091E+05  3.2270E+09  1.4117E+07  7.9251E+06  3.0408E-01  5.4269E+00
0000001 1.9985E+05  3.2305E+09  1.4166E+07  7.9073E+06  3.0485E-01  4.7294E+01
0000001 1.9898E+05  3.2332E+09  1.4205E+07  7.8930E+06  3.0548E-01  4.9441E+00
0000001 1.9793E+05  3.2366E+09  1.4253E+07  7.8751E+06  3.0625E-01  4.5823E+00
0000001 1.9692E+05  3.2400E+09  1.4301E+07  7.8561E+06  3.0700E-01  1.8242E+01
0000001 1.9587E+05  3.2434E+09  1.4349E+07  7.8367E+06  3.0777E-01  1.1515E+01
0000001 1.9486E+05  3.2467E+09  1.4397E+07  7.8176E+06  3.0853E-01  6.0610E+00
0000001 1.9379E+05  3.2501E+09  1.4443E+07  7.8013E+06  3.0933E-01  8.7819E+00
0000001 1.9296E+05  3.2528E+09  1.4475E+07  7.7934E+06  3.0996E-01  8.7146E+00
0000001 1.9194E+05  3.2561E+09  1.4512E+07  7.7844E+06  3.1073E-01  1.3097E+03
0000001 1.9090E+05  3.2594E+09  1.4546E+07  7.7809E+06  3.1152E-01  3.1626E+01
0000001 1.8986E+05  3.2627E+09  1.4579E+07  7.7770E+06  3.1231E-01  4.3460E+00
0000001 1.8879E+05  3.2660E+09  1.4612E+07  7.7725E+06  3.1315E-01  5.2505E+00
0000001 1.8793E+05  3.2686E+09  1.4639E+07  7.7694E+06  3.1381E-01  1.5481E+03
0000001 1.8699E+05  3.2719E+09  1.4667E+07  7.7703E+06  3.1454E-01  8.3258E+01
0000001 1.8595E+05  3.2752E+09  1.4697E+07  7.7691E+06  3.1535E-01  6.5545E+02
0000001 1.8493E+05  3.2784E+09  1.4728E+07  7.7717E+06  3.1616E-01  4.7889E+00
0000001 1.8392E+05  3.2817E+09  1.4759E+07  7.7749E+06  3.1696E-01  4.5996E+00
0000001 1.8291E+05  3.2849E+09  1.4792E+07  7.7786E+06  3.1775E-01  4.7884E+00
0000001 1.8194E+05  3.2881E+09  1.4827E+07  7.7826E+06  3.1853E-01  2.4830E+01
0000001 1.8095E+05  3.2913E+09  1.4861E+07  7.7855E+06  3.1933E-01  2.1955E+01
0000001 1.7990E+05  3.2945E+09  1.4896E+07  7.7878E+06  3.2018E-01  7.5283E+00
0000001 1.7890E+05  3.2977E+09  1.4931E+07  7.7896E+06  3.2098E-01  2.7843E+01
0000001 1.7793E+05  3.3008E+09  1.4965E+07  7.7909E+06  3.2178E-01  2.1052E+01
0000001 1.7693E+05  3.3040E+09  1.5000E+07  7.7920E+06  3.2260E-01  5.1937E+00
0000001 1.7599E+05  3.3071E+09  1.5034E+07  7.7920E+06  3.2338E-01  9.8397E+00
0000001 1.7494E+05  3.3103E+09  1.5069E+07  7.7901E+06  3.2424E-01  9.0114E+00
0000001 1.7395E+05  3.3134E+09  1.5103E+07  7.7869E+06  3.2507E-01  1.6502E+01
0000001 1.7291E+05  3.3165E+09  1.5137E+07  7.7836E+06  3.2594E-01  7.3088E+00
0000001 1.7189E+05  3.3196E+09  1.5168E+07  7.7818E+06  3.2680E-01  1.1818E+01
0000001 1.7089E+05  3.3227E+09  1.5198E+07  7.7799E+06  3.2765E-01  1.1836E+01
0000001 1.6980E+05  3.3258E+09  1.5229E+07  7.7779E+06  3.2858E-01  7.3154E+00
0000001 1.6897E+05  3.3282E+09  1.5253E+07  7.7760E+06  3.2928E-01  3.4718E+00
0000001 1.6791E+05  3.3313E+09  1.5282E+07  7.7743E+06  3.3019E-01  4.3349E+00
0000001 1.6686E+05  3.3343E+09  1.5311E+07  7.7727E+06  3.3111E-01  1.4284E+02
0000001 1.6585E+05  3.3373E+09  1.5338E+07  7.7700E+06  3.3198E-01  1.2091E+01
0000001 1.6487E+05  3.3403E+09  1.5375E+07  7.7628E+06  3.3284E-01  2.5958E+01
0000001 1.6391E+05  3.3433E+09  1.5416E+07  7.7567E+06  3.3368E-01  1.1859E+01
0000001 1.6284E+05  3.3463E+09  1.5457E+07  7.7522E+06  3.3462E-01  4.7570E+00
0000001 1.6186E+05  3.3493E+09  1.5497E+07  7.7475E+06  3.3549E-01  6.6147E+00
0000001 1.6086E+05  3.3523E+09  1.5538E+07  7.7426E+06  3.3638E-01  3.3904E+00
0000001 1.5989E+05  3.3552E+09  1.5579E+07  7.7361E+06  3.3726E-01  2.3684E+02
0000001 1.5889E+05  3.3582E+09  1.5619E+07  7.7277E+06  3.3815E-01  2.4841E+01
0000001 1.5786E+05  3.3611E+09  1.5659E+07  7.7205E+06  3.3908E-01  4.8067E+00
0000001 1.5691E+05  3.3640E+09  1.5701E+07  7.7137E+06  3.3995E-01  4.8403E+00
0000001 1.5590E+05  3.3669E+09  1.5742E+07  7.7077E+06  3.4087E-01  3.2889E+00
0000001 1.5486E+05  3.3698E+09  1.5782E+07  7.7013E+06  3.4182E-01  4.9410E+00
0000001 1.5387E+05  3.3727E+09  1.5823E+07  7.6971E+06  3.4274E-01  2.0069E+02
0000001 1.5286E+05  3.3756E+09  1.5864E+07  7.6922E+06  3.4367E-01  4.6441E+00
0000001 1.5186E+05  3.3784E+09  1.5905E+07  7.6869E+06  3.4460E-01  1.3375E+01
0000001 1.5094E+05  3.3812E+09  1.5944E+07  7.6829E+06  3.4546E-01  3.6893E+00
0000001 1.4988E+05  3.3841E+09  1.5983E+07  7.6807E+06  3.4645E-01  5.2236E+00
0000001 1.4890E+05  3.3869E+09  1.6021E+07  7.6804E+06  3.4738E-01  6.0309E+00
0000001 1.4792E+05  3.3897E+09  1.6059E+07  7.6815E+06  3.4831E-01  4.8759E+00
0000001 1.4698E+05  3.3925E+09  1.6095E+07  7.6842E+06  3.4921E-01  8.3461E+00
0000001 1.4596E+05  3.3953E+09  1.6132E+07  7.6878E+06  3.5017E-01  2.4013E+01
0000001 1.4496E+05  3.3980E+09  1.6171E+07  7.6914E+06  3.5114E-01  4.9435E+00
0000001 1.4385E+05  3.4014E+09  1.6220E+07  7.6954E+06  3.5221E-01  2.5020E+02
0000001 1.4292E+05  3.4041E+09  1.6253E+07  7.6995E+06  3.5311E-01  1.5250E+01
0000001 1.4195E+05  3.4068E+09  1.6283E+07  7.7037E+06  3.5405E-01  7.1735E+00
0000001 1.4096E+05  3.4096E+09  1.6314E+07  7.7093E+06  3.5502E-01  4.1224E+01
0000001 1.3999E+05  3.4123E+09  1.6345E+07  7.7165E+06  3.5597E-01  8.7116E+00
0000001 1.3883E+05  3.4155E+09  1.6381E+07  7.7250E+06  3.5712E-01  5.7293E+00
0000001 1.3786E+05  3.4182E+09  1.6409E+07  7.7324E+06  3.5808E-01  1.8886E+01
0000001 1.3690E+05  3.4208E+09  1.6437E+07  7.7388E+06  3.5903E-01  1.7134E+01
0000001 1.3590E+05  3.4235E+09  1.6464E+07  7.7442E+06  3.6003E-01  4.6127E+00
0000001 1.3490E+05  3.4261E+09  1.6490E+07  7.7493E+06  3.6103E-01  2.4308E+01
0000001 1.3398E+05  3.4288E+09  1.6517E+07  7.7544E+06  3.6195E-01  8.2566E+01
0000001 1.3286E+05  3.4319E+09  1.6548E+07  7.7616E+06  3.6309E-01  9.5216E+00
0000001 1.3194E+05  3.4345E+09  1.6574E+07  7.7679E+06  3.6401E-01  7.7009E+00
0000001 1.3100E+05  3.4371E+09  1.6600E+07  7.7728E+06  3.6497E-01  1.1987E+02
0000001 1.2991E+05  3.4402E+09  1.6633E+07  7.7800E+06  3.6608E-01  4.9105E+00
0000001 1.2891E+05  3.4428E+09  1.6661E+07  7.7872E+06  3.6711E-01  2.2780E+01
0000001 1.2786E+05  3.4458E+09  1.6695E+07  7.7962E+06  3.6819E-01  6.7462E+00
0000001 1.2694E+05  3.4484E+09  1.6724E+07  7.8034E+06  3.6914E-01  2.4744E+01
0000001 1.2581E+05  3.4514E+09  1.6759E+07  7.8138E+06  3.7030E-01  8.7916E+00
0000001 1.2483E+05  3.4539E+09  1.6787E+07  7.8229E+06  3.7132E-01  6.1960E+00
0000001 1.2387E+05  3.4564E+09  1.6816E+07  7.8331E+06  3.7231E-01  5.5763E+01
0000001 1.2293E+05  3.4589E+09  1.6850E+07  7.8439E+06  3.7330E-01  1.6106E+01
0000001 1.2183E+05  3.4619E+09  1.6904E+07  7.8555E+06  3.7445E-01  9.3980E+00
0000001 1.2098E+05  3.4643E+09  1.6949E+07  7.8643E+06  3.7533E-01  5.0708E+00
0000001 1.1986E+05  3.4673E+09  1.7005E+07  7.8746E+06  3.7652E-01  5.3096E+00
0000001 1.1897E+05  3.4697E+09  1.7051E+07  7.8835E+06  3.7745E-01  2.1549E+01
0000001 1.1798E+05  3.4721E+09  1.7099E+07  7.8936E+06  3.7850E-01  9.4058E+00
0000001 1.1699E+05  3.4745E+09  1.7146E+07  7.9045E+06  3.7955E-01  3.4679E+01
0000001 1.1581E+05  3.4779E+09  1.7216E+07  7.9219E+06  3.8080E-01  9.9523E+00
0000001 1.1491E+05  3.4803E+09  1.7266E+07  7.9343E+06  3.8176E-01  8.4693E+00
0000001 1.1398E+05  3.4827E+09  1.7318E+07  7.9470E+06  3.8275E-01  3.0867E+01
0000001 1.1295E+05  3.4855E+09  1.7379E+07  7.9639E+06  3.8385E-01  2.4274E+02
0000001 1.1198E+05  3.4878E+09  1.7425E+07  7.9802E+06  3.8489E-01  1.4076E+01
0000001 1.1091E+05  3.4906E+09  1.7478E+07  8.0011E+06  3.8603E-01  8.6626E+00
0000001 1.0984E+05  3.4934E+09  1.7530E+07  8.0225E+06  3.8718E-01  4.6969E+01
0000001 1.0897E+05  3.4957E+09  1.7573E+07  8.0419E+06  3.8811E-01  9.1756E+00
0000001 1.0791E+05  3.4985E+09  1.7625E+07  8.0636E+06  3.8924E-01  7.4521E+00
0000001 1.0687E+05  3.5012E+09  1.7677E+07  8.0852E+06  3.9036E-01  6.6882E+00
0000001 1.0598E+05  3.5034E+09  1.7722E+07  8.1032E+06  3.9131E-01  1.4585E+01
0000001 1.0494E+05  3.5061E+09  1.7775E+07  8.1248E+06  3.9244E-01  1.0204E+01
0000001 1.0385E+05  3.5088E+09  1.7828E+07  8.1473E+06  3.9360E-01  3.4075E+00
0000001 1.0299E+05  3.5110E+09  1.7869E+07  8.1646E+06  3.9453E-01  2.2580E+01
0000001 1.0190E+05  3.5137E+09  1.7919E+07  8.1843E+06  3.9570E-01  5.5372E+01
0000001 1.0095E+05  3.5163E+09  1.7968E+07  8.2059E+06  3.9672E-01  3.8776E+01
0000001 9.9939E+04  3.5189E+09  1.8015E+07  8.2273E+06  3.9780E-01  2.9095E+01
0000001 9.8932E+04  3.5215E+09  1.8061E+07  8.2480E+06  3.9888E-01  5.5139E+00
0000001 9.7914E+04  3.5241E+09  1.8107E+07  8.2658E+06  3.9997E-01  1.0017E+01
0000001 9.6902E+04  3.5267E+09  1.8152E+07  8.2830E+06  4.0105E-01  5.9652E+00
0000001 9.5869E+04  3.5292E+09  1.8194E+07  8.3000E+06  4.0241E-01  1.5243E+02
0000001 9.4995E+04  3.5313E+09  1.8231E+07  8.3110E+06  4.0363E-01  6.2459E+00
0000001 9.3841E+04  3.5343E+09  1.8283E+07  8.3255E+06  4.0530E-01  4.1916E+02
0000001 9.2974E+04  3.5364E+09  1.8318E+07  8.3361E+06  4.0657E-01  1.9065E+01
0000001 9.1954E+04  3.5388E+09  1.8358E+07  8.3493E+06  4.0796E-01  8.9586E+00
0000001 9.0891E+04  3.5413E+09  1.8399E+07  8.3635E+06  4.0939E-01  3.8185E+00
0000001 8.9881E+04  3.5438E+09  1.8437E+07  8.3766E+06  4.1063E-01  7.3282E+00
0000001 8.8863E+04  3.5462E+09  1.8474E+07  8.3890E+06  4.1185E-01  7.4466E+00
0000001 8.7878E+04  3.5486E+09  1.8511E+07  8.4022E+06  4.1293E-01  1.6642E+01
0000001 8.6882E+04  3.5510E+09  1.8547E+07  8.4140E+06  4.1399E-01  4.9539E+00
0000001 8.5883E+04  3.5534E+09  1.8582E+07  8.4244E+06  4.1496E-01  1.2479E+01
0000001 8.4882E+04  3.5557E+09  1.8616E+07  8.4300E+06  4.1587E-01  8.9295E+00
0000001 8.3942E+04  3.5581E+09  1.8648E+07  8.4263E+06  4.1667E-01  1.1563E+01
0000001 8.2984E+04  3.5604E+09  1.8678E+07  8.4212E+06  4.1739E-01  6.0417E+00
0000001 8.1975E+04  3.5627E+09  1.8706E+07  8.4141E+06  4.1812E-01  5.1766E+00
0000001 8.0973E+04  3.5650E+09  1.8732E+07  8.4066E+06  4.1871E-01  5.2533E+00
0000001 7.9997E+04  3.5673E+09  1.8759E+07  8.4006E+06  4.1943E-01  5.0016E+01
0000001 7.8908E+04  3.5699E+09  1.8788E+07  8.3933E+06  4.2050E-01  6.1483E+01
0000001 7.7942E+04  3.5721E+09  1.8813E+07  8.3897E+06  4.2154E-01  3.3644E+00
0000001 7.6892E+04  3.5747E+09  1.8838E+07  8.3895E+06  4.2268E-01  2.0555E+01
0000001 7.5940E+04  3.5769E+09  1.8861E+07  8.3902E+06  4.2371E-01  7.2477E+00
0000001 7.4898E+04  3.5795E+09  1.8886E+07  8.3936E+06  4.2483E-01  1.0482E+01
0000001 7.3948E+04  3.5816E+09  1.8906E+07  8.3968E+06  4.2584E-01  6.5576E+01
0000001 7.2882E+04  3.5841E+09  1.8930E+07  8.3999E+06  4.2695E-01  7.9178E+00
0000001 7.1962E+04  3.5863E+09  1.8953E+07  8.4030E+06  4.2790E-01  5.8981E+00
0000001 7.0861E+04  3.5887E+09  1.8980E+07  8.4077E+06  4.2903E-01  3.6676E+00
0000001 6.9862E+04  3.5912E+09  1.9009E+07  8.4128E+06  4.3004E-01  5.0236E+00
0000001 6.8957E+04  3.5932E+09  1.9036E+07  8.4168E+06  4.3093E-01  6.4987E+01
0000001 6.7908E+04  3.5956E+09  1.9069E+07  8.4182E+06  4.3196E-01  3.9765E+01
0000001 6.6986E+04  3.5977E+09  1.9098E+07  8.4186E+06  4.3285E-01  2.6754E+01
0000001 6.5972E+04  3.6000E+09  1.9133E+07  8.4193E+06  4.3380E-01  7.5830E+00
0000001 6.4987E+04  3.6024E+09  1.9169E+07  8.4273E+06  4.3471E-01  7.9885E+00
0000001 6.3871E+04  3.6050E+09  1.9213E+07  8.4336E+06  4.3572E-01  9.6393E+00
0000001 6.2884E+04  3.6073E+09  1.9248E+07  8.4356E+06  4.3659E-01  3.1994E+01
0000001 6.1989E+04  3.6092E+09  1.9279E+07  8.4387E+06  4.3735E-01  6.1997E+00
0000001 6.0886E+04  3.6118E+09  1.9317E+07  8.4461E+06  4.3826E-01  7.9859E+00
0000001 5.9893E+04  3.6140E+09  1.9348E+07  8.4523E+06  4.3906E-01  2.0490E+01
0000001 5.8877E+04  3.6162E+09  1.9373E+07  8.4607E+06  4.3985E-01  1.0156E+01
0000001 5.7937E+04  3.6184E+09  1.9395E+07  8.4730E+06  4.4056E-01  4.5769E+00
0000001 5.6972E+04  3.6205E+09  1.9417E+07  8.4851E+06  4.4125E-01  5.5308E+00
0000001 5.5924E+04  3.6229E+09  1.9441E+07  8.5002E+06  4.4196E-01  1.9273E+01
0000001 5.4948E+04  3.6250E+09  1.9461E+07  8.5138E+06  4.4260E-01  5.6784E+00
0000001 5.3974E+04  3.6271E+09  1.9480E+07  8.5283E+06  4.4320E-01  6.9578E+00
0000001 5.2953E+04  3.6295E+09  1.9499E+07  8.5462E+06  4.4378E-01  2.7222E+02
0000001 5.1950E+04  3.6318E+09  1.9520E+07  8.5599E+06  4.4432E-01  5.7109E+00
0000001 5.0981E+04  3.6338E+09  1.9537E+07  8.5713E+06  4.4480E-01  1.0015E+01
0000001 4.9926E+04  3.6364E+09  1.9556E+07  8.5896E+06  4.4527E-01  1.0304E+01
0000001 4.8908E+04  3.6386E+09  1.9572E+07  8.6075E+06  4.4567E-01  2.6944E+01
0000001 4.7980E+04  3.6405E+09  1.9584E+07  8.6234E+06  4.4600E-01  5.4637E+01
0000001 4.6995E+04  3.6427E+09  1.9596E+07  8.6429E+06  4.4629E-01  6.9818E+00
0000001 4.5930E+04  3.6452E+09  1.9609E+07  8.6635E+06  4.4654E-01  3.8596E+00
0000001 4.4930E+04  3.6473E+09  1.9625E+07  8.6836E+06  4.4672E-01  6.1130E+00
0000001 4.3961E+04  3.6494E+09  1.9642E+07  8.7050E+06  4.4683E-01  1.6918E+01
0000001 4.2931E+04  3.6517E+09  1.9662E+07  8.7288E+06  4.4688E-01  9.7509E+00
0000001 4.1976E+04  3.6538E+09  1.9681E+07  8.7507E+06  4.4686E-01  1.4356E+01
0000001 4.0907E+04  3.6560E+09  1.9699E+07  8.7761E+06  4.4676E-01  1.7981E+01
0000001 3.9955E+04  3.6580E+09  1.9713E+07  8.8008E+06  4.4660E-01  1.0228E+01
0000001 3.8961E+04  3.6602E+09  1.9725E+07  8.8268E+06  4.4634E-01  8.5697E+00
0000001 3.7991E+04  3.6624E+09  1.9733E+07  8.8532E+06  4.4601E-01  8.0488E+00
0000001 3.6991E+04  3.6648E+09  1.9744E+07  8.8833E+06  4.4558E-01  8.3305E+00
0000001 3.5995E+04  3.6671E+09  1.9769E+07  8.9202E+06  4.4505E-01  9.0920E+00
0000001 3.4977E+04  3.6694E+09  1.9794E+07  8.9557E+06  4.4439E-01  8.5809E+00
0000001 3.3994E+04  3.6717E+09  1.9819E+07  8.9900E+06  4.4366E-01  3.6220E+01
0000001 3.2966E+04  3.6739E+09  1.9839E+07  9.0222E+06  4.4276E-01  4.5218E+00
0000001 3.1963E+04  3.6761E+09  1.9855E+07  9.0706E+06  4.4176E-01  6.3714E+00
0000001 3.0985E+04  3.6782E+09  1.9871E+07  9.1227E+06  4.4065E-01  7.8616E+00
0000001 2.9916E+04  3.6805E+09  1.9901E+07  9.1655E+06  4.3927E-01  1.4627E+01
0000001 2.8934E+04  3.6828E+09  1.9961E+07  9.1812E+06  4.3785E-01  5.2145E+00
0000001 2.7994E+04  3.6850E+09  2.0021E+07  9.1945E+06  4.3633E-01  8.3640E+00
0000001 2.6946E+04  3.6873E+09  2.0085E+07  9.2083E+06  4.3444E-01  8.4977E+00
0000001 2.5957E+04  3.6897E+09  2.0149E+07  9.2178E+06  4.3246E-01  1.6672E+01
0000001 2.4973E+04  3.6919E+09  2.0210E+07  9.2170E+06  4.3028E-01  7.2006E+00
0000001 2.3984E+04  3.6941E+09  2.0271E+07  9.2059E+06  4.2784E-01  4.9639E+01
0000001 2.2982E+04  3.6965E+09  2.0337E+07  9.1885E+06  4.2510E-01  1.4551E+01
0000001 2.1994E+04  3.6990E+09  2.0417E+07  9.1777E+06  4.2210E-01  9.5103E+01
0000001 2.0957E+04  3.7013E+09  2.0498E+07  9.1568E+06  4.1860E-01  8.1248E+01
0000001 1.9966E+04  3.7037E+09  2.0573E+07  9.1543E+06  4.1488E-01  1.0770E+01
0000001 1.8972E+04  3.7061E+09  2.0653E+07  9.1589E+06  4.1072E-01  1.3799E+03
0000001 1.7983E+04  3.7085E+09  2.0744E+07  9.1690E+06  4.0611E-01  5.0143E+01
0000001 1.6958E+04  3.7110E+09  2.0853E+07  9.1858E+06  4.0073E-01  1.4417E+01
0000001 1.5988E+04  3.7135E+09  2.0962E+07  9.2148E+06  3.9501E-01  3.2499E+01
0000001 1.4953E+04  3.7162E+09  2.1081E+07  9.2671E+06  3.8812E-01  3.3506E+01
0000001 1.3963E+04  3.7187E+09  2.1193E+07  9.3133E+06  3.8063E-01  7.4168E+02
0000001 1.2994E+04  3.7213E+09  2.1326E+07  9.3517E+06  3.7231E-01  8.9927E+00
0000001 1.1980E+04  3.7240E+09  2.1447E+07  9.3863E+06  3.6236E-01  5.4819E+01
0000001 1.0967E+04  3.7269E+09  2.1594E+07  9.4284E+06  3.5092E-01  2.3022E+01
0000001 9.9735E+03  3.7297E+09  2.1745E+07  9.4834E+06  3.3797E-01  1.5276E+01
0000001 8.9630E+03  3.7328E+09  2.1862E+07  9.5534E+06  3.2269E-01  2.0824E+01
0000001 7.9800E+03  3.7359E+09  2.1926E+07  9.6439E+06  3.0539E-01  1.4999E+01
0000001 6.9965E+03  3.7394E+09  2.1980E+07  9.7362E+06  2.8522E-01  1.1743E+02
0000001 5.9872E+03  3.7430E+09  2.1929E+07  9.7940E+06  2.6090E-01  1.0387E+01
0000001 4.9949E+03  3.7473E+09  2.1915E+07  9.9732E+06  2.3272E-01  2.0337E+01
0000001 3.9848E+03  3.7518E+09  2.1839E+07  1.0302E+07  1.9877E-01  6.8363E+00
0000001 2.9923E+03  3.7571E+09  2.1743E+07  1.0725E+07  1.5924E-01  1.3736E+01
0000001 1.9976E+03  3.7636E+09  2.1714E+07  1.1399E+07  1.1284E-01  4.6951E+01
0000001 9.9818E+02  3.7737E+09  2.2181E+07  1.2722E+07  6.2343E-02  1.3005E+01
0000001 0.0000E+00  3.7908E+09  1.9346E+07  1.6782E+07  0.0000E+00  1.5194E+00
