    0.50786    0.56245    0.59392    0.59600    0.61382    0.66781    0.65969    0.69723    0.73317    0.78181    0.83834    0.90070    0.99275    1.13109    1.32539    1.79502    1.60295    0.00000    0.00000    0.00000    0.00000    0.00000    0.00000    0.00000    0.00000    0.00000    0.00000    0.00000    0.00000    0.00000    0.00000    0.00000    0.00000    0.00000    0.00000    0.00000    0.00000    0.00000    0.00000    0.00000    0.00000    0.00000    0.00000    0.00000    0.00000    0.00000    0.00000    0.00000    0.00000    0.00000    0.00000 
    0.54189    0.57243    0.57465    0.60493    0.59147    0.61948    0.67206    0.71413    0.75846    0.77081    0.85258    0.88394    0.98639    1.18289    1.37194    1.83987    1.46208    0.00000    0.00000    0.00000    0.00000    0.00000    0.00000    0.00000    0.00000    0.00000    0.00000    0.00000    0.00000    0.00000    0.00000    0.00000    0.00000    0.00000    0.00000    0.00000    0.00000    0.00000    0.00000    0.00000    0.00000    0.00000    0.00000    0.00000    0.00000    0.00000    0.00000    0.00000    0.00000    0.00000    0.00000 
    0.55234    0.52949    0.51588    0.57741    0.60204    0.64307    0.62106    0.66394    0.74164    0.82720    0.83721    0.92074    0.96302    1.10530    1.30378    1.71068    1.88520    0.00000    0.00000    0.00000    0.00000    0.00000    0.00000    0.00000    0.00000    0.00000    0.00000    0.00000    0.00000    0.00000    0.00000    0.00000    0.00000    0.00000    0.00000    0.00000    0.00000    0.00000    0.00000    0.00000    0.00000    0.00000    0.00000    0.00000    0.00000    0.00000    0.00000    0.00000    0.00000    0.00000    0.00000 
    0.52790    0.52713    0.58286    0.60384    0.61194    0.64119    0.65979    0.68694    0.73355    0.78445    0.83486    0.94638    1.01566    1.11260    1.33107    1.72995    1.66987    0.00000    0.00000    0.00000    0.00000    0.00000    0.00000    0.00000    0.00000    0.00000    0.00000    0.00000    0.00000    0.00000    0.00000    0.00000    0.00000    0.00000    0.00000    0.00000    0.00000    0.00000    0.00000    0.00000    0.00000    0.00000    0.00000    0.00000    0.00000    0.00000    0.00000    0.00000    0.00000    0.00000    0.00000 
    0.57280    0.51872    0.58902    0.62825    0.59942    0.58422    0.65187    0.76082    0.76758    0.78630    0.80537    0.85765    1.05697    1.09485    1.35596    1.76089    1.60932    0.00000    0.00000    0.00000    0.00000    0.00000    0.00000    0.00000    0.00000    0.00000    0.00000    0.00000    0.00000    0.00000    0.00000    0.00000    0.00000    0.00000    0.00000    0.00000    0.00000    0.00000    0.00000    0.00000    0.00000    0.00000    0.00000    0.00000    0.00000    0.00000    0.00000    0.00000    0.00000    0.00000    0.00000 
    0.54707    0.55541    0.58152    0.62939    0.64579    0.65407    0.66714    0.73209    0.74650    0.78623    0.82846    0.88643    0.98548    1.14953    1.36063    1.74342    1.50085    0.00000    0.00000    0.00000    0.00000    0.00000    0.00000    0.00000    0.00000    0.00000    0.00000    0.00000    0.00000    0.00000    0.00000    0.00000    0.00000    0.00000    0.00000    0.00000    0.00000    0.00000    0.00000    0.00000    0.00000    0.00000    0.00000    0.00000    0.00000    0.00000    0.00000    0.00000    0.00000    0.00000    0.00000 
    0.57607    0.56293    0.51491    0.57798    0.59954    0.65538    0.64356    0.71054    0.79510    0.75895    0.85205    0.87197    0.97509    1.07239    1.26904    1.69260    1.87190    0.00000    0.00000    0.00000    0.00000    0.00000    0.00000    0.00000    0.00000    0.00000    0.00000    0.00000    0.00000    0.00000    0.00000    0.00000    0.00000    0.00000    0.00000    0.00000    0.00000    0.00000    0.00000    0.00000    0.00000    0.00000    0.00000    0.00000    0.00000    0.00000    0.00000    0.00000    0.00000    0.00000    0.00000 
    0.55044    0.56226    0.59945    0.58282    0.63884    0.69027    0.69506    0.73299    0.76822    0.77601    0.85231    0.92186    0.99607    1.16141    1.36512    1.95496    1.15191    0.00000    0.00000    0.00000    0.00000    0.00000    0.00000    0.00000    0.00000    0.00000    0.00000    0.00000    0.00000    0.00000    0.00000    0.00000    0.00000    0.00000    0.00000    0.00000    0.00000    0.00000    0.00000    0.00000    0.00000    0.00000    0.00000    0.00000    0.00000    0.00000    0.00000    0.00000    0.00000    0.00000    0.00000 
    0.50839    0.55700    0.60156    0.57893    0.56980    0.69091    0.67220    0.69648    0.71766    0.78994    0.83110    0.92201    1.03016    1.13873    1.34016    1.80371    1.55123    0.00000    0.00000    0.00000    0.00000    0.00000    0.00000    0.00000    0.00000    0.00000    0.00000    0.00000    0.00000    0.00000    0.00000    0.00000    0.00000    0.00000    0.00000    0.00000    0.00000    0.00000    0.00000    0.00000    0.00000    0.00000    0.00000    0.00000    0.00000    0.00000    0.00000    0.00000    0.00000    0.00000    0.00000 
    0.52198    0.59181    0.58927    0.59860    0.59664    0.61857    0.70196    0.73168    0.74821    0.78531    0.84954    0.91585    0.99258    1.16030    1.33680    1.79059    1.47031    0.00000    0.00000    0.00000    0.00000    0.00000    0.00000    0.00000    0.00000    0.00000    0.00000    0.00000    0.00000    0.00000    0.00000    0.00000    0.00000    0.00000    0.00000    0.00000    0.00000    0.00000    0.00000    0.00000    0.00000    0.00000    0.00000    0.00000    0.00000    0.00000    0.00000    0.00000    0.00000    0.00000    0.00000 
    0.58435    0.53933    0.56282    0.62568    0.61696    0.67113    0.65180    0.72860    0.76405    0.77466    0.84880    0.92497    0.98231    1.17119    1.36163    1.83016    1.36156    0.00000    0.00000    0.00000    0.00000    0.00000    0.00000    0.00000    0.00000    0.00000    0.00000    0.00000    0.00000    0.00000    0.00000    0.00000    0.00000    0.00000    0.00000    0.00000    0.00000    0.00000    0.00000    0.00000    0.00000    0.00000    0.00000    0.00000    0.00000    0.00000    0.00000    0.00000    0.00000    0.00000    0.00000 
    0.54580    0.56920    0.55780    0.55946    0.60075    0.61930    0.68624    0.70952    0.69934    0.77007    0.83231    0.88710    0.96486    1.06849    1.29096    1.65872    1.98008    0.00000    0.00000    0.00000    0.00000    0.00000    0.00000    0.00000    0.00000    0.00000    0.00000    0.00000    0.00000    0.00000    0.00000    0.00000    0.00000    0.00000    0.00000    0.00000    0.00000    0.00000    0.00000    0.00000    0.00000    0.00000    0.00000    0.00000    0.00000    0.00000    0.00000    0.00000    0.00000    0.00000    0.00000 
    0.54858    0.57905    0.60139    0.62849    0.60617    0.57806    0.68026    0.66890    0.68140    0.75468    0.83120    0.87175    0.96739    1.09758    1.32047    1.67360    1.91105    0.00000    0.00000    0.00000    0.00000    0.00000    0.00000    0.00000    0.00000    0.00000    0.00000    0.00000    0.00000    0.00000    0.00000    0.00000    0.00000    0.00000    0.00000    0.00000    0.00000    0.00000    0.00000    0.00000    0.00000    0.00000    0.00000    0.00000    0.00000    0.00000    0.00000    0.00000    0.00000    0.00000    0.00000 
    0.53764    0.57844    0.58112    0.62158    0.63537    0.65889    0.64578    0.72601    0.79579    0.80267    0.93921    0.89837    1.01856    1.15817    1.42120    1.96924    1.01198    0.00000    0.00000    0.00000    0.00000    0.00000    0.00000    0.00000    0.00000    0.00000    0.00000    0.00000    0.00000    0.00000    0.00000    0.00000    0.00000    0.00000    0.00000    0.00000    0.00000    0.00000    0.00000    0.00000    0.00000    0.00000    0.00000    0.00000    0.00000    0.00000    0.00000    0.00000    0.00000    0.00000    0.00000 
    0.54215    0.56341    0.61398    0.59965    0.62514    0.62909    0.66795    0.76677    0.75839    0.77020    0.84788    0.91262    0.98573    1.12492    1.35200    1.86104    1.37908    0.00000    0.00000    0.00000    0.00000    0.00000    0.00000    0.00000    0.00000    0.00000    0.00000    0.00000    0.00000    0.00000    0.00000    0.00000    0.00000    0.00000    0.00000    0.00000    0.00000    0.00000    0.00000    0.00000    0.00000    0.00000    0.00000    0.00000    0.00000    0.00000    0.00000    0.00000    0.00000    0.00000    0.00000 
    0.49756    0.59895    0.57497    0.60772    0.60758    0.61572    0.69676    0.65927    0.74483    0.83084    0.78653    0.89707    0.98980    1.13452    1.30220    1.80495    1.65073    0.00000    0.00000    0.00000    0.00000    0.00000    0.00000    0.00000    0.00000    0.00000    0.00000    0.00000    0.00000    0.00000    0.00000    0.00000    0.00000    0.00000    0.00000    0.00000    0.00000    0.00000    0.00000    0.00000    0.00000    0.00000    0.00000    0.00000    0.00000    0.00000    0.00000    0.00000    0.00000    0.00000    0.00000 
    0.51389    0.52136    0.57907    0.62630    0.62422    0.64874    0.66459    0.68206    0.74676    0.76468    0.84308    0.91319    1.00753    1.12700    1.36341    1.73221    1.64192    0.00000    0.00000    0.00000    0.00000    0.00000    0.00000    0.00000    0.00000    0.00000    0.00000    0.00000    0.00000    0.00000    0.00000    0.00000    0.00000    0.00000    0.00000    0.00000    0.00000    0.00000    0.00000    0.00000    0.00000    0.00000    0.00000    0.00000    0.00000    0.00000    0.00000    0.00000    0.00000    0.00000    0.00000 
    0.52511    0.59784    0.57304    0.59936    0.63348    0.66298    0.70363    0.72026    0.74866    0.83706    0.85247    0.89785    1.02029    1.15838    1.38302    1.90340    1.18319    0.00000    0.00000    0.00000    0.00000    0.00000    0.00000    0.00000    0.00000    0.00000    0.00000    0.00000    0.00000    0.00000    0.00000    0.00000    0.00000    0.00000    0.00000    0.00000    0.00000    0.00000    0.00000    0.00000    0.00000    0.00000    0.00000    0.00000    0.00000    0.00000    0.00000    0.00000    0.00000    0.00000    0.00000 
    0.59693    0.54524    0.57855    0.57921    0.62506    0.66404    0.66497    0.72938    0.73790    0.82409    0.80456    0.91182    0.98858    1.12699    1.35305    1.84175    1.42786    0.00000    0.00000    0.00000    0.00000    0.00000    0.00000    0.00000    0.00000    0.00000    0.00000    0.00000    0.00000    0.00000    0.00000    0.00000    0.00000    0.00000    0.00000    0.00000    0.00000    0.00000    0.00000    0.00000    0.00000    0.00000    0.00000    0.00000    0.00000    0.00000    0.00000    0.00000    0.00000    0.00000    0.00000 
    0.54442    0.53329    0.60263    0.61907    0.60161    0.60921    0.63973    0.67646    0.73459    0.79456    0.81148    0.87689    0.97892    1.11664    1.31120    1.72238    1.82692    0.00000    0.00000    0.00000    0.00000    0.00000    0.00000    0.00000    0.00000    0.00000    0.00000    0.00000    0.00000    0.00000    0.00000    0.00000    0.00000    0.00000    0.00000    0.00000    0.00000    0.00000    0.00000    0.00000    0.00000    0.00000    0.00000    0.00000    0.00000    0.00000    0.00000    0.00000    0.00000    0.00000    0.00000 
    0.54556    0.52530    0.54483    0.63056    0.61398    0.65389    0.67089    0.72285    0.70883    0.81027    0.79461    0.91509    0.96715    1.13428    1.30329    1.66303    1.79560    0.00000    0.00000    0.00000    0.00000    0.00000    0.00000    0.00000    0.00000    0.00000    0.00000    0.00000    0.00000    0.00000    0.00000    0.00000    0.00000    0.00000    0.00000    0.00000    0.00000    0.00000    0.00000    0.00000    0.00000    0.00000    0.00000    0.00000    0.00000    0.00000    0.00000    0.00000    0.00000    0.00000    0.00000 
    0.53918    0.58137    0.58159    0.58779    0.56440    0.66956    0.66077    0.66872    0.70913    0.79536    0.84602    0.89578    0.98972    1.07768    1.31140    1.70508    1.81645    0.00000    0.00000    0.00000    0.00000    0.00000    0.00000    0.00000    0.00000    0.00000    0.00000    0.00000    0.00000    0.00000    0.00000    0.00000    0.00000    0.00000    0.00000    0.00000    0.00000    0.00000    0.00000    0.00000    0.00000    0.00000    0.00000    0.00000    0.00000    0.00000    0.00000    0.00000    0.00000    0.00000    0.00000 
    0.61276    0.51042    0.58808    0.58935    0.62079    0.69745    0.64262    0.73990    0.75429    0.80300    0.86389    0.90784    1.02067    1.13880    1.39583    1.93539    1.17891    0.00000    0.00000    0.00000    0.00000    0.00000    0.00000    0.00000    0.00000    0.00000    0.00000    0.00000    0.00000    0.00000    0.00000    0.00000    0.00000    0.00000    0.00000    0.00000    0.00000    0.00000    0.00000    0.00000    0.00000    0.00000    0.00000    0.00000    0.00000    0.00000    0.00000    0.00000    0.00000    0.00000    0.00000 
    0.55589    0.56217    0.57039    0.56483    0.63026    0.62677    0.67609    0.74608    0.75201    0.76660    0.82103    0.97057    1.01063    1.11870    1.32473    1.77929    1.52396    0.00000    0.00000    0.00000    0.00000    0.00000    0.00000    0.00000    0.00000    0.00000    0.00000    0.00000    0.00000    0.00000    0.00000    0.00000    0.00000    0.00000    0.00000    0.00000    0.00000    0.00000    0.00000    0.00000    0.00000    0.00000    0.00000    0.00000    0.00000    0.00000    0.00000    0.00000    0.00000    0.00000    0.00000 
    0.53891    0.57747    0.58671    0.61521    0.64158    0.65249    0.64993    0.71329    0.73032    0.81407    0.83280    0.89904    0.97118    1.12885    1.28181    1.74715    1.61919    0.00000    0.00000    0.00000    0.00000    0.00000    0.00000    0.00000    0.00000    0.00000    0.00000    0.00000    0.00000    0.00000    0.00000    0.00000    0.00000    0.00000    0.00000    0.00000    0.00000    0.00000    0.00000    0.00000    0.00000    0.00000    0.00000    0.00000    0.00000    0.00000    0.00000    0.00000    0.00000    0.00000    0.00000 
    0.54722    0.58099    0.55750    0.61411    0.67756    0.68018    0.68677    0.69689    0.76936    0.80564    0.84131    0.92707    1.04650    1.14561    1.40270    1.98009    1.04049    0.00000    0.00000    0.00000    0.00000    0.00000    0.00000    0.00000    0.00000    0.00000    0.00000    0.00000    0.00000    0.00000    0.00000    0.00000    0.00000    0.00000    0.00000    0.00000    0.00000    0.00000    0.00000    0.00000    0.00000    0.00000    0.00000    0.00000    0.00000    0.00000    0.00000    0.00000    0.00000    0.00000    0.00000 
    0.57074    0.56295    0.58644    0.62171    0.61890    0.61881    0.63951    0.74476    0.76521    0.81076    0.84621    0.92051    0.97578    1.15584    1.43538    1.84876    1.27774    0.00000    0.00000    0.00000    0.00000    0.00000    0.00000    0.00000    0.00000    0.00000    0.00000    0.00000    0.00000    0.00000    0.00000    0.00000    0.00000    0.00000    0.00000    0.00000    0.00000    0.00000    0.00000    0.00000    0.00000    0.00000    0.00000    0.00000    0.00000    0.00000    0.00000    0.00000    0.00000    0.00000    0.00000 
    0.53797    0.59676    0.54371    0.61461    0.62316    0.65536    0.67220    0.66721    0.73748    0.76860    0.85411    0.88489    0.96675    1.12560    1.39416    1.71168    1.64574    0.00000    0.00000    0.00000    0.00000    0.00000    0.00000    0.00000    0.00000    0.00000    0.00000    0.00000    0.00000    0.00000    0.00000    0.00000    0.00000    0.00000    0.00000    0.00000    0.00000    0.00000    0.00000    0.00000    0.00000    0.00000    0.00000    0.00000    0.00000    0.00000    0.00000    0.00000    0.00000    0.00000    0.00000 
    0.57984    0.55661    0.57882    0.58485    0.64496    0.68822    0.65362    0.69945    0.72585    0.80025    0.84437    0.89891    1.01237    1.17519    1.33506    1.78952    1.43211    0.00000    0.00000    0.00000    0.00000    0.00000    0.00000    0.00000    0.00000    0.00000    0.00000    0.00000    0.00000    0.00000    0.00000    0.00000    0.00000    0.00000    0.00000    0.00000    0.00000    0.00000    0.00000    0.00000    0.00000    0.00000    0.00000    0.00000    0.00000    0.00000    0.00000    0.00000    0.00000    0.00000    0.00000 
    0.52337    0.53430    0.58912    0.57681    0.64284    0.65591    0.71679    0.74442    0.74281    0.80744    0.86597    0.92220    1.01266    1.19585    1.45651    1.96554    1.04746    0.00000    0.00000    0.00000    0.00000    0.00000    0.00000    0.00000    0.00000    0.00000    0.00000    0.00000    0.00000    0.00000    0.00000    0.00000    0.00000    0.00000    0.00000    0.00000    0.00000    0.00000    0.00000    0.00000    0.00000    0.00000    0.00000    0.00000    0.00000    0.00000    0.00000    0.00000    0.00000    0.00000    0.00000 
    0.51578    0.52028    0.56403    0.58299    0.59736    0.67565    0.68140    0.70658    0.74974    0.81122    0.84731    0.92044    1.00681    1.09767    1.28125    1.70630    1.73520    0.00000    0.00000    0.00000    0.00000    0.00000    0.00000    0.00000    0.00000    0.00000    0.00000    0.00000    0.00000    0.00000    0.00000    0.00000    0.00000    0.00000    0.00000    0.00000    0.00000    0.00000    0.00000    0.00000    0.00000    0.00000    0.00000    0.00000    0.00000    0.00000    0.00000    0.00000    0.00000    0.00000    0.00000 
    0.57166    0.59558    0.60745    0.59771    0.61444    0.62722    0.61142    0.65883    0.76933    0.79958    0.82561    0.93516    0.96564    1.09972    1.30244    1.77624    1.64198    0.00000    0.00000    0.00000    0.00000    0.00000    0.00000    0.00000    0.00000    0.00000    0.00000    0.00000    0.00000    0.00000    0.00000    0.00000    0.00000    0.00000    0.00000    0.00000    0.00000    0.00000    0.00000    0.00000    0.00000    0.00000    0.00000    0.00000    0.00000    0.00000    0.00000    0.00000    0.00000    0.00000    0.00000 
    0.59145    0.59523    0.58261    0.58905    0.59779    0.62476    0.68925    0.74153    0.75187    0.77492    0.86226    0.96637    1.03589    1.13052    1.43994    1.92668    1.09987    0.00000    0.00000    0.00000    0.00000    0.00000    0.00000    0.00000    0.00000    0.00000    0.00000    0.00000    0.00000    0.00000    0.00000    0.00000    0.00000    0.00000    0.00000    0.00000    0.00000    0.00000    0.00000    0.00000    0.00000    0.00000    0.00000    0.00000    0.00000    0.00000    0.00000    0.00000    0.00000    0.00000    0.00000 
    0.58163    0.55964    0.51780    0.55855    0.59728    0.65685    0.68784    0.66197    0.73931    0.77929    0.79406    0.87572    0.96456    1.07617    1.23327    1.64816    2.02302    0.04489    0.00000    0.00000    0.00000    0.00000    0.00000    0.00000    0.00000    0.00000    0.00000    0.00000    0.00000    0.00000    0.00000    0.00000    0.00000    0.00000    0.00000    0.00000    0.00000    0.00000    0.00000    0.00000    0.00000    0.00000    0.00000    0.00000    0.00000    0.00000    0.00000    0.00000    0.00000    0.00000    0.00000 
    0.57334    0.54948    0.62358    0.58348    0.62809    0.64278    0.75012    0.71957    0.73958    0.78828    0.79919    0.95595    1.06752    1.13902    1.44373    1.94501    1.05128    0.00000    0.00000    0.00000    0.00000    0.00000    0.00000    0.00000    0.00000    0.00000    0.00000    0.00000    0.00000    0.00000    0.00000    0.00000    0.00000    0.00000    0.00000    0.00000    0.00000    0.00000    0.00000    0.00000    0.00000    0.00000    0.00000    0.00000    0.00000    0.00000    0.00000    0.00000    0.00000    0.00000    0.00000 
    0.54400    0.58176    0.55620    0.58187    0.58207    0.64028    0.66933    0.73091    0.76671    0.81750    0.82714    0.88708    1.01689    1.15310    1.37845    1.81451    1.45221    0.00000    0.00000    0.00000    0.00000    0.00000    0.00000    0.00000    0.00000    0.00000    0.00000    0.00000    0.00000    0.00000    0.00000    0.00000    0.00000    0.00000    0.00000    0.00000    0.00000    0.00000    0.00000    0.00000    0.00000    0.00000    0.00000    0.00000    0.00000    0.00000    0.00000    0.00000    0.00000    0.00000    0.00000 
    0.55928    0.57773    0.60964    0.60693    0.65069    0.65121    0.67874    0.74828    0.75418    0.80258    0.85982    0.93758    1.03297    1.17378    1.44066    1.95948    0.95644    0.00000    0.00000    0.00000    0.00000    0.00000    0.00000    0.00000    0.00000    0.00000    0.00000    0.00000    0.00000    0.00000    0.00000    0.00000    0.00000    0.00000    0.00000    0.00000    0.00000    0.00000    0.00000    0.00000    0.00000    0.00000    0.00000    0.00000    0.00000    0.00000    0.00000    0.00000    0.00000    0.00000    0.00000 
    0.55226    0.56898    0.54227    0.61219    0.55751    0.67129    0.59872    0.69543    0.72955    0.77855    0.81869    0.92616    0.97829    1.12114    1.36334    1.74871    1.73691    0.00000    0.00000    0.00000    0.00000    0.00000    0.00000    0.00000    0.00000    0.00000    0.00000    0.00000    0.00000    0.00000    0.00000    0.00000    0.00000    0.00000    0.00000    0.00000    0.00000    0.00000    0.00000    0.00000    0.00000    0.00000    0.00000    0.00000    0.00000    0.00000    0.00000    0.00000    0.00000    0.00000    0.00000 
    0.51680    0.57665    0.60620    0.57783    0.60776    0.66208    0.67570    0.68343    0.73197    0.77434    0.81916    0.86446    1.01820    1.13037    1.35354    1.75000    1.65151    0.00000    0.00000    0.00000    0.00000    0.00000    0.00000    0.00000    0.00000    0.00000    0.00000    0.00000    0.00000    0.00000    0.00000    0.00000    0.00000    0.00000    0.00000    0.00000    0.00000    0.00000    0.00000    0.00000    0.00000    0.00000    0.00000    0.00000    0.00000    0.00000    0.00000    0.00000    0.00000    0.00000    0.00000 
    0.55600    0.56879    0.60031    0.61619    0.60868    0.62944    0.67383    0.72035    0.78426    0.77655    0.78665    0.93464    1.03056    1.17203    1.39112    1.88833    1.26226    0.00000    0.00000    0.00000    0.00000    0.00000    0.00000    0.00000    0.00000    0.00000    0.00000    0.00000    0.00000    0.00000    0.00000    0.00000    0.00000    0.00000    0.00000    0.00000    0.00000    0.00000    0.00000    0.00000    0.00000    0.00000    0.00000    0.00000    0.00000    0.00000    0.00000    0.00000    0.00000    0.00000    0.00000 
    0.57122    0.59638    0.60514    0.55239    0.60171    0.66490    0.63560    0.71838    0.73413    0.78965    0.85689    0.91725    0.99305    1.14192    1.35048    1.77795    1.49297    0.00000    0.00000    0.00000    0.00000    0.00000    0.00000    0.00000    0.00000    0.00000    0.00000    0.00000    0.00000    0.00000    0.00000    0.00000    0.00000    0.00000    0.00000    0.00000    0.00000    0.00000    0.00000    0.00000    0.00000    0.00000    0.00000    0.00000    0.00000    0.00000    0.00000    0.00000    0.00000    0.00000    0.00000 
    0.52827    0.57786    0.61257    0.59332    0.60888    0.68716    0.66327    0.69500    0.70662    0.77016    0.79890    0.90665    1.00115    1.10606    1.30398    1.72910    1.71105    0.00000    0.00000    0.00000    0.00000    0.00000    0.00000    0.00000    0.00000    0.00000    0.00000    0.00000    0.00000    0.00000    0.00000    0.00000    0.00000    0.00000    0.00000    0.00000    0.00000    0.00000    0.00000    0.00000    0.00000    0.00000    0.00000    0.00000    0.00000    0.00000    0.00000    0.00000    0.00000    0.00000    0.00000 
    0.52676    0.52853    0.60054    0.60147    0.62034    0.65083    0.66862    0.73798    0.71751    0.81016    0.89844    0.97569    0.99644    1.18192    1.38525    1.88966    1.20985    0.00000    0.00000    0.00000    0.00000    0.00000    0.00000    0.00000    0.00000    0.00000    0.00000    0.00000    0.00000    0.00000    0.00000    0.00000    0.00000    0.00000    0.00000    0.00000    0.00000    0.00000    0.00000    0.00000    0.00000    0.00000    0.00000    0.00000    0.00000    0.00000    0.00000    0.00000    0.00000    0.00000    0.00000 
    0.50452    0.58530    0.53373    0.59642    0.62345    0.59875    0.66549    0.62737    0.70358    0.74770    0.83276    0.87975    0.97311    1.09450    1.25784    1.61529    2.10349    0.05696    0.00000    0.00000    0.00000    0.00000    0.00000    0.00000    0.00000    0.00000    0.00000    0.00000    0.00000    0.00000    0.00000    0.00000    0.00000    0.00000    0.00000    0.00000    0.00000    0.00000    0.00000    0.00000    0.00000    0.00000    0.00000    0.00000    0.00000    0.00000    0.00000    0.00000    0.00000    0.00000    0.00000 
    0.51978    0.53904    0.62339    0.59040    0.60378    0.67707    0.61169    0.69180    0.80201    0.82735    0.84481    0.93650    1.00989    1.13884    1.36245    1.80475    1.41644    0.00000    0.00000    0.00000    0.00000    0.00000    0.00000    0.00000    0.00000    0.00000    0.00000    0.00000    0.00000    0.00000    0.00000    0.00000    0.00000    0.00000    0.00000    0.00000    0.00000    0.00000    0.00000    0.00000    0.00000    0.00000    0.00000    0.00000    0.00000    0.00000    0.00000    0.00000    0.00000    0.00000    0.00000 
    0.58515    0.56245    0.62214    0.60260    0.65205    0.65296    0.70190    0.68333    0.71659    0.81713    0.89182    0.90985    1.02891    1.12451    1.35820    1.91165    1.17875    0.00000    0.00000    0.00000    0.00000    0.00000    0.00000    0.00000    0.00000    0.00000    0.00000    0.00000    0.00000    0.00000    0.00000    0.00000    0.00000    0.00000    0.00000    0.00000    0.00000    0.00000    0.00000    0.00000    0.00000    0.00000    0.00000    0.00000    0.00000    0.00000    0.00000    0.00000    0.00000    0.00000    0.00000 
    0.56035    0.59317    0.58960    0.59566    0.62204    0.65541    0.64146    0.75493    0.76858    0.77557    0.86546    0.87547    1.02817    1.16856    1.41384    1.89476    1.19698    0.00000    0.00000    0.00000    0.00000    0.00000    0.00000    0.00000    0.00000    0.00000    0.00000    0.00000    0.00000    0.00000    0.00000    0.00000    0.00000    0.00000    0.00000    0.00000    0.00000    0.00000    0.00000    0.00000    0.00000    0.00000    0.00000    0.00000    0.00000    0.00000    0.00000    0.00000    0.00000    0.00000    0.00000 
    0.53069    0.57604    0.59856    0.58615    0.63951    0.62503    0.66080    0.71985    0.75286    0.80281    0.82913    0.90315    1.02087    1.11586    1.35376    1.87389    1.41101    0.00000    0.00000    0.00000    0.00000    0.00000    0.00000    0.00000    0.00000    0.00000    0.00000    0.00000    0.00000    0.00000    0.00000    0.00000    0.00000    0.00000    0.00000    0.00000    0.00000    0.00000    0.00000    0.00000    0.00000    0.00000    0.00000    0.00000    0.00000    0.00000    0.00000    0.00000    0.00000    0.00000    0.00000 
    0.57861    0.54927    0.61458    0.60288    0.64422    0.65622    0.65660    0.71870    0.76759    0.75396    0.81737    0.92794    1.02576    1.08701    1.34932    1.76576    1.48421    0.00000    0.00000    0.00000    0.00000    0.00000    0.00000    0.00000    0.00000    0.00000    0.00000    0.00000    0.00000    0.00000    0.00000    0.00000    0.00000    0.00000    0.00000    0.00000    0.00000    0.00000    0.00000    0.00000    0.00000    0.00000    0.00000    0.00000    0.00000    0.00000    0.00000    0.00000    0.00000    0.00000    0.00000 
    0.52449    0.59570    0.58925    0.58236    0.63387    0.65228    0.65227    0.72398    0.78263    0.77888    0.83841    0.89655    0.95814    1.10585    1.33761    1.80069    1.54701    0.00000    0.00000    0.00000    0.00000    0.00000    0.00000    0.00000    0.00000    0.00000    0.00000    0.00000    0.00000    0.00000    0.00000    0.00000    0.00000    0.00000    0.00000    0.00000    0.00000    0.00000    0.00000    0.00000    0.00000    0.00000    0.00000    0.00000    0.00000    0.00000    0.00000    0.00000    0.00000    0.00000    0.00000 
    0.50970    0.52929    0.55773    0.53324    0.57812    0.63133    0.68091    0.70814    0.77092    0.74304    0.82097    0.90204    0.98934    1.10008    1.23252    1.60489    2.08869    0.01905    0.00000    0.00000    0.00000    0.00000    0.00000    0.00000    0.00000    0.00000    0.00000    0.00000    0.00000    0.00000    0.00000    0.00000    0.00000    0.00000    0.00000    0.00000    0.00000    0.00000    0.00000    0.00000    0.00000    0.00000    0.00000    0.00000    0.00000    0.00000    0.00000    0.00000    0.00000    0.00000    0.00000 
    0.54163    0.56900    0.60321    0.57441    0.60706    0.63983    0.64882    0.71899    0.75301    0.82386    0.85903    0.86847    1.02295    1.18171    1.36719    1.77597    1.44487    0.00000    0.00000    0.00000    0.00000    0.00000    0.00000    0.00000    0.00000    0.00000    0.00000    0.00000    0.00000    0.00000    0.00000    0.00000    0.00000    0.00000    0.00000    0.00000    0.00000    0.00000    0.00000    0.00000    0.00000    0.00000    0.00000    0.00000    0.00000    0.00000    0.00000    0.00000    0.00000    0.00000    0.00000 
    0.49355    0.56314    0.58398    0.56531    0.58553    0.61930    0.65338    0.73048    0.74165    0.80599    0.84864    0.83933    0.94500    1.10862    1.26325    2.40518    1.24766    0.00000    0.00000    0.00000    0.00000    0.00000    0.00000    0.00000    0.00000    0.00000    0.00000    0.00000    0.00000    0.00000    0.00000    0.00000    0.00000    0.00000    0.00000    0.00000    0.00000    0.00000    0.00000    0.00000    0.00000    0.00000    0.00000    0.00000    0.00000    0.00000    0.00000    0.00000    0.00000    0.00000    0.00000 
    0.56312    0.59444    0.56418    0.55244    0.62984    0.63745    0.63908    0.70606    0.75491    0.79835    0.78087    0.96791    1.03391    1.11886    1.32404    1.76285    1.57171    0.00000    0.00000    0.00000    0.00000    0.00000    0.00000    0.00000    0.00000    0.00000    0.00000    0.00000    0.00000    0.00000    0.00000    0.00000    0.00000    0.00000    0.00000    0.00000    0.00000    0.00000    0.00000    0.00000    0.00000    0.00000    0.00000    0.00000    0.00000    0.00000    0.00000    0.00000    0.00000    0.00000    0.00000 
    0.56878    0.55557    0.60839    0.59351    0.61998    0.60765    0.67907    0.69391    0.65300    0.77293    0.81222    0.87150    0.99473    1.10019    1.30587    1.67947    1.88321    0.00000    0.00000    0.00000    0.00000    0.00000    0.00000    0.00000    0.00000    0.00000    0.00000    0.00000    0.00000    0.00000    0.00000    0.00000    0.00000    0.00000    0.00000    0.00000    0.00000    0.00000    0.00000    0.00000    0.00000    0.00000    0.00000    0.00000    0.00000    0.00000    0.00000    0.00000    0.00000    0.00000    0.00000 
    0.57578    0.54841    0.56490    0.58018    0.63073    0.63861    0.70378    0.73084    0.74515    0.84454    0.85099    0.91861    1.00867    1.19651    1.34183    1.91831    1.20217    0.00000    0.00000    0.00000    0.00000    0.00000    0.00000    0.00000    0.00000    0.00000    0.00000    0.00000    0.00000    0.00000    0.00000    0.00000    0.00000    0.00000    0.00000    0.00000    0.00000    0.00000    0.00000    0.00000    0.00000    0.00000    0.00000    0.00000    0.00000    0.00000    0.00000    0.00000    0.00000    0.00000    0.00000 
    0.52335    0.55026    0.60350    0.59321    0.61428    0.64024    0.71980    0.69331    0.71830    0.74434    0.87951    0.92366    1.02928    1.12851    1.27726    1.80171    1.55948    0.00000    0.00000    0.00000    0.00000    0.00000    0.00000    0.00000    0.00000    0.00000    0.00000    0.00000    0.00000    0.00000    0.00000    0.00000    0.00000    0.00000    0.00000    0.00000    0.00000    0.00000    0.00000    0.00000    0.00000    0.00000    0.00000    0.00000    0.00000    0.00000    0.00000    0.00000    0.00000    0.00000    0.00000 
    0.55507    0.57809    0.59315    0.57641    0.62717    0.65495    0.73417    0.73759    0.79273    0.78404    0.90409    0.87396    1.03759    1.21527    1.41809    2.02216    0.89549    0.00000    0.00000    0.00000    0.00000    0.00000    0.00000    0.00000    0.00000    0.00000    0.00000    0.00000    0.00000    0.00000    0.00000    0.00000    0.00000    0.00000    0.00000    0.00000    0.00000    0.00000    0.00000    0.00000    0.00000    0.00000    0.00000    0.00000    0.00000    0.00000    0.00000    0.00000    0.00000    0.00000    0.00000 
    0.55443    0.55215    0.58811    0.60714    0.65326    0.66082    0.74664    0.72330    0.74164    0.78590    0.88755    0.96702    1.05151    1.18550    1.47339    2.03974    0.78192    0.00000    0.00000    0.00000    0.00000    0.00000    0.00000    0.00000    0.00000    0.00000    0.00000    0.00000    0.00000    0.00000    0.00000    0.00000    0.00000    0.00000    0.00000    0.00000    0.00000    0.00000    0.00000    0.00000    0.00000    0.00000    0.00000    0.00000    0.00000    0.00000    0.00000    0.00000    0.00000    0.00000    0.00000 
    0.51811    0.62254    0.59538    0.60711    0.65018    0.62443    0.66297    0.67136    0.72981    0.76920    0.84989    0.94380    0.94796    1.15485    1.34004    1.79214    1.52023    0.00000    0.00000    0.00000    0.00000    0.00000    0.00000    0.00000    0.00000    0.00000    0.00000    0.00000    0.00000    0.00000    0.00000    0.00000    0.00000    0.00000    0.00000    0.00000    0.00000    0.00000    0.00000    0.00000    0.00000    0.00000    0.00000    0.00000    0.00000    0.00000    0.00000    0.00000    0.00000    0.00000    0.00000 
    0.60075    0.54622    0.56214    0.58282    0.63858    0.66018    0.66077    0.68680    0.77781    0.76877    0.84862    0.92036    1.05409    1.11184    1.37984    1.82333    1.37708    0.00000    0.00000    0.00000    0.00000    0.00000    0.00000    0.00000    0.00000    0.00000    0.00000    0.00000    0.00000    0.00000    0.00000    0.00000    0.00000    0.00000    0.00000    0.00000    0.00000    0.00000    0.00000    0.00000    0.00000    0.00000    0.00000    0.00000    0.00000    0.00000    0.00000    0.00000    0.00000    0.00000    0.00000 
    0.51006    0.57742    0.57368    0.56107    0.62623    0.63539    0.65596    0.71039    0.70868    0.77581    0.85383    0.86540    0.99292    1.08432    1.27367    1.65320    1.94199    0.00000    0.00000    0.00000    0.00000    0.00000    0.00000    0.00000    0.00000    0.00000    0.00000    0.00000    0.00000    0.00000    0.00000    0.00000    0.00000    0.00000    0.00000    0.00000    0.00000    0.00000    0.00000    0.00000    0.00000    0.00000    0.00000    0.00000    0.00000    0.00000    0.00000    0.00000    0.00000    0.00000    0.00000 
    0.57945    0.57354    0.60358    0.62142    0.62681    0.66965    0.69758    0.75940    0.79371    0.82266    0.82409    0.94395    1.02562    1.19256    1.46389    2.06490    0.73718    0.00000    0.00000    0.00000    0.00000    0.00000    0.00000    0.00000    0.00000    0.00000    0.00000    0.00000    0.00000    0.00000    0.00000    0.00000    0.00000    0.00000    0.00000    0.00000    0.00000    0.00000    0.00000    0.00000    0.00000    0.00000    0.00000    0.00000    0.00000    0.00000    0.00000    0.00000    0.00000    0.00000    0.00000 
    0.56405    0.58882    0.57609    0.60113    0.65950    0.66311    0.68398    0.65386    0.75749    0.80239    0.88848    0.95510    1.10382    1.16707    1.36737    1.96014    1.00759    0.00000    0.00000    0.00000    0.00000    0.00000    0.00000    0.00000    0.00000    0.00000    0.00000    0.00000    0.00000    0.00000    0.00000    0.00000    0.00000    0.00000    0.00000    0.00000    0.00000    0.00000    0.00000    0.00000    0.00000    0.00000    0.00000    0.00000    0.00000    0.00000    0.00000    0.00000    0.00000    0.00000    0.00000 
    0.57777    0.54476    0.59885    0.58798    0.57940    0.66542    0.69805    0.69434    0.73901    0.76614    0.84370    0.93435    1.05168    1.13184    1.37034    1.89970    1.31666    0.00000    0.00000    0.00000    0.00000    0.00000    0.00000    0.00000    0.00000    0.00000    0.00000    0.00000    0.00000    0.00000    0.00000    0.00000    0.00000    0.00000    0.00000    0.00000    0.00000    0.00000    0.00000    0.00000    0.00000    0.00000    0.00000    0.00000    0.00000    0.00000    0.00000    0.00000    0.00000    0.00000    0.00000 
    0.54749    0.51932    0.60166    0.56723    0.58372    0.59365    0.74189    0.67933    0.75416    0.75735    0.86206    0.92723    0.99118    1.16035    1.30786    1.70319    1.70233    0.00000    0.00000    0.00000    0.00000    0.00000    0.00000    0.00000    0.00000    0.00000    0.00000    0.00000    0.00000    0.00000    0.00000    0.00000    0.00000    0.00000    0.00000    0.00000    0.00000    0.00000    0.00000    0.00000    0.00000    0.00000    0.00000    0.00000    0.00000    0.00000    0.00000    0.00000    0.00000    0.00000    0.00000 
    0.54300    0.59470    0.61375    0.62249    0.58415    0.63892    0.66395    0.72430    0.77980    0.75804    0.86527    0.92820    1.03364    1.14401    1.36903    1.84066    1.29607    0.00000    0.00000    0.00000    0.00000    0.00000    0.00000    0.00000    0.00000    0.00000    0.00000    0.00000    0.00000    0.00000    0.00000    0.00000    0.00000    0.00000    0.00000    0.00000    0.00000    0.00000    0.00000    0.00000    0.00000    0.00000    0.00000    0.00000    0.00000    0.00000    0.00000    0.00000    0.00000    0.00000    0.00000 
    0.55686    0.60194    0.59087    0.58205    0.60386    0.61612    0.68367    0.75160    0.76962    0.81726    0.82455    0.94864    1.08342    1.17314    1.44783    2.00622    0.94236    0.00000    0.00000    0.00000    0.00000    0.00000    0.00000    0.00000    0.00000    0.00000    0.00000    0.00000    0.00000    0.00000    0.00000    0.00000    0.00000    0.00000    0.00000    0.00000    0.00000    0.00000    0.00000    0.00000    0.00000    0.00000    0.00000    0.00000    0.00000    0.00000    0.00000    0.00000    0.00000    0.00000    0.00000 
    0.57233    0.59749    0.53324    0.60552    0.62492    0.65973    0.71691    0.74026    0.73903    0.74213    0.83582    0.91055    0.96550    1.10527    1.37680    1.87393    1.40057    0.00000    0.00000    0.00000    0.00000    0.00000    0.00000    0.00000    0.00000    0.00000    0.00000    0.00000    0.00000    0.00000    0.00000    0.00000    0.00000    0.00000    0.00000    0.00000    0.00000    0.00000    0.00000    0.00000    0.00000    0.00000    0.00000    0.00000    0.00000    0.00000    0.00000    0.00000    0.00000    0.00000    0.00000 
    0.58149    0.57644    0.56170    0.62537    0.66061    0.59500    0.65498    0.73705    0.72737    0.76326    0.80158    0.87272    0.99257    1.08009    1.32904    1.70160    1.73916    0.00000    0.00000    0.00000    0.00000    0.00000    0.00000    0.00000    0.00000    0.00000    0.00000    0.00000    0.00000    0.00000    0.00000    0.00000    0.00000    0.00000    0.00000    0.00000    0.00000    0.00000    0.00000    0.00000    0.00000    0.00000    0.00000    0.00000    0.00000    0.00000    0.00000    0.00000    0.00000    0.00000    0.00000 
    0.56754    0.57850    0.60601    0.58054    0.64047    0.59607    0.67430    0.69637    0.70313    0.76461    0.84674    0.91950    0.99375    1.11372    1.32945    1.75390    1.63540    0.00000    0.00000    0.00000    0.00000    0.00000    0.00000    0.00000    0.00000    0.00000    0.00000    0.00000    0.00000    0.00000    0.00000    0.00000    0.00000    0.00000    0.00000    0.00000    0.00000    0.00000    0.00000    0.00000    0.00000    0.00000    0.00000    0.00000    0.00000    0.00000    0.00000    0.00000    0.00000    0.00000    0.00000 
    0.54973    0.55571    0.59008    0.54193    0.65352    0.63360    0.65875    0.76270    0.74476    0.76544    0.81725    0.93312    1.04989    1.13787    1.35631    1.75102    1.49834    0.00000    0.00000    0.00000    0.00000    0.00000    0.00000    0.00000    0.00000    0.00000    0.00000    0.00000    0.00000    0.00000    0.00000    0.00000    0.00000    0.00000    0.00000    0.00000    0.00000    0.00000    0.00000    0.00000    0.00000    0.00000    0.00000    0.00000    0.00000    0.00000    0.00000    0.00000    0.00000    0.00000    0.00000 
    0.55642    0.57846    0.58719    0.61910    0.60681    0.66313    0.66788    0.69061    0.74591    0.84453    0.87706    0.90642    1.02787    1.15603    1.36799    1.90950    1.19508    0.00000    0.00000    0.00000    0.00000    0.00000    0.00000    0.00000    0.00000    0.00000    0.00000    0.00000    0.00000    0.00000    0.00000    0.00000    0.00000    0.00000    0.00000    0.00000    0.00000    0.00000    0.00000    0.00000    0.00000    0.00000    0.00000    0.00000    0.00000    0.00000    0.00000    0.00000    0.00000    0.00000    0.00000 
    0.51946    0.55914    0.59333    0.59124    0.63174    0.59122    0.67161    0.78137    0.78453    0.76688    0.86627    0.92615    1.00513    1.16855    1.36844    1.92005    1.25490    0.00000    0.00000    0.00000    0.00000    0.00000    0.00000    0.00000    0.00000    0.00000    0.00000    0.00000    0.00000    0.00000    0.00000    0.00000    0.00000    0.00000    0.00000    0.00000    0.00000    0.00000    0.00000    0.00000    0.00000    0.00000    0.00000    0.00000    0.00000    0.00000    0.00000    0.00000    0.00000    0.00000    0.00000 
    0.55786    0.53590    0.59722    0.62221    0.58117    0.63774    0.67892    0.67521    0.72947    0.77669    0.86821    0.93910    0.98920    1.13425    1.35640    1.78730    1.53315    0.00000    0.00000    0.00000    0.00000    0.00000    0.00000    0.00000    0.00000    0.00000    0.00000    0.00000    0.00000    0.00000    0.00000    0.00000    0.00000    0.00000    0.00000    0.00000    0.00000    0.00000    0.00000    0.00000    0.00000    0.00000    0.00000    0.00000    0.00000    0.00000    0.00000    0.00000    0.00000    0.00000    0.00000 
    0.56342    0.56757    0.56664    0.61628    0.59237    0.63428    0.66614    0.73476    0.68305    0.78308    0.83260    0.92343    0.99244    1.15039    1.37016    1.83397    1.48941    0.00000    0.00000    0.00000    0.00000    0.00000    0.00000    0.00000    0.00000    0.00000    0.00000    0.00000    0.00000    0.00000    0.00000    0.00000    0.00000    0.00000    0.00000    0.00000    0.00000    0.00000    0.00000    0.00000    0.00000    0.00000    0.00000    0.00000    0.00000    0.00000    0.00000    0.00000    0.00000    0.00000    0.00000 
    0.54355    0.64723    0.50597    0.56137    0.62843    0.63614    0.66524    0.78578    0.74458    0.82554    0.82421    0.93871    0.97956    1.12917    1.32590    1.84476    1.41386    0.00000    0.00000    0.00000    0.00000    0.00000    0.00000    0.00000    0.00000    0.00000    0.00000    0.00000    0.00000    0.00000    0.00000    0.00000    0.00000    0.00000    0.00000    0.00000    0.00000    0.00000    0.00000    0.00000    0.00000    0.00000    0.00000    0.00000    0.00000    0.00000    0.00000    0.00000    0.00000    0.00000    0.00000 
    0.57703    0.52893    0.60478    0.59916    0.60272    0.68039    0.69030    0.67712    0.70483    0.79566    0.85901    0.93665    0.95707    1.07793    1.34446    1.83673    1.52722    0.00000    0.00000    0.00000    0.00000    0.00000    0.00000    0.00000    0.00000    0.00000    0.00000    0.00000    0.00000    0.00000    0.00000    0.00000    0.00000    0.00000    0.00000    0.00000    0.00000    0.00000    0.00000    0.00000    0.00000    0.00000    0.00000    0.00000    0.00000    0.00000    0.00000    0.00000    0.00000    0.00000    0.00000 
    0.53422    0.55567    0.53203    0.58757    0.64253    0.65190    0.68315    0.70671    0.75520    0.79130    0.83752    0.94318    0.99514    1.07874    1.36034    1.82564    1.51915    0.00000    0.00000    0.00000    0.00000    0.00000    0.00000    0.00000    0.00000    0.00000    0.00000    0.00000    0.00000    0.00000    0.00000    0.00000    0.00000    0.00000    0.00000    0.00000    0.00000    0.00000    0.00000    0.00000    0.00000    0.00000    0.00000    0.00000    0.00000    0.00000    0.00000    0.00000    0.00000    0.00000    0.00000 
    0.54647    0.56920    0.58517    0.57026    0.65129    0.64406    0.70383    0.73576    0.72438    0.80764    0.82064    0.87752    1.02105    1.08531    1.39982    1.85250    1.40512    0.00000    0.00000    0.00000    0.00000    0.00000    0.00000    0.00000    0.00000    0.00000    0.00000    0.00000    0.00000    0.00000    0.00000    0.00000    0.00000    0.00000    0.00000    0.00000    0.00000    0.00000    0.00000    0.00000    0.00000    0.00000    0.00000    0.00000    0.00000    0.00000    0.00000    0.00000    0.00000    0.00000    0.00000 
    0.56059    0.56995    0.59978    0.63559    0.66559    0.62562    0.69115    0.70151    0.72858    0.79210    0.82775    0.91444    1.04834    1.14426    1.35745    1.91878    1.21852    0.00000    0.00000    0.00000    0.00000    0.00000    0.00000    0.00000    0.00000    0.00000    0.00000    0.00000    0.00000    0.00000    0.00000    0.00000    0.00000    0.00000    0.00000    0.00000    0.00000    0.00000    0.00000    0.00000    0.00000    0.00000    0.00000    0.00000    0.00000    0.00000    0.00000    0.00000    0.00000    0.00000    0.00000 
    0.56784    0.57086    0.55285    0.61037    0.58547    0.67201    0.63785    0.72020    0.77292    0.82359    0.81321    0.88208    0.98290    1.12754    1.36921    1.79946    1.51165    0.00000    0.00000    0.00000    0.00000    0.00000    0.00000    0.00000    0.00000    0.00000    0.00000    0.00000    0.00000    0.00000    0.00000    0.00000    0.00000    0.00000    0.00000    0.00000    0.00000    0.00000    0.00000    0.00000    0.00000    0.00000    0.00000    0.00000    0.00000    0.00000    0.00000    0.00000    0.00000    0.00000    0.00000 
    0.58366    0.55058    0.59789    0.56233    0.63240    0.67703    0.70905    0.68968    0.74059    0.81650    0.83127    0.91742    1.01418    1.13152    1.34541    1.89469    1.30581    0.00000    0.00000    0.00000    0.00000    0.00000    0.00000    0.00000    0.00000    0.00000    0.00000    0.00000    0.00000    0.00000    0.00000    0.00000    0.00000    0.00000    0.00000    0.00000    0.00000    0.00000    0.00000    0.00000    0.00000    0.00000    0.00000    0.00000    0.00000    0.00000    0.00000    0.00000    0.00000    0.00000    0.00000 
    0.54908    0.56968    0.54158    0.60794    0.65192    0.63737    0.65658    0.67815    0.72943    0.79817    0.84256    0.89200    0.98666    1.11423    1.31164    1.74665    1.68636    0.00000    0.00000    0.00000    0.00000    0.00000    0.00000    0.00000    0.00000    0.00000    0.00000    0.00000    0.00000    0.00000    0.00000    0.00000    0.00000    0.00000    0.00000    0.00000    0.00000    0.00000    0.00000    0.00000    0.00000    0.00000    0.00000    0.00000    0.00000    0.00000    0.00000    0.00000    0.00000    0.00000    0.00000 
    0.53415    0.52537    0.58509    0.63243    0.61493    0.67706    0.62666    0.69142    0.71042    0.80049    0.84732    0.89013    0.97670    1.08465    1.28920    1.78338    1.73060    0.00000    0.00000    0.00000    0.00000    0.00000    0.00000    0.00000    0.00000    0.00000    0.00000    0.00000    0.00000    0.00000    0.00000    0.00000    0.00000    0.00000    0.00000    0.00000    0.00000    0.00000    0.00000    0.00000    0.00000    0.00000    0.00000    0.00000    0.00000    0.00000    0.00000    0.00000    0.00000    0.00000    0.00000 
    0.52178    0.51868    0.55074    0.60697    0.61498    0.61487    0.62823    0.70572    0.75059    0.80013    0.84077    0.89792    1.00930    1.09590    1.31528    1.70618    1.82196    0.00000    0.00000    0.00000    0.00000    0.00000    0.00000    0.00000    0.00000    0.00000    0.00000    0.00000    0.00000    0.00000    0.00000    0.00000    0.00000    0.00000    0.00000    0.00000    0.00000    0.00000    0.00000    0.00000    0.00000    0.00000    0.00000    0.00000    0.00000    0.00000    0.00000    0.00000    0.00000    0.00000    0.00000 
    0.56520    0.57663    0.59388    0.60910    0.61433    0.66787    0.67468    0.71336    0.72825    0.79369    0.82363    0.90515    0.98229    1.10597    1.34550    1.87119    1.42927    0.00000    0.00000    0.00000    0.00000    0.00000    0.00000    0.00000    0.00000    0.00000    0.00000    0.00000    0.00000    0.00000    0.00000    0.00000    0.00000    0.00000    0.00000    0.00000    0.00000    0.00000    0.00000    0.00000    0.00000    0.00000    0.00000    0.00000    0.00000    0.00000    0.00000    0.00000    0.00000    0.00000    0.00000 
    0.55881    0.51608    0.61540    0.59252    0.62889    0.64066    0.70248    0.68214    0.69481    0.78466    0.75253    0.89329    0.95592    1.13824    1.32067    1.71813    1.80477    0.00000    0.00000    0.00000    0.00000    0.00000    0.00000    0.00000    0.00000    0.00000    0.00000    0.00000    0.00000    0.00000    0.00000    0.00000    0.00000    0.00000    0.00000    0.00000    0.00000    0.00000    0.00000    0.00000    0.00000    0.00000    0.00000    0.00000    0.00000    0.00000    0.00000    0.00000    0.00000    0.00000    0.00000 
    0.57059    0.57510    0.54428    0.57571    0.62521    0.65836    0.65599    0.70211    0.75539    0.77914    0.85197    0.90169    1.01312    1.09460    1.30885    1.76036    1.62753    0.00000    0.00000    0.00000    0.00000    0.00000    0.00000    0.00000    0.00000    0.00000    0.00000    0.00000    0.00000    0.00000    0.00000    0.00000    0.00000    0.00000    0.00000    0.00000    0.00000    0.00000    0.00000    0.00000    0.00000    0.00000    0.00000    0.00000    0.00000    0.00000    0.00000    0.00000    0.00000    0.00000    0.00000 
    0.56536    0.61475    0.58051    0.66293    0.63753    0.69382    0.65942    0.68607    0.73374    0.78139    0.86179    0.93915    1.03718    1.18958    1.37178    1.95079    1.03420    0.00000    0.00000    0.00000    0.00000    0.00000    0.00000    0.00000    0.00000    0.00000    0.00000    0.00000    0.00000    0.00000    0.00000    0.00000    0.00000    0.00000    0.00000    0.00000    0.00000    0.00000    0.00000    0.00000    0.00000    0.00000    0.00000    0.00000    0.00000    0.00000    0.00000    0.00000    0.00000    0.00000    0.00000 
    0.53483    0.58013    0.59850    0.62269    0.59299    0.66631    0.67872    0.72779    0.73765    0.79155    0.85005    0.93845    1.03839    1.14907    1.37781    1.86700    1.24806    0.00000    0.00000    0.00000    0.00000    0.00000    0.00000    0.00000    0.00000    0.00000    0.00000    0.00000    0.00000    0.00000    0.00000    0.00000    0.00000    0.00000    0.00000    0.00000    0.00000    0.00000    0.00000    0.00000    0.00000    0.00000    0.00000    0.00000    0.00000    0.00000    0.00000    0.00000    0.00000    0.00000    0.00000 
    0.58357    0.61476    0.54856    0.60927    0.60657    0.61125    0.68762    0.75198    0.72210    0.81626    0.83897    0.93748    1.01287    1.20467    1.39503    1.90668    1.15235    0.00000    0.00000    0.00000    0.00000    0.00000    0.00000    0.00000    0.00000    0.00000    0.00000    0.00000    0.00000    0.00000    0.00000    0.00000    0.00000    0.00000    0.00000    0.00000    0.00000    0.00000    0.00000    0.00000    0.00000    0.00000    0.00000    0.00000    0.00000    0.00000    0.00000    0.00000    0.00000    0.00000    0.00000 
    0.50739    0.63056    0.57996    0.57163    0.62986    0.66419    0.66230    0.73345    0.71064    0.81131    0.81864    0.90012    0.99538    1.12293    1.33587    1.75899    1.56677    0.00000    0.00000    0.00000    0.00000    0.00000    0.00000    0.00000    0.00000    0.00000    0.00000    0.00000    0.00000    0.00000    0.00000    0.00000    0.00000    0.00000    0.00000    0.00000    0.00000    0.00000    0.00000    0.00000    0.00000    0.00000    0.00000    0.00000    0.00000    0.00000    0.00000    0.00000    0.00000    0.00000    0.00000 
    0.53579    0.59905    0.57177    0.58030    0.60747    0.66787    0.68473    0.72621    0.76169    0.82057    0.88106    0.92818    1.04088    1.13661    1.36359    2.00579    1.08847    0.00000    0.00000    0.00000    0.00000    0.00000    0.00000    0.00000    0.00000    0.00000    0.00000    0.00000    0.00000    0.00000    0.00000    0.00000    0.00000    0.00000    0.00000    0.00000    0.00000    0.00000    0.00000    0.00000    0.00000    0.00000    0.00000    0.00000    0.00000    0.00000    0.00000    0.00000    0.00000    0.00000    0.00000 
    0.56037    0.55720    0.54260    0.58233    0.58145    0.66409    0.73270    0.68272    0.77360    0.83959    0.86638    0.93535    1.00243    1.13939    1.30856    1.88852    1.34271    0.00000    0.00000    0.00000    0.00000    0.00000    0.00000    0.00000    0.00000    0.00000    0.00000    0.00000    0.00000    0.00000    0.00000    0.00000    0.00000    0.00000    0.00000    0.00000    0.00000    0.00000    0.00000    0.00000    0.00000    0.00000    0.00000    0.00000    0.00000    0.00000    0.00000    0.00000    0.00000    0.00000    0.00000 
    0.52038    0.51547    0.60251    0.55870    0.64729    0.64871    0.66733    0.67535    0.71264    0.77919    0.79653    0.93379    0.95978    1.07525    1.27180    1.62081    2.01446    0.00000    0.00000    0.00000    0.00000    0.00000    0.00000    0.00000    0.00000    0.00000    0.00000    0.00000    0.00000    0.00000    0.00000    0.00000    0.00000    0.00000    0.00000    0.00000    0.00000    0.00000    0.00000    0.00000    0.00000    0.00000    0.00000    0.00000    0.00000    0.00000    0.00000    0.00000    0.00000    0.00000    0.00000 
    0.52057    0.55877    0.65082    0.59941    0.70383    0.64311    0.67044    0.74084    0.78522    0.79367    0.84115    0.89302    1.00136    1.12632    1.38312    1.94067    1.14769    0.00000    0.00000    0.00000    0.00000    0.00000    0.00000    0.00000    0.00000    0.00000    0.00000    0.00000    0.00000    0.00000    0.00000    0.00000    0.00000    0.00000    0.00000    0.00000    0.00000    0.00000    0.00000    0.00000    0.00000    0.00000    0.00000    0.00000    0.00000    0.00000    0.00000    0.00000    0.00000    0.00000    0.00000 
    0.55010    0.58992    0.57731    0.61543    0.61968    0.70840    0.63736    0.73997    0.72214    0.75349    0.89076    0.88132    1.02549    1.11555    1.38243    1.84118    1.34947    0.00000    0.00000    0.00000    0.00000    0.00000    0.00000    0.00000    0.00000    0.00000    0.00000    0.00000    0.00000    0.00000    0.00000    0.00000    0.00000    0.00000    0.00000    0.00000    0.00000    0.00000    0.00000    0.00000    0.00000    0.00000    0.00000    0.00000    0.00000    0.00000    0.00000    0.00000    0.00000    0.00000    0.00000 
    0.55019    0.58847    0.61431    0.55862    0.61605    0.67552    0.69737    0.74016    0.72345    0.74934    0.84440    0.90805    1.00472    1.13189    1.40135    1.81290    1.38321    0.00000    0.00000    0.00000    0.00000    0.00000    0.00000    0.00000    0.00000    0.00000    0.00000    0.00000    0.00000    0.00000    0.00000    0.00000    0.00000    0.00000    0.00000    0.00000    0.00000    0.00000    0.00000    0.00000    0.00000    0.00000    0.00000    0.00000    0.00000    0.00000    0.00000    0.00000    0.00000    0.00000    0.00000 
    0.56758    0.56114    0.62567    0.57138    0.62645    0.65408    0.68209    0.74421    0.72113    0.77358    0.85817    0.90923    1.05010    1.13714    1.40250    1.91849    1.19708    0.00000    0.00000    0.00000    0.00000    0.00000    0.00000    0.00000    0.00000    0.00000    0.00000    0.00000    0.00000    0.00000    0.00000    0.00000    0.00000    0.00000    0.00000    0.00000    0.00000    0.00000    0.00000    0.00000    0.00000    0.00000    0.00000    0.00000    0.00000    0.00000    0.00000    0.00000    0.00000    0.00000    0.00000 
