200010,E-03  5486,03E-01  5437,05E-07
400010,E-03  5517,03E-01  6680,67E-06
600010,E-03  5553,57E-01  7117,57E-06
800010,E-03  5593,80E-01  5555,29E-06
100001,E-02  5606,79E-01  1020,05E-05
120001,E-02  5672,68E-01  9960,45E-06
140001,E-02  5635,84E-01  8504,50E-06
160001,E-02  5615,55E-01  4315,86E-06
180001,E-02  5576,94E-01  5729,37E-06
200001,E-02  5674,16E-01  5979,04E-06
220001,E-02  5710,72E-01  1219,37E-05
240001,E-02  5691,12E-01  1400,14E-05
260001,E-02  5684,73E-01  1649,58E-04
280001,E-02  5745,12E-01  1151,89E-05
300001,E-02  5731,55E-01  1242,63E-05
320001,E-02  5752,74E-01  4189,07E-06
340001,E-02  5767,91E-01  1830,96E-05
360001,E-02  5765,35E-01  1235,72E-05
380001,E-02  5606,74E-01  9463,99E-06
400001,E-02  5532,76E-01  2800,75E-05
420001,E-02  5519,97E-01  7224,50E-06
440001,E-02  5528,85E-01  5375,12E-06
460001,E-02  5565,72E-01  2423,67E-05
480001,E-02  5673,19E-01  3925,12E-06
500001,E-02  5796,40E-01  9573,67E-06
520001,E-02  5791,24E-01  1184,52E-05
540001,E-02  5659,10E-01  3180,07E-06
560001,E-02  5659,84E-01  5377,01E-06
580001,E-02  5732,35E-01  5074,86E-06
600001,E-02  5799,79E-01  7680,81E-06
620001,E-02  5695,98E-01  1667,62E-05
640001,E-02  5595,80E-01  8966,87E-05
660001,E-02  5526,39E-01  1991,75E-05
680001,E-02  5546,74E-01  4019,69E-04
700001,E-02  5577,32E-01  4835,46E-06
720001,E-02  5530,70E-01  2171,40E-05
740001,E-02  5560,27E-01  1579,91E-05
760001,E-02  5646,24E-01  3647,89E-06
780001,E-02  5669,49E-01  8760,26E-06
800001,E-02  5719,85E-01  1474,30E-05
820001,E-02  5724,10E-01  1805,59E-05
840001,E-02  5680,25E-01  3196,21E-05
860001,E-02  5633,27E-01  9463,60E-06
880001,E-02  5641,50E-01  8474,79E-06
900001,E-02  5638,00E-01  6906,15E-06
920001,E-02  5678,59E-01  8520,55E-06
940001,E-02  5732,70E-01  3279,08E-05
960001,E-02  5694,77E-01  6049,82E-06
980001,E-02  5635,31E-01  5529,90E-06
100000,E-01  5631,35E-01  1338,25E-05
102000,E-01  5635,03E-01  2213,85E-06
104000,E-01  5631,58E-01  2429,13E-05
106000,E-01  5652,25E-01  8725,36E-06
108000,E-01  5670,48E-01  5080,89E-06
110000,E-01  5665,70E-01  1610,70E-05
112000,E-01  5657,29E-01  9771,20E-06
114000,E-01  5621,12E-01  3463,02E-06
116000,E-01  5603,90E-01  1682,90E-05
118000,E-01  5596,16E-01  6765,83E-06
120000,E-01  5668,46E-01  1446,74E-05
122000,E-01  5688,68E-01  2646,10E-05
124000,E-01  5602,35E-01  7947,24E-06
126000,E-01  5607,00E-01  1555,07E-05
128000,E-01  5698,51E-01  4877,90E-06
130000,E-01  5797,89E-01  4024,61E-06
132000,E-01  5679,27E-01  2774,20E-05
134000,E-01  5651,78E-01  4183,35E-06
136000,E-01  5725,28E-01  1214,51E-05
138000,E-01  5743,48E-01  6080,66E-06
140000,E-01  5655,77E-01  1468,34E-04
142000,E-01  5653,38E-01  3011,67E-05
144000,E-01  5710,18E-01  4543,73E-06
146000,E-01  5749,74E-01  7561,89E-06
148000,E-01  5752,47E-01  2708,65E-06
150000,E-01  5710,46E-01  9357,18E-06
152000,E-01  5692,60E-01  2498,47E-05
154000,E-01  5690,86E-01  4777,76E-06
156000,E-01  5672,33E-01  3742,28E-06
158000,E-01  5634,97E-01  3166,63E-05
160000,E-01  5643,98E-01  3475,58E-06
162000,E-01  5709,68E-01  3643,87E-06
164000,E-01  5713,14E-01  2883,49E-05
166000,E-01  5702,97E-01  1155,39E-04
168000,E-01  5735,02E-01  2364,96E-05
170000,E-01  5796,04E-01  6824,09E-06
172000,E-01  5824,20E-01  2706,19E-05
174000,E-01  5850,46E-01  6799,67E-06
176000,E-01  5841,60E-01  4479,80E-06
178000,E-01  5716,89E-01  1313,75E-05
180000,E-01  5617,77E-01  3501,40E-06
182000,E-01  5629,30E-01  9323,20E-06
184000,E-01  5651,79E-01  1135,72E-05
186000,E-01  5681,09E-01  1380,00E-04
188000,E-01  5688,41E-01  8941,10E-06
190000,E-01  5666,33E-01  9850,11E-06
192000,E-01  5679,40E-01  6349,35E-06
194000,E-01  5728,22E-01  7219,22E-06
196000,E-01  5736,90E-01  5434,83E-06
198000,E-01  5681,23E-01  2445,88E-05
200000,E-01  5483,30E-01  1824,89E-05
