    4.46150    4.56442    4.50359    4.62973    4.66724    4.51952    4.74295    4.87129    4.93831    4.93364    5.14858    5.25546    5.08249    4.83491    5.15948    5.17610    5.56216    5.67737    5.94595    5.83469    6.19692    5.78982    6.32751    6.21799    6.55184    6.49343    6.76472    6.89279    7.28199    7.65754    6.96734    7.51817    7.85930    8.49067    8.32627    8.39679    8.84503    9.82538    9.87723   10.20041   10.49934   11.11103   11.06602    9.35807    3.58230    0.94365    0.44914    0.00000    0.00000    0.00000    0.00000 
    4.44025    4.43318    4.71386    4.49143    4.51913    4.80064    4.97331    4.76125    5.10842    4.91240    5.01366    5.24866    5.25383    5.33422    5.42581    5.22723    5.34253    5.34740    5.78882    5.77751    5.74125    6.04675    6.49649    6.12929    6.20546    6.54814    6.53709    6.21644    7.08737    6.83967    7.26083    7.89161    7.68060    8.50107    8.21310    8.96646    9.00848    9.43504    9.56030   10.00659   11.15933   10.99054   10.93738    9.85811    4.17824    1.08379    0.50701    0.00000    0.00000    0.00000    0.00000 
    4.63797    4.58060    4.72278    5.03085    4.52732    4.98290    4.89712    5.02840    4.74189    4.70398    4.90871    5.06970    5.06444    5.02577    5.30020    5.46679    5.46126    5.53262    5.65421    5.86671    5.82175    5.99234    6.11526    6.41190    6.31250    6.32003    6.76315    6.59165    7.08554    7.24226    7.58277    7.46189    8.06691    8.09235    8.20191    8.86848    9.14998    9.03945    9.87773   10.24562   10.84389   11.06640   11.38183    9.48445    3.43780    0.90758    0.43035    0.00000    0.00000    0.00000    0.00000 
    4.52216    4.44739    4.66129    4.63580    4.81560    4.85637    4.84088    4.87760    4.75800    4.78222    4.70817    5.15041    5.22263    5.34004    5.16370    5.43778    5.65338    5.14580    5.80031    5.91393    5.96257    6.23063    6.21695    6.40193    6.45822    6.46541    6.42074    6.87148    7.24009    7.07099    7.29653    7.81502    7.93962    7.91533    8.34272    8.52793    9.21412    9.76439   10.12639   10.41740   11.09279   11.09753   11.27954    8.88423    2.99422    1.21976    0.00000    0.00000    0.00000    0.00000    0.00000 
    4.65725    4.38520    4.67446    4.83527    4.65616    4.67692    4.52562    5.03817    4.89086    5.00854    4.77480    5.10490    5.17648    5.46889    5.50895    5.52365    5.66748    5.68341    6.06656    5.98214    5.83882    5.93037    6.19768    6.16399    6.15432    6.50933    6.59267    7.01777    7.25163    7.54574    7.71877    7.73516    7.80916    8.31827    8.35245    8.83640    9.28215    9.77856    9.88707   10.77804   10.83044   10.82888   11.02988    8.01542    2.29311    0.79151    0.20671    0.00000    0.00000    0.00000    0.00000 
    4.52734    4.43150    4.69275    4.71738    4.66753    4.41525    4.74080    4.77304    4.94743    4.90658    5.32676    5.00066    5.44044    5.16939    4.99698    5.01068    5.77295    5.54594    5.71903    5.54544    5.86351    5.90324    6.11658    6.65815    6.56854    6.66918    6.58880    6.72755    7.05857    7.31053    7.20140    7.70935    7.81527    8.51402    7.97630    8.79339    9.26740    9.76117    9.76285   10.27602   10.40673   10.98682   10.90595    9.59838    3.72851    0.98415    0.49973    0.00000    0.00000    0.00000    0.00000 
    4.45189    4.49352    4.50971    5.05060    4.61289    4.69156    4.66203    4.61937    4.88803    4.80530    4.97159    5.14404    5.33137    5.13414    5.38001    5.54572    5.51685    5.63741    5.62160    5.67110    5.75603    6.13312    6.24214    6.14785    6.76382    6.60128    6.77063    6.94103    6.97149    7.00296    7.31194    7.55650    7.90111    8.00258    8.63113    8.58566    8.88330    9.22200    9.78051    9.92594   10.55001   10.87771   10.97766    9.88921    4.19670    1.22088    0.41809    0.00000    0.00000    0.00000    0.00000 
    4.34862    4.46871    4.77998    4.62839    4.69616    4.97885    4.81030    4.87349    4.77703    4.75317    4.89218    5.24982    5.23581    5.22261    5.03788    5.20699    5.64571    5.66312    5.50729    5.81872    6.23457    6.10633    6.03801    6.17574    6.53308    6.10704    6.90838    7.11137    6.68138    7.41037    7.42909    7.76134    7.44552    7.58833    8.44924    8.66617    9.27473    9.77061    9.68422   10.21361   10.76774   10.99292   10.87582    9.90422    3.77668    1.49868    0.00000    0.00000    0.00000    0.00000    0.00000 
    4.66954    4.56264    4.52954    4.77170    4.61397    4.84434    4.90498    4.70425    5.16441    5.24228    5.07375    5.31104    5.13355    5.44773    5.33892    5.62879    5.51440    5.65575    5.44131    5.42604    6.04059    6.03621    6.13930    6.47961    6.52701    6.85116    6.50613    6.82391    6.92234    7.30671    7.31990    8.04912    7.97939    7.93413    8.35329    8.60392    9.03878    9.68956    9.99369   10.55276   11.00721   10.58139   11.09986    8.39075    2.67046    1.12386    0.00000    0.00000    0.00000    0.00000    0.00000 
    4.53041    4.38115    4.45241    4.30709    4.49107    4.74596    4.83808    4.94319    4.88880    4.81707    4.99243    5.39470    5.37212    5.20555    5.18778    5.29207    5.53092    5.77060    5.35325    5.74353    5.93865    5.92754    5.98621    6.04462    6.00920    6.27045    6.76321    6.56696    6.85071    6.93945    7.55001    7.51751    7.54265    8.38255    8.14119    8.36833    9.07301    9.28024   10.16875   10.09476   10.28985   10.70605   10.93908   10.69989    5.77980    1.93117    0.00000    0.00000    0.00000    0.00000    0.00000 
    4.57784    4.51024    4.45227    4.36254    4.83455    4.64136    4.81389    4.97185    5.03371    4.77859    5.04430    5.17729    4.94392    5.18907    5.34348    5.43914    5.90313    5.62363    5.72056    5.79216    5.85711    6.21765    6.03842    6.36631    6.81903    6.35084    6.68043    7.34450    7.24294    7.26038    7.44382    7.70013    8.29585    8.04194    8.17876    8.79702    9.01981    9.46726   10.36553   10.54355   10.74753   11.34973   10.90899    8.14798    2.53253    1.12840    0.00000    0.00000    0.00000    0.00000    0.00000 
    4.47712    4.67380    4.72811    4.40842    4.81245    4.69044    4.46082    5.17599    5.04997    4.94436    4.68220    5.15151    5.08554    5.13305    5.46719    5.32600    5.42320    5.77834    5.69152    5.66849    6.13657    6.26838    6.26657    6.22186    6.28045    6.31580    7.11480    6.86374    7.10631    7.47813    7.37494    7.79796    7.71743    8.06892    8.34415    8.36236    9.02724    9.61571    9.61719   10.37465   10.87046   11.04833   11.28423    9.12001    3.17474    0.97117    0.34935    0.00000    0.00000    0.00000    0.00000 
    4.34204    4.63759    4.43606    4.71914    4.69556    5.12442    4.80691    4.96942    5.10495    4.91881    4.79640    4.71198    5.32207    5.15448    5.09639    5.52370    5.54131    5.69243    5.76377    5.53131    6.32794    6.21284    5.87365    6.00030    6.12905    6.32982    6.60153    6.69972    6.84972    6.94934    7.52696    7.48554    7.78266    7.89810    8.40972    8.76695    9.02911    9.10077    9.49570   10.12269   10.47456   10.92168   10.68082   10.36428    5.11358    1.29077    0.67345    0.00000    0.00000    0.00000    0.00000 
    4.45864    4.49937    4.79950    4.61154    4.51725    4.74437    4.63982    4.73509    4.85596    4.88657    4.99709    5.01073    5.25198    5.25588    5.50467    5.55014    5.38338    5.56773    6.05689    5.98910    6.00416    5.72387    6.12512    6.37089    6.35176    6.63906    6.80466    7.24402    7.09258    7.29066    7.57035    7.69041    7.86356    8.40073    8.19583    9.06187    9.13535    9.26981   10.21838   10.33614   10.51455   11.15868   10.85636    8.82715    2.75849    0.91790    0.26197    0.00000    0.00000    0.00000    0.00000 
    4.56043    4.32006    4.43263    4.61631    4.51685    4.81252    4.75884    4.97515    4.93595    5.04094    5.15896    5.15105    5.58056    5.36143    5.20844    5.41544    5.51400    5.98994    5.82831    5.78802    6.00670    6.08189    6.10056    6.08805    6.58028    6.67780    6.46479    7.06333    7.09099    7.44777    7.62254    7.52000    8.28314    7.79738    8.46294    8.74330    9.33952    9.38713    9.72462    9.83561   10.56476   10.45950   10.90687    9.21276    3.22509    0.91450    0.43237    0.00000    0.00000    0.00000    0.00000 
    4.58653    4.77822    4.68948    4.38799    4.84773    4.81207    4.74703    4.88531    5.08327    4.99372    4.78884    5.07693    5.29068    5.21310    5.50639    5.32861    5.26292    5.65108    6.17208    5.96747    6.33079    5.70952    6.44544    6.41408    6.33784    6.50073    6.61233    6.93456    7.04995    7.01988    7.76410    7.78879    7.68178    8.13886    8.54533    8.87504    8.95923    9.42388    9.62828   10.28361   10.77604   11.25881   10.97390    8.65556    3.13025    0.69201    0.00000    0.00000    0.00000    0.00000    0.00000 
    4.48006    4.61627    4.69132    4.61711    4.37810    4.87710    4.72704    4.64140    5.03061    4.85847    5.02014    5.09727    5.22535    5.16308    5.46106    5.58573    5.33596    5.61569    5.94048    5.93235    5.97923    6.06121    6.05558    6.58332    6.62363    6.64689    6.85368    7.12398    6.92596    7.24815    7.32641    8.02454    8.12761    8.00365    8.47158    8.54130    9.51980    9.65502   10.11792   10.91578   10.42133   10.43078   11.08027    8.28556    2.61035    1.07188    0.00000    0.00000    0.00000    0.00000    0.00000 
    4.40954    4.49596    4.67357    4.53510    4.91032    4.80783    4.48531    4.94488    4.77087    4.92786    4.99916    4.84518    4.91498    5.10119    5.42454    4.90764    5.44105    5.67627    5.91821    5.53228    5.72199    5.87420    6.39095    6.01818    6.17675    6.69797    6.84139    6.86245    6.96337    7.34253    7.62126    7.62421    8.00565    8.01763    8.39677    8.71843    8.98246    9.44549   10.17857   10.45737   11.15577   11.14431   11.07893    9.50892    3.63099    0.97814    0.44356    0.00000    0.00000    0.00000    0.00000 
    4.30504    4.47259    4.47620    4.52957    4.82545    4.88339    4.67690    4.93700    4.70288    4.88023    4.75384    4.94583    5.36653    4.90899    5.18277    5.43403    5.60603    5.71486    5.63823    5.73285    6.01628    6.11006    6.06476    6.52042    6.27962    6.56159    6.64469    6.76116    7.03359    6.99741    7.07865    7.74474    8.01104    8.11788    7.99200    8.76600    8.70822    9.31668    9.79880    9.80333   10.63013   10.71181   10.91485   10.56375    4.98003    1.23717    0.66214    0.00000    0.00000    0.00000    0.00000 
    4.57774    4.42221    4.52976    4.73653    4.76254    4.84683    5.06638    4.58657    4.91217    4.83790    5.03875    5.53699    4.91010    5.30732    5.15390    5.16205    5.48851    5.82582    5.67230    6.07083    5.76223    6.33337    6.12329    6.51698    6.68744    6.43005    6.75452    6.96571    7.17293    7.01925    7.95520    7.58636    7.96987    8.01073    8.53129    8.59489    9.30964    9.70711   10.43406    9.76247   10.93963   11.22830   10.90043    8.23625    2.59616    0.81853    0.20813    0.00000    0.00000    0.00000    0.00000 
    4.40503    4.44609    4.66268    4.62256    4.51445    4.85691    4.93102    4.44948    4.92358    5.15679    5.29537    5.24271    5.03860    5.11700    5.34010    5.33457    5.51367    5.64719    5.64428    5.45964    5.85792    5.87447    5.89195    6.39573    6.75600    6.87569    6.80943    6.70573    7.11462    7.42129    7.77915    7.70866    7.64326    8.16181    8.13706    8.87139    9.05118    9.78779   10.37088   10.52880   10.59631   10.74442   11.17880    8.91083    3.00178    0.88118    0.34218    0.00000    0.00000    0.00000    0.00000 
    4.66273    4.63901    4.70005    4.52998    4.64107    4.79175    5.08351    4.76279    4.92255    4.99237    5.35493    4.91031    5.07874    5.08897    5.04303    5.34611    5.45138    5.74981    5.87977    5.69440    5.75312    5.88864    6.16293    6.34232    5.86211    6.55368    6.94123    6.69628    6.99081    6.64859    7.58158    7.49612    8.32582    8.31433    8.13606    8.60173    8.96087    9.47408    9.69914   10.29865   10.88757   11.11491   10.88780    9.75769    3.79277    1.06888    0.43906    0.00000    0.00000    0.00000    0.00000 
    4.64391    4.59854    4.86116    4.67365    4.61509    4.72653    4.86543    4.67859    4.73468    4.95505    5.11161    5.00285    5.35648    5.20581    5.18030    5.36449    5.86363    5.64105    5.73461    5.88886    5.90907    6.19933    6.30243    6.41341    6.39530    6.60562    6.48563    6.67673    6.62099    7.20753    7.66717    7.40737    7.78404    7.94163    8.09749    8.84702    8.80426    9.58867    9.81119   10.31099   10.56070   11.01463   11.19651    9.47709    3.58794    0.96562    0.41930    0.00000    0.00000    0.00000    0.00000 
    4.37044    4.50958    4.50254    4.75360    4.91831    4.96355    4.76697    4.79378    5.09072    4.98671    5.13419    5.14351    5.21384    5.18232    5.46491    5.11979    5.44793    5.65210    5.58822    5.91506    5.98714    5.84705    6.31502    6.00538    6.23654    6.72386    7.03813    6.96151    7.00144    7.00668    7.54105    7.70488    7.92724    8.33696    8.10592    8.48459    9.11537    9.47071    9.93997   10.39895   10.92080   10.20771   11.05472    9.24894    3.49628    1.06115    0.34392    0.00000    0.00000    0.00000    0.00000 
    4.56039    4.74892    4.82780    4.27412    4.55039    4.73801    4.69481    4.60127    4.86828    5.34036    5.05544    4.85024    5.19676    5.19208    5.41167    5.50872    5.73328    5.55322    5.68412    5.76728    5.84166    6.07259    6.14353    6.28478    6.24165    6.70234    6.68499    6.98655    7.15619    7.33108    7.16613    7.82862    7.57510    8.32088    8.66617    8.87907    9.04968    9.44243   10.05539   10.53621   10.98737   10.76852   10.99707    8.93312    3.03527    0.80089    0.35558    0.00000    0.00000    0.00000    0.00000 
    4.47098    4.47269    4.78058    4.29331    4.75939    4.42207    4.95072    4.88319    5.09578    5.03392    4.81256    5.09749    4.96719    5.19009    5.12468    5.46471    5.51302    5.48752    5.82370    5.88137    5.71545    6.40487    5.77171    6.04616    6.56440    6.50470    6.43712    7.16422    6.77211    6.94247    7.37301    7.67894    7.72491    8.10234    8.38485    8.58980    8.94117    9.60939    9.79385   10.52146   10.77733   10.67371   11.49097    9.85017    4.10986    1.32677    0.20331    0.00000    0.00000    0.00000    0.00000 
    4.27040    4.58548    4.87282    4.80762    4.55600    4.95981    4.49761    4.56374    4.71497    5.06323    5.01536    5.04631    4.94483    5.35392    5.42677    5.38443    5.31065    5.58394    5.71733    5.95714    6.02294    6.22911    6.01763    6.27632    6.29648    6.41088    6.82448    6.78823    7.05739    7.23538    7.47589    7.50884    8.12377    8.32478    8.36478    8.83949    9.12170    9.47893    9.75511   10.64088   10.50938   11.38940   10.86837    9.07290    3.37222    0.98971    0.37268    0.00000    0.00000    0.00000    0.00000 
    4.47995    4.43434    4.58283    4.65712    4.68890    4.48890    4.75832    4.87243    4.76716    5.24404    4.70303    5.11475    5.17906    5.10263    5.09204    5.54437    5.29216    5.78388    6.07364    5.78901    5.83024    5.97681    6.05127    6.05751    6.25677    6.28196    6.56804    6.75402    7.20502    7.04296    7.67032    7.74234    7.94919    8.14278    8.30853    8.49287    9.35320    9.61329   10.12648    9.66718   10.26195   10.93298   10.79689    9.98309    4.54435    1.15164    0.58978    0.00000    0.00000    0.00000    0.00000 
    4.31495    4.38941    4.20985    4.69335    4.78315    4.54363    4.68886    4.88727    5.03246    5.14873    4.92781    4.69066    5.05337    4.75894    5.19839    5.31651    5.25374    6.09203    5.41314    5.91744    5.75147    5.79265    5.87856    6.58301    6.41725    6.63930    6.38226    6.91502    7.06949    7.07483    7.18231    7.68629    7.73889    7.68734    8.30627    8.46879    8.81943    8.86829    9.86281   10.07930   10.10281   11.03674   11.20574   10.69221    6.16871    1.57290    0.70361    0.00000    0.00000    0.00000    0.00000 
    4.55067    4.26251    4.76793    4.36827    4.56068    4.63269    4.90397    4.87939    5.00146    4.87300    5.18243    4.93606    5.27779    5.21987    4.94885    5.52522    5.49153    5.59666    5.52837    5.67322    5.82103    5.97724    6.21671    6.44191    6.53272    6.52395    6.67664    7.02980    7.23756    7.02273    7.30689    7.84884    7.44869    8.24281    8.46432    8.78198    8.73580    9.43034    9.78023    9.79784   10.72147   10.77076   11.27888    9.88657    4.23019    1.07026    0.54327    0.00000    0.00000    0.00000    0.00000 
    4.34287    4.58106    4.53974    4.80389    4.53808    4.78115    4.75666    5.03563    4.98942    4.82810    4.76109    5.07704    5.18508    5.31854    5.23016    5.54679    5.31760    5.64748    5.76715    5.95291    5.89469    5.92119    5.96210    6.44001    6.41535    6.46154    6.56610    6.85390    7.07073    7.28177    7.55234    7.89738    7.86971    8.27585    8.49613    8.84132    8.74262    9.26388    9.89943   10.82046   10.28850   10.98638   11.20115    9.26326    3.37193    1.04684    0.31500    0.00000    0.00000    0.00000    0.00000 
    4.60180    4.51738    4.72676    4.58802    4.72930    4.91097    4.67067    5.06510    4.87185    5.00684    4.98320    5.04099    5.07609    5.09102    5.22382    5.21408    5.27918    6.05643    5.72334    5.94203    6.14155    6.02117    5.89621    6.30357    6.56510    6.71104    6.57050    6.58388    6.97437    7.10494    7.38951    7.24790    7.93907    8.08107    8.63344    8.64677    8.85033    9.64146   10.07541   10.39379   10.41226   11.10701   10.92215    9.47313    4.99552    0.00000    0.00000    0.00000    0.00000    0.00000    0.00000 
    4.62830    4.65523    4.50713    4.59388    4.68315    4.86695    4.62235    4.67495    4.89824    4.97601    5.03057    4.86172    4.99766    5.32736    5.37895    5.23780    5.47321    5.69294    5.73586    5.71350    5.54330    6.19209    6.36362    6.30140    6.35398    6.42271    6.67711    6.92932    6.73488    7.37344    7.32926    7.53707    8.11491    8.10767    8.48625    8.36306    9.30695    9.43929   10.40202    9.59755   10.92765   10.91818   11.45037    9.64100    3.50013    1.09513    0.33589    0.00000    0.00000    0.00000    0.00000 
    4.46468    4.61050    4.90171    4.85781    4.72198    4.89000    4.70539    4.83711    4.95875    4.72036    5.03507    4.78116    5.18630    5.50070    5.17672    5.41675    5.48705    5.59103    5.59075    5.81568    5.80662    5.75162    6.31541    6.33386    6.67007    6.72768    6.38638    7.19051    6.88648    7.06009    7.56421    7.61955    7.34011    7.94664    7.90338    8.80758    9.24868    9.59007    9.36524   10.21153   10.47358   11.11979   11.47210    9.51926    3.89372    1.14723    0.39911    0.00000    0.00000    0.00000    0.00000 
    4.73662    4.47474    4.44618    4.48011    4.84321    4.45713    4.68392    5.11543    4.83450    5.18828    4.98152    5.29338    4.99421    4.85100    5.44102    5.47190    5.62914    5.67855    5.73857    5.83884    5.96029    5.96878    5.86243    6.43051    6.54572    6.76375    6.92457    7.25132    6.87389    7.32215    7.52188    7.47713    8.12896    8.51808    8.28958    8.92308    9.27883    9.58551   10.46922   10.46760   10.70307   10.64812   10.83822    8.44536    2.53497    1.08875    0.00000    0.00000    0.00000    0.00000    0.00000 
    4.54733    4.52521    4.66210    4.69004    4.59578    4.63129    5.19476    4.73635    5.31007    4.96814    4.96737    5.00728    5.12541    5.23380    5.38248    5.81342    5.71710    5.70209    5.81789    5.81960    5.83726    5.81012    6.11029    6.31598    6.45710    6.67124    6.69469    6.57842    6.87034    7.60916    7.35842    7.58121    7.74923    8.00414    8.50474    8.98504    8.91002    9.51508   10.46868   10.61453   10.73051   10.79604   10.98891    8.51430    2.68186    0.80597    0.38922    0.00000    0.00000    0.00000    0.00000 
    4.63069    4.46916    4.60114    4.67357    4.83989    5.07433    4.78291    5.00642    5.04588    5.13439    5.10191    5.06706    5.22350    5.29711    5.37803    5.24297    5.63542    5.60655    5.58175    5.67832    5.99721    6.10543    6.28965    6.71269    6.58847    6.31138    6.63489    6.78031    7.06592    7.30480    7.62819    7.69502    8.19546    8.60421    8.70287    8.79559    9.38263    9.70039   10.07911   10.26309   10.76873   10.84720   11.14566    7.34566    2.04993    0.93450    0.00000    0.00000    0.00000    0.00000    0.00000 
    4.47119    4.61292    4.50967    4.77496    4.80051    5.03798    4.45495    4.84711    4.63024    5.06237    4.99522    5.18568    5.17487    5.07197    5.49828    5.41993    5.46310    5.76646    5.71186    6.22913    6.00238    5.74756    6.14758    6.06038    6.71838    6.56112    6.73931    6.73653    7.12222    7.06388    7.37365    7.76650    7.90406    8.29967    8.63907    9.17968    9.37641   10.40655    9.92152   10.39688   10.60385   11.28004   10.90555    8.00039    2.29581    0.69665    0.33597    0.00000    0.00000    0.00000    0.00000 
    4.41745    4.48784    4.70862    4.82391    4.88102    4.63245    4.81768    4.87121    4.83302    4.85604    4.92354    5.19314    5.09107    5.40496    5.27681    5.67285    5.68872    5.80387    5.76900    5.74705    5.93058    5.95944    6.20014    6.36410    6.42671    6.33696    6.71638    7.01363    7.30423    7.18982    7.29775    7.49351    7.86540    8.01121    8.33726    8.79859    9.01156    9.51752   10.21794   10.11443   10.12663   10.24737   11.08122    9.63010    3.54095    1.36629    0.00000    0.00000    0.00000    0.00000    0.00000 
    4.50779    4.40220    4.58057    4.70126    4.59287    4.65382    4.77117    4.89958    4.97547    4.77919    5.20262    5.09841    5.25756    5.45524    5.43474    5.30045    5.70192    5.76129    5.89070    6.07062    5.66156    5.91966    6.11070    6.33941    6.35801    6.50152    6.42555    6.65960    7.06507    7.13819    7.69424    7.62017    8.30009    8.28212    8.64442    8.49721    9.29878    9.91792    9.70046   10.07594   10.84470   11.28033   11.29852    8.54318    2.67633    1.10887    0.00000    0.00000    0.00000    0.00000    0.00000 
    4.69402    4.52811    4.51340    4.59929    4.44873    4.57049    4.77309    4.60827    4.76222    5.04880    5.01693    5.24170    5.07506    5.04199    5.51286    5.27181    5.49100    5.14122    5.76807    5.61799    5.78735    5.74185    6.13803    5.95003    6.14172    6.41097    6.73919    6.71977    7.22720    7.06429    7.57976    7.59665    8.02091    8.12758    7.94887    8.55572    8.82626    9.45297    9.87970   10.23028   10.26326   10.89975   11.11350   10.53730    5.32674    1.34012    0.65516    0.00000    0.00000    0.00000    0.00000 
    4.35253    4.63445    4.74059    4.52669    4.82322    4.69536    4.84100    4.67727    4.56220    5.24553    5.09975    5.06209    5.03592    5.27943    4.98635    5.44179    5.50300    5.42446    5.81031    5.81639    6.15195    6.20884    6.15739    6.23830    6.32232    6.37668    6.50922    6.73684    6.98209    7.20784    7.16492    7.66693    7.80008    8.23649    8.66296    8.97350    9.15055    9.47907    9.52261   10.44711   10.77564   10.61750   11.25016    9.72586    3.61763    0.98766    0.47154    0.00000    0.00000    0.00000    0.00000 
    4.64630    4.41442    4.36102    4.57874    4.79749    4.53284    4.89284    4.95462    4.78143    4.78820    4.93031    4.80075    5.09879    5.08299    5.33075    5.31524    5.58624    5.37067    5.48792    5.62162    5.86409    5.93640    6.04794    6.56143    6.37769    6.47087    6.82998    7.04037    7.15854    7.15221    7.53872    7.80818    7.66882    8.34798    8.50217    8.84573    9.60620    9.66501    9.88747   10.07633   11.31360   10.69258   11.04362    9.48120    3.36100    0.99420    0.35448    0.00000    0.00000    0.00000    0.00000 
    4.58439    4.41158    4.65294    4.79604    4.92531    4.89659    4.48266    4.85586    4.73161    4.90595    4.96556    5.33277    4.95979    5.23806    5.39772    5.56334    5.66928    5.47100    5.76858    5.62566    5.88821    6.14322    6.06272    6.35738    6.49436    6.16623    6.82130    6.85085    6.84830    7.11844    7.42492    7.17533    7.78933    8.37129    8.17916    9.18148    9.17807    9.81407    9.79210   10.86897   10.54177   10.59217   11.19255    9.28807    3.31556    0.93028    0.37917    0.00000    0.00000    0.00000    0.00000 
    4.42959    4.58855    4.42300    4.74943    4.77457    5.05899    4.93052    5.21097    4.84187    5.00224    5.13118    5.41840    5.43683    5.46923    5.38569    5.50213    5.50077    5.66837    5.87203    5.75428    5.89547    6.24167    6.00121    6.12498    6.42402    6.51746    6.79543    6.93882    6.84090    7.22175    7.50053    7.66930    8.24060    8.24820    8.52307    8.85761    9.13634    9.36605    9.92020   10.10948   10.73006   11.20111   11.02774    7.98063    2.35502    0.95450    0.02920    0.00000    0.00000    0.00000    0.00000 
    4.40767    4.40252    4.82970    4.77997    4.73945    4.88700    4.59623    4.98174    4.55102    4.91738    4.99959    4.95238    5.37964    5.20963    5.18621    5.36813    5.56232    5.48361    5.98239    5.87578    5.80555    5.89754    6.27763    6.17240    6.28088    6.55899    6.79253    6.56038    7.15192    7.75900    7.52489    7.39234    8.29119    8.00932    8.43879    8.46980    9.41017    9.39016   10.30255   10.85460   10.86724   10.63286   10.81722    9.00541    2.98680    1.24556    0.01194    0.00000    0.00000    0.00000    0.00000 
    4.70217    4.47493    4.75814    4.66271    5.19484    4.55455    5.05060    4.99888    5.08041    5.01080    4.97405    5.09229    5.28029    5.43763    5.33439    5.49683    5.47268    5.45408    5.77008    5.89434    5.99101    6.29935    6.09786    6.72414    6.45456    6.46344    6.41626    6.53475    7.17196    7.11041    7.30201    7.94014    8.14345    8.34503    8.84566    8.80805    9.20215    9.95871    9.64876   10.19680   10.72821   10.92812   11.11649    7.68993    2.19159    0.76552    0.23097    0.00000    0.00000    0.00000    0.00000 
    4.38174    4.47970    4.55208    4.60695    4.53951    4.81764    4.80049    4.77036    4.83695    4.94231    5.25058    4.76480    5.17240    5.14898    4.89270    5.62062    5.10861    5.41145    5.57820    6.22280    5.95381    6.05189    5.86888    6.54744    5.85746    6.43872    6.48199    6.72463    6.77558    7.28485    7.00567    7.45251    7.72067    7.97974    8.13089    8.51041    8.85303    9.23153   10.27592   10.83256   11.07641   10.67583   11.25975   10.25829    4.91570    1.28285    0.65414    0.00000    0.00000    0.00000    0.00000 
    4.51529    4.73846    4.37433    4.35709    4.53207    4.57063    4.74548    4.78400    4.99135    4.92479    5.10231    5.05634    5.32290    5.24538    5.10259    5.54761    5.35497    5.48033    5.72148    5.86951    6.24791    6.22719    6.25651    6.24753    6.38398    6.43599    6.84176    6.83294    7.35704    6.99790    7.22616    7.30987    7.64025    8.05712    8.43717    8.27750    9.13166    9.64922    9.82203    9.69811   10.91777   10.81766   10.94428   10.20259    4.09779    1.60516    0.00000    0.00000    0.00000    0.00000    0.00000 
    4.42181    4.49042    4.85681    4.81091    4.77304    4.76043    4.77152    4.80831    4.89489    4.84538    5.47197    5.35168    5.05043    5.26211    5.38014    5.51269    5.62104    5.73215    5.87633    5.74430    6.26082    6.00010    6.47386    6.27654    6.41606    6.48855    6.63112    7.07312    6.94147    7.09081    7.33958    7.83153    8.00631    7.93805    8.57011    9.08473    9.05411    9.69321   10.22455   10.45076   11.00164   11.22332   11.02974    7.46860    2.09618    0.89879    0.00000    0.00000    0.00000    0.00000    0.00000 
    4.56195    4.65149    4.44187    4.79219    4.78951    4.84658    4.87200    4.62245    4.85254    4.86808    5.17516    4.87650    5.03817    5.30016    5.32810    5.60780    5.64307    5.49681    5.68512    5.51178    6.18041    6.28133    6.04884    6.44023    6.82390    6.36714    6.87435    7.23435    7.35112    7.14782    7.74690    7.53546    7.90496    8.12833    8.41061    8.37346    9.31451    9.53833   10.19811    9.98748   11.09260   10.55442   11.14125    8.42618    2.83440    0.82287    0.27933    0.00000    0.00000    0.00000    0.00000 
    4.27646    4.55840    4.50592    4.66035    4.69772    4.89906    4.75894    4.75930    4.86069    4.89549    4.86305    5.15433    4.97997    4.85685    5.65104    5.47550    5.63788    5.39871    5.69222    5.69917    5.75635    6.09053    5.87640    6.26525    6.38937    6.44098    6.90420    6.94821    6.85587    7.19896    7.29142    7.46117    7.64761    8.18970    8.27691    8.88381    9.23216    9.87214   10.06029   10.53400   10.59667   10.85347   11.13495    9.66173    3.80248    1.49432    0.00000    0.00000    0.00000    0.00000    0.00000 
    4.65252    4.56299    4.74782    4.58078    4.71647    4.57891    4.65277    4.81925    5.00105    4.90666    5.07902    5.17830    5.16388    5.01462    5.15585    5.16806    5.69195    5.76268    5.79269    5.97286    6.09617    6.22100    5.79286    6.25894    6.12465    6.53358    6.64999    6.97473    7.11653    6.83134    7.49745    7.77094    8.03803    8.07302    8.60111    9.00878    9.44663    9.52395    9.94800   10.28362   10.89074   10.96092   10.92077    9.08061    2.94032    0.83353    0.38269    0.00000    0.00000    0.00000    0.00000 
    4.63781    4.56349    4.63984    4.80418    4.86414    4.96547    4.56282    4.87322    4.89537    5.19997    5.01301    5.21068   12.94579   13.17842   12.75533   12.77940   13.20993   13.91094   14.34510   13.75405   10.25158    5.09572    4.07253    1.91441    2.01953    1.15537    0.77706    0.83954    0.88088    0.91202    0.96438    0.93777    1.00499    1.11041    1.16356    1.31743    1.42058    1.65724    2.08279    1.99838    0.18311    0.21152    0.15655    0.22397    0.17007    0.21467    0.20133    0.17687    0.18385    0.20210    0.18748 
    4.43827    4.51645    4.65346    4.55579    4.41085    4.73208    4.60579    4.74766    4.88802    4.72239    4.97035    5.04103    4.96672    5.13177    5.26886    5.32315    5.42080    6.03389    5.65275    5.64074    5.90693    6.00388    6.20437    6.16329    6.37980    6.45735    6.55148    6.69840    6.85282    7.16185    7.55366    7.37864    7.90732    7.75726    7.86273    8.51298    8.86318    9.02230    9.49700   10.20751   10.11472   10.83394   10.81088   10.82837    6.33510    1.73064    0.68277    0.00000    0.00000    0.00000    0.00000 
    4.46826    4.57364    4.47404    4.82021    4.84110    4.90845    4.92132    4.67215    4.97813    4.86910    4.89709    5.08060    5.07618    5.21957    5.16648    5.19246    5.60067    5.67224    5.32218    5.65538    5.98779    6.23108    6.30447    6.40152    6.58748    6.42217    6.66247    6.72591    7.10693    6.98838    7.18339    7.36850    7.87955    8.30378    8.20913    8.83634    8.85479    9.07730    9.85939   10.37705   10.82424   11.10755   11.11400    9.73319    3.90662    1.01782    0.51990    0.00000    0.00000    0.00000    0.00000 
    4.64437    4.38714    4.56846    4.66000    4.66485    4.59008    4.70926    4.88344    4.91351    5.04852    5.32225    5.11169    5.03201    5.08050    5.36146    5.28645    5.75969    5.19375    5.58783    5.52333    5.85681    5.92779    5.95093    6.05844    6.39635    6.23328    6.45968    6.58582    6.54541    7.28874    7.24594    7.45677    7.80455    7.85289    7.76267    8.25546    8.28671    9.21163    9.95516   10.10641    9.97073   11.14822   11.09014   11.00415    6.63099    1.74914    0.83661    0.00000    0.00000    0.00000    0.00000 
    4.61786    4.46577    4.73915    4.95652    4.94340    4.41764    4.82637    4.71310    4.89449    5.07105    4.71749    5.02727    5.17871    4.96308    5.33414    5.48085    5.41534    5.41868    5.43639    5.77467    5.91929    5.70182    6.26101    6.01741    6.50006    6.54235    6.83582    7.13922    7.11209    7.06423    7.43378    7.85912    7.66802    7.87787    8.55502    8.78784    8.83648    9.57641    9.72763   10.25358   10.72034   11.02139   11.11605    9.81827    3.77413    1.09128    0.39752    0.00000    0.00000    0.00000    0.00000 
    4.48267    4.41136    4.29004    4.70386    4.61371    4.78898    4.81033    5.08627    4.87658    4.96865    4.61161    5.28184    5.20739    4.76078    5.34726    5.08632    5.84432    5.82727    5.80387    6.17161    5.99463    6.26876    6.11094    6.42079    6.25028    6.41158    7.11964    6.78599    7.11085    7.32698    7.42536    7.40556    7.61907    8.21830    8.76940    8.78584    9.05199    9.70609   10.01780   10.58074   10.77828   10.75575   10.68324    9.09904    3.09258    0.83641    0.39941    0.00000    0.00000    0.00000    0.00000 
    4.45369    4.39009    4.49638    4.55974    4.63314    4.67707    4.55946    4.90360    4.80983    5.17520    4.91707    5.24999    5.00860    5.24003    5.50410    5.52851    5.64526    5.48511    5.91809    5.65176    5.77622    5.88364    5.95930    6.14559    6.26239    6.69400    6.71984    6.79851    7.09988    7.23046    7.52932    7.26546    8.19294    8.26668    8.54753    8.79831    9.06789    9.47929    9.62427   10.39249   10.26781   10.56147   11.12403    9.81239    4.10845    1.07315    0.51200    0.00000    0.00000    0.00000    0.00000 
    4.56335    4.79102    4.58770    4.61119    4.57262    4.45643    4.79022    4.82566    5.14500    5.11225    5.06088    4.85571    5.07225    5.11566    5.39708    5.54832    5.26452    5.58341    5.65542    5.94292    6.09419    6.17441    5.86057    6.29814    6.41158    6.71010    6.92074    6.71195    7.20005    7.05691    7.49886    7.52395    7.68430    7.67409    8.46022    8.83959    9.27987    9.34971    9.78967   10.45855   10.77992   10.89516   10.96326    9.56873    3.46679    1.04410    0.33295    0.00000    0.00000    0.00000    0.00000 
    4.76870    4.42882    4.62884    4.59056    4.64971    4.77714    4.82862    5.06153    4.85927    5.19391    4.71212    4.85354    5.40079    5.35672    4.87667    5.51055    5.34939    5.69970    5.90204    5.84572    6.25637    6.05024    6.08386    6.20284    6.59206    6.67013    6.81718    6.83251    7.08150    7.34807    7.60466    8.10398    7.89441    8.16962    8.16706    9.08255    9.37833    9.87212   10.34700   10.44501   11.35081   11.17270   11.10648    7.20394    1.95536    0.66629    0.25055    0.00000    0.00000    0.00000    0.00000 
    4.54659    4.68298    4.35544    4.66121    4.59947    4.87655    4.88346    4.95439    5.07495    4.76237    4.82994    4.87026    5.19513    5.13533    5.45040    5.36071    5.65409    5.50323    5.62634    5.88718    5.76190    5.69986    5.83829    6.21573    6.39861    6.52048    6.56826    6.79093    7.15387    7.46814    7.71107    7.85554    7.57983    8.09557    8.56981    8.83268    8.91590    9.52505   10.42844   10.74723   10.52241   11.14302   11.02551    9.10237    3.29063    1.23482    0.09402    0.00000    0.00000    0.00000    0.00000 
    4.47655    4.45883    4.55369    4.53589    4.39213    4.64815    4.75063    5.02824    4.99442    4.94307    4.85473    5.12943    4.91812    5.31308    5.19591    5.61768    5.65337    5.63810    5.63561    5.69207    6.10702    6.03062    6.25367    6.11775    6.26974    6.32671    6.50002    6.70393    6.73921    7.00655    7.21968    7.57594    7.53091    8.14165    8.20267    8.80894    9.11949    9.34415    9.21376    9.97495   10.41195   10.59710   11.12777   10.52568    5.60135    1.44733    0.67175    0.00000    0.00000    0.00000    0.00000 
    4.37980    4.63581    4.69154    4.68878    4.62616    4.79144    4.93720    5.18339    4.61315    4.94015    5.03771    5.11732    4.93412    5.22671    5.11829    5.37875    5.44401    5.90294    5.64619    5.66600    5.81534    5.89839    6.43202    6.37812    6.39293    6.45110    7.06512    6.81757    7.10834    7.23020    7.58433    7.64988    7.55019    8.49818    8.95305    8.97878    8.85137    9.54190   10.03444   10.22407   11.03165   10.69322   10.94223    8.82703    2.86041    0.89896    0.33172    0.00000    0.00000    0.00000    0.00000 
    4.37811    4.57820    4.30805    4.52478    4.55754    4.73115    4.72948    4.68179    5.02445    4.97389    4.80207    5.42058    5.21485    4.92027    5.51126    5.35637    5.28289    5.52173    5.76965    6.08047    5.95928    6.45168    6.09815    6.31161    6.28666    6.69713    6.28377    6.41256    6.78098    7.18942    7.30891    7.25399    8.03966    8.46937    8.44066    8.51658    8.54272    9.75908   10.15792   10.18329   10.58004   10.91566   11.18351    9.91101    4.27120    1.08118    0.54639    0.00000    0.00000    0.00000    0.00000 
    4.09908    4.49819    4.32986    4.60794    4.40999    4.54735    4.58951    4.69673    4.82725    5.10773    5.22400    5.12472    5.27528    5.34020    5.21968    5.31848    5.40883    5.55962    5.67673    5.70306    5.98527    6.03389    6.39266    6.30696    6.31712    6.45434    6.59632    6.62600    6.63897    7.11134    7.23990    7.89324    7.73041    8.25111    8.46627    8.72426    9.21062    9.22842    9.74796   10.62943   10.84248   10.89495   11.10660    9.93030    4.41307    1.15499    0.50889    0.00000    0.00000    0.00000    0.00000 
    4.39297    4.37062    4.26409    4.82562    4.70821    4.77942    4.70427    4.73606    4.97895    5.10624    5.04776    5.21472    5.12003    5.08165    5.01183    5.13963    5.38294    5.65060    5.80948    5.68913    5.88351    6.06723    6.46979    6.29835    6.28949    6.40502    6.69097    6.84233    6.50746    7.23237    7.31080    7.46873    7.48656    7.61850    8.21861    8.57430    9.18277    9.40656    9.92597   10.33639    9.77807   11.03698   10.60521   10.47604    5.72270    1.45558    0.69551    0.00000    0.00000    0.00000    0.00000 
    4.57564    4.74322    4.66371    4.77333    4.65981    4.89616    4.70917    5.01754    4.89262    4.82382    4.87284    4.78536    5.26939    5.38216    5.31506    5.74006    5.62481    5.49926    5.76935    6.05944    5.69542    6.11311    6.17092    6.65319    6.69521    6.57203    6.81123    7.13678    6.95659    7.44771    7.38760    7.29652    7.92781    8.05971    8.49226    8.64248    9.18334    9.30587    9.95046   10.97852   11.01128   10.68965   10.77633    8.37706    2.51943    0.77631    0.30041    0.00000    0.00000    0.00000    0.00000 
    4.67436    4.63554    4.86109    4.67185    4.77146    4.67683    5.03589    4.97803    5.07291    5.11711    5.34458    4.76181    5.04711    5.43903    5.22537    5.30990    5.84832    5.85772    5.73812    5.68201    6.29478    6.25732    6.12399    6.29127    6.41307    6.63043    6.64399    6.73564    6.94055    7.17512    7.52278    7.88546    8.27277    8.40391    8.58671    9.04424    9.46948   10.01698   10.37385   10.72242   10.65903   10.96262   10.43455    6.71887    1.79860    0.84190    0.03061    0.00000    0.00000    0.00000    0.00000 
    4.70775    4.72322    5.00003    4.86836    5.02694    4.98681    4.83973    4.85443    4.88934    5.02368    4.96420    5.03895    5.30791    5.00484    4.79646    5.30836    5.32732    5.67839    5.82733    5.72858    5.83626    6.13093    6.11865    6.14401    6.43536    6.49287    6.62365    6.65322    6.90284    7.19867    7.61744    7.74764    7.83155    7.78722    7.88686    8.88898    9.24998    9.60333   10.10923   10.39580   10.76947   10.46948   11.01329    9.46976    3.39075    0.92184    0.40830    0.00000    0.00000    0.00000    0.00000 
    4.65173    4.55200    4.86997    4.44629    4.95884    4.66107    4.92932    4.78640    4.95550    4.92995    5.17747    5.07116    5.24324    5.15823    5.34449    5.33354    5.72100    5.83065    6.06001    5.75556    5.77659    5.84080    5.99323    6.34721    6.31366    6.43705    6.59556    6.64964    6.88812    7.22752    7.64971    7.50457    7.89917    7.84953    8.28360    8.33263    9.43394    9.83610   10.20983   10.38823   10.60001   10.53272   10.79849    9.48773    3.35823    0.92836    0.40132    0.00000    0.00000    0.00000    0.00000 
    4.63777    4.56089    4.50809    4.64551    4.68363    4.55025    4.68204    4.71133    4.85492    5.17016    5.38195    5.21341    5.06812    5.07432    5.25388    5.37474    5.70916    5.61917    5.83562    5.68199    6.03177    6.17910    6.41123    6.39302    6.30211    6.67371    6.85088    6.99244    6.76882    7.32434    7.27349    7.76580    8.01061    8.01050    8.31013    8.99882    9.14967    9.76156   10.15862   10.50239   10.72492   10.73845   11.10636    8.61430    2.61379    0.78048    0.33576    0.00000    0.00000    0.00000    0.00000 
    4.43953    4.78039    4.74030    4.87359    4.66847    4.62788    4.90797    5.13709    4.83236    4.89511    4.89082    4.95966    5.26492    5.17562    5.54654    5.64519    5.38689    5.52317    5.63216    5.71488    6.07290    5.87337    6.20947    6.26002    6.28815    6.77224    6.96264    6.63010    6.66245    7.29475    7.57838    7.62172    7.87684    8.14350    8.27489    8.82141    9.07805    9.45495    9.86836   10.33180   10.39211   11.14034   11.39283    9.01099    3.11139    0.83437    0.39943    0.00000    0.00000    0.00000    0.00000 
    4.50909    4.33080    4.46940    4.70405    4.64862    4.44953    4.75568    4.76062    4.78322    5.04430    5.13906    4.81734    5.19956    5.40906    5.39229    5.30417    5.63076    5.26344    5.66435    5.78770    5.89629    5.98240    6.19881    6.25939    6.35332    6.40489    6.77660    6.92546    7.13099    7.25510    7.30824    7.73953    7.75454    7.62603    8.30722    8.85138    9.02420    9.03049    9.50963   10.52011   10.66879   10.68601   11.16933   10.07494    4.66455    1.25839    0.56034    0.00000    0.00000    0.00000    0.00000 
    4.35699    4.69712    4.79316    4.57632    4.69316    4.78601    5.01134    4.87459    5.00602    5.04884    4.96390    5.41601    5.05026    5.15453    5.17358    5.27747    5.89077    5.59230    5.69259    5.59913    6.05192    6.00060    6.36814    5.91578    6.17697    6.51928    6.97622    7.08953    7.17530    6.99621    7.30051    7.75263    7.96754    8.06747    8.54638    8.68039    9.31996    9.37929   10.12512   10.69178   10.64571   10.85608   10.85656    8.77787    2.91440    0.85627    0.33802    0.00000    0.00000    0.00000    0.00000 
    4.50793    4.45713    4.56628    4.59274    4.69513    4.86022    4.75348    4.85302    4.84190    5.06993    5.43816    4.95198    5.14339    5.48131    5.36071    5.53515    5.49426    5.59877    5.61062    6.19445    6.25129    6.14338    6.31626    6.25554    6.32352    6.56584    6.74808    7.00656    7.34331    7.28966    7.78955    7.22720    7.96022    8.38886    8.72752    8.38821    9.26186    9.86197   10.07328   10.82164   10.45985   11.06508   10.99016    7.61327    3.10162    0.01973    0.00000    0.00000    0.00000    0.00000    0.00000 
    4.16313    4.86301    4.47887    4.90236    4.56647    4.73674    4.97855    4.85063    4.51083    5.03040    4.93878    5.08525    5.25467    5.21148    5.27115    5.57915    5.51601    5.59544    5.81954    5.97422    5.93423    6.35756    5.86832    6.30383    6.23572    6.56793    6.53067    7.06111    6.67701    7.27549    7.74526    7.34178    7.81292    8.06610    8.53086    8.88247    9.26220    9.77149    9.78566   10.28828   10.77650   10.99021   11.20634    9.05797    3.07211    0.85128    0.42002    0.00000    0.00000    0.00000    0.00000 
    4.25660    4.59861    4.59297    4.78152    4.76063    4.76415    4.94413    4.76228    4.70016    5.23906    5.14638    4.77193    5.07369    5.13271    5.12851    5.25477    5.70355    5.79971    5.60686    5.94021    5.95927    6.11379    5.84138    6.39482    6.22168    6.54177    6.69342    6.93195    7.15738    7.28581    7.64061    7.83330    7.89613    7.88716    7.95286    8.83285    8.89934    9.66921   10.10020   10.21162   10.72515   10.88538   11.22438    9.27043    3.49053    0.91575    0.46540    0.00000    0.00000    0.00000    0.00000 
    4.49385    4.57271    4.67199    4.54283    4.90338    4.99854    4.90164    4.69081    5.27980    5.43514    4.96991    4.95650    5.09232    5.29813    5.38554    5.48678    5.52642    5.29197    6.05810    5.92203    5.85434    6.35822    6.23878    6.25757    6.47072    6.78248    6.51095    6.42917    7.12457    7.54579    7.25074    7.37130    7.91314    8.05564    8.55608    8.66337    9.27142    9.44184    9.74180   10.74026   10.50566   11.08592   11.32865    8.38816    2.53730    0.78118    0.31654    0.00000    0.00000    0.00000    0.00000 
    4.55572    4.46026    4.73243    4.50526    4.79532    5.13956    4.79703    4.94595    5.24637    4.88332    5.02731    4.91879    5.45363    5.40632    4.98078    5.33161    5.65055    5.67977    5.92093    6.33353    5.55493    5.74508    6.02863    6.27007    6.67520    6.51613    6.34093    6.61606    6.90118    7.46012    7.66352    7.64716    8.09730    8.08937    8.74350    8.66274    8.94253    9.93754    9.79078   10.52170   10.41040   11.26046   10.76366    8.69465    2.74381    0.79020    0.36790    0.00000    0.00000    0.00000    0.00000 
    4.80643    4.61220    4.48445    4.76299    4.75766    4.81193    4.93418    4.93049    4.84708    5.11197    4.93209    4.93899    4.96109    5.31203    5.50713    5.49608    5.58466    5.53540    5.88317    5.53545    5.94753    5.89657    6.01542    6.22826    6.79280    6.48203    6.69121    7.09526    7.07749    7.56159    7.28169    7.85099    8.13732    8.10404    8.51047    8.79545    9.19872    9.58951   10.29050   10.54560   10.58143   10.97877   10.85128    8.21946    2.50481    1.02631    0.00000    0.00000    0.00000    0.00000    0.00000 
    4.65830    4.81056    4.40000    4.74839    4.68234    4.82803    4.70639    4.92482    4.69459    5.12143    4.94044    5.18640    5.04153    5.37992    5.46483    5.16925    5.52010    5.52949    6.01014    5.82098    5.87044    6.11299    5.98048    6.13631    6.25117    6.36052    6.39739    6.82462    6.80667    6.78349    7.34019    8.01846    7.73032    8.30627    8.30318    8.65379    9.08905    9.57677   10.06919   10.46994   10.44443   10.69281   10.83008    9.92392    3.87123    1.03968    0.47871    0.00000    0.00000    0.00000    0.00000 
    4.49093    4.55852    4.46803    4.46636    4.59587    4.75935    5.09534    4.63784    4.97536    5.03088    4.73482    5.00681    5.22258    5.14411    5.47223    5.41654    5.44547    5.42842    6.06705    5.72577    5.93281    5.99533    6.28880    6.27177    6.55205    6.45900    6.61924    6.84525    7.13026    7.38443    7.34308    6.96771    7.82040    7.83782    8.40414    8.35681    9.35168    9.60390    9.96986    9.93494   10.23374   10.68147   10.90885   10.19194    4.47913    1.69333    0.00000    0.00000    0.00000    0.00000    0.00000 
    4.37614    4.36923    4.38456    4.41833    4.48459    4.89279    4.69638    4.78922    4.78410    5.12871    5.08241    5.18743    4.82960    5.09780    5.01669    5.24518    5.38495    5.51726    5.80971    5.65285    5.81241    6.17594    6.25644    5.89331    5.93440    6.68603    6.78925    6.48909    6.79416    7.01539    7.38229    7.72699    7.47809    8.26451    7.73106    8.54085    9.12291    9.43502    9.97067   10.08979    9.88903   11.06715   11.08248   12.74674    5.51595    0.96213    0.00000    0.00000    0.00000    0.00000    0.00000 
    4.38642    4.64775    4.52914    4.74443    4.78082    4.79680    4.89622    4.79993    4.92436    5.28057    5.08847    5.11892    5.02149    5.20881    5.19955    5.41811    5.60933    5.65726    5.86715    5.80285    5.72797    6.00457    6.15082    6.35356    6.65350    6.55309    6.71344    6.86963    7.32826    7.60617    7.45696    7.82535    7.78724    8.55502    8.83124    8.93447    9.09478    9.40051    9.82874   10.35300   10.65416   11.16908   10.99611    8.04686    2.33985    0.98726    0.00000    0.00000    0.00000    0.00000    0.00000 
    4.47763    4.37546    4.61749    4.71130    4.59126    4.87571    4.45591    4.74030    4.68584    4.84875    4.91678    5.02434    5.17136    5.10132    5.19474    5.53109    5.50086    5.61869    5.73907    5.47283    5.77117    6.02011    6.18764    6.24435    6.44233    6.56972    6.75352    6.85398    6.85147    7.32958    7.04971    7.33762    7.62079    7.99284    8.46353    8.60628    8.82293    9.37935    9.94722   10.12063   10.32614   10.67947   10.97365   10.50293    5.41118    1.46089    0.63024    0.00000    0.00000    0.00000    0.00000 
    4.35937    4.40511    4.39245    4.64324    4.50442    4.65086    4.71991    4.91574    4.83095    5.13774    5.09553    4.81927    5.38343    5.39884    5.31037    5.36043    5.79565    5.62193    5.60082    5.87742    5.69804    6.17951    6.28329    6.02800    6.57509    6.41948    6.73934    6.88076    7.10521    6.90114    7.44021    7.77775    7.37222    7.88999    8.55979    8.80131    8.82928    9.62811    9.82036   10.75881   10.75706   11.15847   11.16428    9.57265    3.45045    0.96295    0.42298    0.00000    0.00000    0.00000    0.00000 
    4.94653    4.82807    4.71381    4.55667    4.74487    4.85047    4.75124    4.75157    4.96493    4.97459    5.06021    5.07914    5.21853    5.06843    5.40255    5.09587    5.68510    5.37930    5.69596    5.88384    5.85061    5.95013    5.89469    6.33880    6.41251    6.79165    6.61624    7.02819    7.17796    7.10652    7.53125    7.33653    8.09003    8.25030    8.54827    8.90289    8.90605    9.57751   10.40188   10.55668   11.26184   10.89285   10.92563    8.43985    2.52033    1.03913    0.00000    0.00000    0.00000    0.00000    0.00000 
    4.47499    4.44336    4.62613    4.84359    4.63254    4.58889    4.68654    5.04802    4.81826    4.93375    5.10079    5.09340    5.26369    5.13174    5.28667    5.31173    5.41384    5.86650    5.99581    5.68614    5.88580    6.03989    6.40057    6.17981    6.45115    6.63636    6.74304    6.41097    6.91951    7.26953    7.21022    7.18597    7.79969    8.04046    8.30282    8.51946    9.38295    9.44225    9.86364   10.02163   10.13902   11.11207   11.33420    9.75771    4.10607    1.07205    0.52677    0.00000    0.00000    0.00000    0.00000 
    4.65239    4.39303    4.25347    4.78929    4.49919    4.75600    4.86011    5.02562    4.75236    4.75876    4.89286    5.03286    4.89749    5.13881    5.49855    5.54556    5.47914    5.61131    5.75513    5.84063    5.89646    5.93712    5.76791    6.49634    6.33124    6.55420    6.72203    6.49634    6.72386    7.09195    7.26075    7.59893    8.11563    7.83966    8.54929    8.62366    8.73035    9.20663    9.55916   10.41488   10.24830   10.85095   10.84641   10.48666    5.26284    1.30651    0.64940    0.00000    0.00000    0.00000    0.00000 
    4.34494    4.41926    4.40141    4.65708    4.74989    4.80556    4.84079    5.00960    4.73652    5.20924    5.20520    5.14247    5.45735    5.17026    5.50619    5.44072    5.64367    5.40482    5.60739    5.90091    6.01478    6.36869    6.51933    6.10026    6.50945    6.62348    6.46139    6.52041    7.56486    7.31958    7.45468    7.80573    7.83392    8.33734    8.37271    8.66779    9.09913    9.24925   10.27667   10.24564   10.56828   11.06031   11.08935    8.44909    2.72284    0.74968    0.36211    0.00000    0.00000    0.00000    0.00000 
    4.48966    4.43371    4.44579    4.75238    4.81686    4.61961    4.84125    4.90072    4.90126    5.04104    4.90975    5.42812    5.27532    5.48004    5.26063    5.55658    5.90049    5.71785    5.77329    5.82227    5.83883    6.06268    6.03899    6.41216    6.24201    6.54588    6.42409    6.92051    7.12869    7.44048    7.26784    7.57345    7.80166    8.34434    8.67665    8.74182    8.89478    9.59854   10.61645   10.20799   10.95984   10.63420   11.24948    8.38722    2.54358    0.73707    0.34417    0.00000    0.00000    0.00000    0.00000 
    4.28266    4.73584    4.72794    4.70763    4.53022    4.88486    4.66305    4.76411    4.81922    4.77944    4.61364    5.19454    5.47934    5.22751    5.58251    5.20124    5.71083    5.55031    5.69285    5.83141    5.75352    5.75015    6.08422    6.04975    6.57487    7.09056    6.70396    6.47949    7.19429    7.21824    7.28601    7.71956    7.95559    7.96941    7.93762    8.50817    8.73331    9.49605   10.02731   10.07442   10.41374   11.22831   11.18244    9.74947    4.20709    1.10356    0.52973    0.00000    0.00000    0.00000    0.00000 
    4.58468    4.71261    4.56519    4.68461    4.54570    4.77162    4.91346    5.04881    4.93701    4.85572    5.07973    4.89070    5.03926    5.28547    5.24887    5.36902    5.57334    5.65052    5.73942    6.02785    5.87607    6.04037    6.21978    6.24378    6.28213    6.55692    6.65246    6.85365    7.06552    7.45293    7.10034    7.57101    7.59989    7.89188    8.22521    8.52577    9.21849    9.44289    9.42006   10.06112   10.52557   11.05956   11.25609    9.99418    3.85100    1.48974    0.00000    0.00000    0.00000    0.00000    0.00000 
    4.37647    4.54592    4.45588    4.78769    4.89559    4.66507    4.62989    4.71609    4.98981    4.96498    4.86173    5.07831    5.19503    5.23999    5.52354    5.64121    5.39849    5.61641    5.81110    5.74494    5.81187    6.14246    6.13791    6.49680    6.60759    6.59227    6.48735    6.51078    7.11180    7.07279    6.81252    7.92404    7.54870    8.24965    8.10609    8.36337    8.75674    8.96422    9.75850   10.43373   10.12823   10.77928   11.49243   10.21917    4.60294    1.59629    0.15431    0.00000    0.00000    0.00000    0.00000 
    4.28742    4.67773    4.61778    4.56018    4.37827    4.82894    4.84125    4.72232    4.89573    5.02256    5.34460    5.11988    5.15265    5.21183    5.29034    5.47241    5.76181    5.14941    5.53627    5.88795    5.96910    5.93731    6.18490    6.27464    6.53329    6.51859    6.78166    7.02604    6.80413    7.41063    7.06894    7.54241    7.56455    8.52624    8.26471    8.77947    9.11721    9.26750   10.11562   10.18457   10.81605   11.11859   11.04745    9.53848    3.45330    1.00487    0.39036    0.00000    0.00000    0.00000    0.00000 
    4.42598    4.97299    4.46924    4.77844    4.97718    4.95353    5.02810    5.08476    5.17249    5.15230    4.91066    4.94462    5.24358    5.36854    5.42634    5.47539    5.87454    5.40651    5.43021    5.79446    6.07080    6.21825    6.29467    6.20282    6.65039    6.75948    6.92999    6.80624    6.95798    7.31369    8.05129    7.70320    8.14580    8.07172    8.88649    8.80862    9.61616    9.97812    9.87497   10.95725   10.56016   10.88573   10.81088    6.16624    1.58978    0.73929    0.06017    0.00000    0.00000    0.00000    0.00000 
    4.39049    4.77807    4.46557    4.57768    4.44160    4.76078    4.94846    4.70225    4.88778    5.02392    5.04318    5.09460    5.22402    4.99583    5.28096    5.24045    5.82364    5.69220    5.38637    5.80904    5.87750    6.04520    6.33812    6.39880    6.23475    6.55968    6.68714    6.63379    6.56317    6.81449    7.23622    7.20459    8.00884    8.06569    8.10334    8.44879    9.06645    9.43439    9.59408   10.12104   11.22434   10.92683   10.59081   10.46618    4.89475    1.29209    0.60206    0.00000    0.00000    0.00000    0.00000 
    4.36801    4.62754    4.60109    4.74463    4.94949    4.80561    4.99825    4.78259    4.94729    4.87305    5.12263    4.91677    5.02998    5.29128    5.26924    5.47528    5.47642    5.32815    5.67494    5.64019    6.12193    5.67805    6.15987    5.68773    6.37547    6.45965    6.79391    6.92485    7.16192    6.99691    7.47293    7.55319    7.98191    8.00382    7.92122    8.62296    8.81354    9.31528    9.89223   10.11834   10.51909   10.07392   11.08233   10.15843    5.23105    1.42624    0.53081    0.00000    0.00000    0.00000    0.00000 
