    0.08952    0.09050    0.11548    0.13323    0.11067    0.10165    0.12978    0.11745    0.15768    0.12181    0.12561    0.13610    0.15614    0.14694    0.14639    0.12635    0.15318    0.15641    0.18799    0.19932    0.20522    0.22287    0.23573    0.25915    0.31415    0.37672    0.60739    0.07657    0.00000    0.00000    0.00000    0.00000    0.00000    0.00000    0.00000    0.00000    0.00000    0.00000    0.00000    0.00000    0.00000    0.00000    0.00000    0.00000    0.00000    0.00000    0.00000    0.00000    0.00000    0.00000    0.00000 
    0.09997    0.11667    0.10982    0.11251    0.10882    0.13435    0.11983    0.12321    0.11119    0.12159    0.14540    0.13834    0.14074    0.13126    0.17403    0.16035    0.17456    0.17465    0.16762    0.19457    0.18795    0.18591    0.21908    0.22723    0.30634    0.36053    0.55106    0.20242    0.00000    0.00000    0.00000    0.00000    0.00000    0.00000    0.00000    0.00000    0.00000    0.00000    0.00000    0.00000    0.00000    0.00000    0.00000    0.00000    0.00000    0.00000    0.00000    0.00000    0.00000    0.00000    0.00000 
    0.12502    0.13133    0.09636    0.13096    0.12533    0.12676    0.13008    0.12594    0.12360    0.14306    0.13663    0.15212    0.14451    0.17017    0.17717    0.16962    0.18371    0.18759    0.21217    0.21752    0.21886    0.25884    0.26613    0.31366    0.42412    0.50873    0.00000    0.00000    0.00000    0.00000    0.00000    0.00000    0.00000    0.00000    0.00000    0.00000    0.00000    0.00000    0.00000    0.00000    0.00000    0.00000    0.00000    0.00000    0.00000    0.00000    0.00000    0.00000    0.00000    0.00000    0.00000 
    0.11317    0.09896    0.11893    0.12405    0.11429    0.14540    0.13446    0.12108    0.12267    0.13428    0.13609    0.14454    0.15567    0.14855    0.16050    0.15814    0.14304    0.17983    0.19668    0.20113    0.21110    0.24853    0.24512    0.26134    0.30558    0.47590    0.40095    0.00000    0.00000    0.00000    0.00000    0.00000    0.00000    0.00000    0.00000    0.00000    0.00000    0.00000    0.00000    0.00000    0.00000    0.00000    0.00000    0.00000    0.00000    0.00000    0.00000    0.00000    0.00000    0.00000    0.00000 
    0.11928    0.09696    0.10012    0.10756    0.12110    0.09966    0.13038    0.14756    0.09958    0.11112    0.14476    0.13594    0.13388    0.13302    0.15525    0.16184    0.18579    0.16573    0.17763    0.17940    0.19587    0.21935    0.23816    0.26855    0.31951    0.36998    0.61318    0.06884    0.00000    0.00000    0.00000    0.00000    0.00000    0.00000    0.00000    0.00000    0.00000    0.00000    0.00000    0.00000    0.00000    0.00000    0.00000    0.00000    0.00000    0.00000    0.00000    0.00000    0.00000    0.00000    0.00000 
    0.12047    0.13034    0.10113    0.10749    0.11043    0.12749    0.12858    0.12254    0.11998    0.13838    0.12941    0.16806    0.14646    0.14091    0.13372    0.17391    0.18624    0.18819    0.18756    0.18096    0.19863    0.24234    0.26098    0.29016    0.34263    0.50992    0.31312    0.00000    0.00000    0.00000    0.00000    0.00000    0.00000    0.00000    0.00000    0.00000    0.00000    0.00000    0.00000    0.00000    0.00000    0.00000    0.00000    0.00000    0.00000    0.00000    0.00000    0.00000    0.00000    0.00000    0.00000 
    0.10225    0.09339    0.12162    0.11916    0.10178    0.12075    0.13365    0.12392    0.11610    0.12698    0.13415    0.13411    0.13760    0.17079    0.15837    0.14258    0.16998    0.17371    0.18774    0.18086    0.19132    0.22629    0.25530    0.28929    0.30056    0.39708    0.59066    0.00000    0.00000    0.00000    0.00000    0.00000    0.00000    0.00000    0.00000    0.00000    0.00000    0.00000    0.00000    0.00000    0.00000    0.00000    0.00000    0.00000    0.00000    0.00000    0.00000    0.00000    0.00000    0.00000    0.00000 
    0.11506    0.11486    0.11511    0.10576    0.11968    0.10619    0.12536    0.10217    0.10932    0.13581    0.12344    0.14524    0.12127    0.14584    0.15215    0.15474    0.16755    0.17471    0.17214    0.18401    0.19767    0.21172    0.24141    0.26204    0.30043    0.37033    0.58880    0.13720    0.00000    0.00000    0.00000    0.00000    0.00000    0.00000    0.00000    0.00000    0.00000    0.00000    0.00000    0.00000    0.00000    0.00000    0.00000    0.00000    0.00000    0.00000    0.00000    0.00000    0.00000    0.00000    0.00000 
    0.10243    0.09871    0.10777    0.12343    0.12997    0.11791    0.12741    0.10687    0.12054    0.12882    0.13840    0.14570    0.15128    0.14723    0.14420    0.14493    0.15622    0.17262    0.16808    0.20495    0.19735    0.22792    0.26370    0.28803    0.34397    0.41908    0.52248    0.00000    0.00000    0.00000    0.00000    0.00000    0.00000    0.00000    0.00000    0.00000    0.00000    0.00000    0.00000    0.00000    0.00000    0.00000    0.00000    0.00000    0.00000    0.00000    0.00000    0.00000    0.00000    0.00000    0.00000 
    0.12129    0.11085    0.11133    0.11887    0.12944    0.10857    0.11865    0.13443    0.12575    0.12508    0.13570    0.12844    0.14988    0.16027    0.17392    0.14983    0.16979    0.18369    0.15760    0.17973    0.20685    0.20702    0.26820    0.28073    0.30694    0.42769    0.50946    0.00000    0.00000    0.00000    0.00000    0.00000    0.00000    0.00000    0.00000    0.00000    0.00000    0.00000    0.00000    0.00000    0.00000    0.00000    0.00000    0.00000    0.00000    0.00000    0.00000    0.00000    0.00000    0.00000    0.00000 
    0.12316    0.10355    0.09721    0.12614    0.11517    0.12554    0.09742    0.12880    0.12958    0.11942    0.14362    0.14477    0.15039    0.16298    0.15275    0.19558    0.17014    0.18032    0.19809    0.19205    0.20304    0.24003    0.26764    0.30512    0.34842    0.56025    0.21884    0.00000    0.00000    0.00000    0.00000    0.00000    0.00000    0.00000    0.00000    0.00000    0.00000    0.00000    0.00000    0.00000    0.00000    0.00000    0.00000    0.00000    0.00000    0.00000    0.00000    0.00000    0.00000    0.00000    0.00000 
    0.10811    0.10175    0.09610    0.11967    0.12814    0.12378    0.12867    0.13199    0.13777    0.14110    0.14740    0.13502    0.13922    0.14566    0.16672    0.13683    0.15142    0.15322    0.17973    0.19290    0.20241    0.22057    0.24503    0.26260    0.31314    0.41633    0.57475    0.00000    0.00000    0.00000    0.00000    0.00000    0.00000    0.00000    0.00000    0.00000    0.00000    0.00000    0.00000    0.00000    0.00000    0.00000    0.00000    0.00000    0.00000    0.00000    0.00000    0.00000    0.00000    0.00000    0.00000 
    0.09820    0.10641    0.11024    0.12210    0.13113    0.12336    0.12175    0.12369    0.12832    0.13678    0.15039    0.13975    0.15349    0.14040    0.16023    0.14136    0.16861    0.17009    0.19104    0.18832    0.19936    0.23577    0.24281    0.28180    0.32433    0.42084    0.48944    0.00000    0.00000    0.00000    0.00000    0.00000    0.00000    0.00000    0.00000    0.00000    0.00000    0.00000    0.00000    0.00000    0.00000    0.00000    0.00000    0.00000    0.00000    0.00000    0.00000    0.00000    0.00000    0.00000    0.00000 
    0.11142    0.10697    0.12917    0.11253    0.11996    0.13367    0.12479    0.10444    0.13347    0.13677    0.12804    0.14640    0.15748    0.15413    0.17141    0.16054    0.16346    0.17371    0.19044    0.20976    0.20955    0.23122    0.26200    0.27955    0.32583    0.51142    0.31186    0.00000    0.00000    0.00000    0.00000    0.00000    0.00000    0.00000    0.00000    0.00000    0.00000    0.00000    0.00000    0.00000    0.00000    0.00000    0.00000    0.00000    0.00000    0.00000    0.00000    0.00000    0.00000    0.00000    0.00000 
    0.12287    0.09758    0.10011    0.12315    0.09199    0.11393    0.11516    0.12168    0.13070    0.13693    0.12785    0.13683    0.13800    0.15274    0.15512    0.16517    0.15313    0.15614    0.16939    0.17014    0.17393    0.22636    0.24570    0.24315    0.30966    0.35441    0.53831    0.22986    0.00000    0.00000    0.00000    0.00000    0.00000    0.00000    0.00000    0.00000    0.00000    0.00000    0.00000    0.00000    0.00000    0.00000    0.00000    0.00000    0.00000    0.00000    0.00000    0.00000    0.00000    0.00000    0.00000 
    0.10688    0.10716    0.12875    0.10497    0.10819    0.12504    0.12431    0.12419    0.11105    0.13748    0.14528    0.12349    0.15167    0.16501    0.14479    0.16221    0.16352    0.19185    0.18029    0.18934    0.20773    0.21108    0.23400    0.27713    0.32194    0.42517    0.52749    0.00000    0.00000    0.00000    0.00000    0.00000    0.00000    0.00000    0.00000    0.00000    0.00000    0.00000    0.00000    0.00000    0.00000    0.00000    0.00000    0.00000    0.00000    0.00000    0.00000    0.00000    0.00000    0.00000    0.00000 
    0.13863    0.12715    0.11378    0.12962    0.12691    0.12511    0.13554    0.13905    0.14346    0.15452    0.12578    0.14766    0.14659    0.15019    0.15925    0.16917    0.17167    0.18137    0.19865    0.19939    0.22548    0.25237    0.29934    0.31408    0.39109    0.53417    0.00000    0.00000    0.00000    0.00000    0.00000    0.00000    0.00000    0.00000    0.00000    0.00000    0.00000    0.00000    0.00000    0.00000    0.00000    0.00000    0.00000    0.00000    0.00000    0.00000    0.00000    0.00000    0.00000    0.00000    0.00000 
    0.10901    0.12127    0.11893    0.10324    0.12822    0.12729    0.11883    0.13546    0.14724    0.13275    0.15220    0.14098    0.15476    0.15477    0.14731    0.16683    0.17637    0.18562    0.18350    0.21150    0.22705    0.21926    0.25446    0.28878    0.38870    0.59776    0.10792    0.00000    0.00000    0.00000    0.00000    0.00000    0.00000    0.00000    0.00000    0.00000    0.00000    0.00000    0.00000    0.00000    0.00000    0.00000    0.00000    0.00000    0.00000    0.00000    0.00000    0.00000    0.00000    0.00000    0.00000 
    0.11812    0.12625    0.10816    0.10473    0.12846    0.13388    0.13187    0.13264    0.12600    0.14091    0.12249    0.13614    0.15177    0.13584    0.15155    0.16017    0.18819    0.17263    0.20193    0.20768    0.21290    0.25607    0.26638    0.28449    0.36415    0.57617    0.16047    0.00000    0.00000    0.00000    0.00000    0.00000    0.00000    0.00000    0.00000    0.00000    0.00000    0.00000    0.00000    0.00000    0.00000    0.00000    0.00000    0.00000    0.00000    0.00000    0.00000    0.00000    0.00000    0.00000    0.00000 
    0.10531    0.10140    0.11488    0.10191    0.09960    0.12091    0.11211    0.11489    0.14037    0.12238    0.15500    0.14533    0.14423    0.14283    0.15681    0.17522    0.17520    0.15841    0.19303    0.18181    0.19451    0.23195    0.23874    0.27128    0.34245    0.40404    0.55541    0.00000    0.00000    0.00000    0.00000    0.00000    0.00000    0.00000    0.00000    0.00000    0.00000    0.00000    0.00000    0.00000    0.00000    0.00000    0.00000    0.00000    0.00000    0.00000    0.00000    0.00000    0.00000    0.00000    0.00000 
    0.08946    0.11146    0.10760    0.10932    0.11173    0.11873    0.11735    0.13273    0.13836    0.13443    0.13896    0.14450    0.15348    0.12992    0.16102    0.15910    0.18569    0.18986    0.19594    0.20390    0.22853    0.23279    0.27429    0.28088    0.34430    0.50500    0.30068    0.00000    0.00000    0.00000    0.00000    0.00000    0.00000    0.00000    0.00000    0.00000    0.00000    0.00000    0.00000    0.00000    0.00000    0.00000    0.00000    0.00000    0.00000    0.00000    0.00000    0.00000    0.00000    0.00000    0.00000 
    0.10732    0.11308    0.12853    0.10568    0.08919    0.10523    0.12832    0.11785    0.12666    0.13047    0.11852    0.12685    0.15792    0.12737    0.14302    0.15324    0.16675    0.14790    0.18104    0.18570    0.20583    0.22630    0.23863    0.26087    0.32033    0.34872    0.55813    0.18057    0.00000    0.00000    0.00000    0.00000    0.00000    0.00000    0.00000    0.00000    0.00000    0.00000    0.00000    0.00000    0.00000    0.00000    0.00000    0.00000    0.00000    0.00000    0.00000    0.00000    0.00000    0.00000    0.00000 
    0.10848    0.10038    0.10698    0.10809    0.10347    0.10565    0.14641    0.12807    0.12415    0.13722    0.12967    0.15831    0.12868    0.15696    0.15047    0.15357    0.18610    0.16533    0.19259    0.20489    0.19467    0.23461    0.26498    0.28003    0.30096    0.40283    0.52645    0.00000    0.00000    0.00000    0.00000    0.00000    0.00000    0.00000    0.00000    0.00000    0.00000    0.00000    0.00000    0.00000    0.00000    0.00000    0.00000    0.00000    0.00000    0.00000    0.00000    0.00000    0.00000    0.00000    0.00000 
    0.10686    0.11549    0.11021    0.11477    0.12308    0.10472    0.11820    0.11037    0.14084    0.14111    0.13447    0.12138    0.13968    0.14423    0.15082    0.15338    0.17745    0.14399    0.16641    0.20873    0.23047    0.23614    0.24877    0.28766    0.33350    0.42356    0.51371    0.00000    0.00000    0.00000    0.00000    0.00000    0.00000    0.00000    0.00000    0.00000    0.00000    0.00000    0.00000    0.00000    0.00000    0.00000    0.00000    0.00000    0.00000    0.00000    0.00000    0.00000    0.00000    0.00000    0.00000 
    0.10610    0.11467    0.12424    0.11887    0.11367    0.12457    0.13492    0.12206    0.13158    0.12059    0.13167    0.13088    0.15766    0.14079    0.15539    0.17666    0.19244    0.16825    0.18696    0.20049    0.23824    0.24607    0.28926    0.29765    0.36329    0.58540    0.12762    0.00000    0.00000    0.00000    0.00000    0.00000    0.00000    0.00000    0.00000    0.00000    0.00000    0.00000    0.00000    0.00000    0.00000    0.00000    0.00000    0.00000    0.00000    0.00000    0.00000    0.00000    0.00000    0.00000    0.00000 
    0.08859    0.11645    0.10902    0.11370    0.11112    0.12954    0.12209    0.10082    0.13490    0.13009    0.13128    0.15105    0.12866    0.13046    0.14744    0.15492    0.15744    0.17726    0.15843    0.18251    0.19604    0.20732    0.22224    0.26207    0.29972    0.35462    0.54837    0.23385    0.00000    0.00000    0.00000    0.00000    0.00000    0.00000    0.00000    0.00000    0.00000    0.00000    0.00000    0.00000    0.00000    0.00000    0.00000    0.00000    0.00000    0.00000    0.00000    0.00000    0.00000    0.00000    0.00000 
    0.11557    0.12196    0.13325    0.09367    0.13287    0.11446    0.12204    0.11152    0.14456    0.13648    0.16510    0.16350    0.13771    0.16697    0.16863    0.18109    0.16892    0.20923    0.18268    0.20935    0.23407    0.23689    0.30062    0.32673    0.41943    0.50270    0.00000    0.00000    0.00000    0.00000    0.00000    0.00000    0.00000    0.00000    0.00000    0.00000    0.00000    0.00000    0.00000    0.00000    0.00000    0.00000    0.00000    0.00000    0.00000    0.00000    0.00000    0.00000    0.00000    0.00000    0.00000 
    0.12062    0.10970    0.10596    0.10345    0.10151    0.13882    0.12011    0.11753    0.12233    0.13226    0.13516    0.14514    0.12835    0.14639    0.16573    0.17572    0.15551    0.18990    0.18621    0.20633    0.23212    0.23137    0.23492    0.26957    0.32895    0.44011    0.45623    0.00000    0.00000    0.00000    0.00000    0.00000    0.00000    0.00000    0.00000    0.00000    0.00000    0.00000    0.00000    0.00000    0.00000    0.00000    0.00000    0.00000    0.00000    0.00000    0.00000    0.00000    0.00000    0.00000    0.00000 
    0.10105    0.10266    0.11805    0.12517    0.11653    0.12379    0.11067    0.12554    0.12242    0.13607    0.13685    0.14578    0.11451    0.13050    0.14897    0.14737    0.15944    0.18569    0.16719    0.19575    0.19045    0.23011    0.25257    0.25035    0.29465    0.37326    0.59632    0.09828    0.00000    0.00000    0.00000    0.00000    0.00000    0.00000    0.00000    0.00000    0.00000    0.00000    0.00000    0.00000    0.00000    0.00000    0.00000    0.00000    0.00000    0.00000    0.00000    0.00000    0.00000    0.00000    0.00000 
    0.09950    0.12420    0.10410    0.09274    0.10731    0.10887    0.11380    0.13394    0.12756    0.12626    0.15178    0.13183    0.14823    0.14344    0.16653    0.15538    0.15966    0.16761    0.18710    0.18753    0.20154    0.24331    0.23982    0.27680    0.33124    0.40340    0.56651    0.00000    0.00000    0.00000    0.00000    0.00000    0.00000    0.00000    0.00000    0.00000    0.00000    0.00000    0.00000    0.00000    0.00000    0.00000    0.00000    0.00000    0.00000    0.00000    0.00000    0.00000    0.00000    0.00000    0.00000 
    0.11324    0.11346    0.11438    0.10527    0.12518    0.13363    0.10848    0.11113    0.13739    0.13317    0.12838    0.14278    0.13553    0.14930    0.15933    0.17024    0.16564    0.17432    0.18138    0.19885    0.21180    0.22100    0.24363    0.28696    0.32000    0.40787    0.50765    0.00000    0.00000    0.00000    0.00000    0.00000    0.00000    0.00000    0.00000    0.00000    0.00000    0.00000    0.00000    0.00000    0.00000    0.00000    0.00000    0.00000    0.00000    0.00000    0.00000    0.00000    0.00000    0.00000    0.00000 
    0.13205    0.10736    0.10796    0.10622    0.11076    0.11225    0.13511    0.11056    0.12787    0.11757    0.13278    0.13236    0.14558    0.17044    0.15955    0.16256    0.17767    0.18166    0.22330    0.20637    0.21058    0.24151    0.25231    0.28881    0.37015    0.49238    0.28428    0.00000    0.00000    0.00000    0.00000    0.00000    0.00000    0.00000    0.00000    0.00000    0.00000    0.00000    0.00000    0.00000    0.00000    0.00000    0.00000    0.00000    0.00000    0.00000    0.00000    0.00000    0.00000    0.00000    0.00000 
    0.10368    0.09270    0.11200    0.11988    0.11837    0.11741    0.11411    0.11875    0.14268    0.12709    0.12491    0.15097    0.13939    0.14679    0.17261    0.16343    0.17034    0.16236    0.17345    0.19091    0.21895    0.21918    0.26054    0.25458    0.31349    0.41102    0.56042    0.00000    0.00000    0.00000    0.00000    0.00000    0.00000    0.00000    0.00000    0.00000    0.00000    0.00000    0.00000    0.00000    0.00000    0.00000    0.00000    0.00000    0.00000    0.00000    0.00000    0.00000    0.00000    0.00000    0.00000 
    0.11244    0.10005    0.11702    0.10887    0.10381    0.10895    0.10071    0.11498    0.13216    0.14396    0.12851    0.15176    0.13774    0.15069    0.14993    0.15196    0.16911    0.17639    0.19735    0.20112    0.22355    0.20201    0.25269    0.26817    0.30795    0.41100    0.57711    0.00000    0.00000    0.00000    0.00000    0.00000    0.00000    0.00000    0.00000    0.00000    0.00000    0.00000    0.00000    0.00000    0.00000    0.00000    0.00000    0.00000    0.00000    0.00000    0.00000    0.00000    0.00000    0.00000    0.00000 
    0.10428    0.11893    0.12142    0.13842    0.12565    0.11482    0.11638    0.12172    0.12953    0.13108    0.13436    0.14350    0.13667    0.13206    0.15393    0.17773    0.18237    0.17201    0.19548    0.20004    0.23038    0.22122    0.27654    0.29721    0.36262    0.53040    0.23123    0.00000    0.00000    0.00000    0.00000    0.00000    0.00000    0.00000    0.00000    0.00000    0.00000    0.00000    0.00000    0.00000    0.00000    0.00000    0.00000    0.00000    0.00000    0.00000    0.00000    0.00000    0.00000    0.00000    0.00000 
    0.09678    0.09440    0.10400    0.11174    0.12280    0.10078    0.10167    0.13966    0.11950    0.10961    0.12964    0.12445    0.12445    0.12844    0.16417    0.15919    0.13891    0.16253    0.16595    0.16516    0.19445    0.19135    0.21320    0.21227    0.25201    0.27137    0.37727    0.58110    0.14318    0.00000    0.00000    0.00000    0.00000    0.00000    0.00000    0.00000    0.00000    0.00000    0.00000    0.00000    0.00000    0.00000    0.00000    0.00000    0.00000    0.00000    0.00000    0.00000    0.00000    0.00000    0.00000 
    0.09925    0.11384    0.11008    0.14905    0.11377    0.10788    0.12413    0.11533    0.15360    0.12196    0.13811    0.18365    0.13090    0.14580    0.14642    0.16300    0.17436    0.19446    0.18607    0.20611    0.21237    0.24199    0.27573    0.31288    0.37858    0.61526    0.08544    0.00000    0.00000    0.00000    0.00000    0.00000    0.00000    0.00000    0.00000    0.00000    0.00000    0.00000    0.00000    0.00000    0.00000    0.00000    0.00000    0.00000    0.00000    0.00000    0.00000    0.00000    0.00000    0.00000    0.00000 
    0.12190    0.13148    0.10290    0.12817    0.10273    0.13501    0.14095    0.11456    0.13930    0.11419    0.12972    0.14478    0.13743    0.14832    0.13467    0.16888    0.18143    0.16230    0.16876    0.18638    0.19833    0.20804    0.25046    0.26807    0.33895    0.39025    0.55206    0.00000    0.00000    0.00000    0.00000    0.00000    0.00000    0.00000    0.00000    0.00000    0.00000    0.00000    0.00000    0.00000    0.00000    0.00000    0.00000    0.00000    0.00000    0.00000    0.00000    0.00000    0.00000    0.00000    0.00000 
    0.11771    0.11495    0.13476    0.11720    0.09110    0.12892    0.12179    0.11585    0.13549    0.13067    0.11128    0.13476    0.13543    0.15825    0.14152    0.17959    0.17949    0.18110    0.20412    0.19483    0.21932    0.23868    0.26943    0.27430    0.35998    0.50055    0.30895    0.00000    0.00000    0.00000    0.00000    0.00000    0.00000    0.00000    0.00000    0.00000    0.00000    0.00000    0.00000    0.00000    0.00000    0.00000    0.00000    0.00000    0.00000    0.00000    0.00000    0.00000    0.00000    0.00000    0.00000 
    0.09593    0.11847    0.12005    0.12034    0.13650    0.10559    0.09777    0.12641    0.13831    0.12469    0.11081    0.14871    0.13846    0.14246    0.16398    0.15156    0.16660    0.17798    0.19159    0.19379    0.19580    0.22644    0.23968    0.27418    0.29644    0.40084    0.59663    0.00000    0.00000    0.00000    0.00000    0.00000    0.00000    0.00000    0.00000    0.00000    0.00000    0.00000    0.00000    0.00000    0.00000    0.00000    0.00000    0.00000    0.00000    0.00000    0.00000    0.00000    0.00000    0.00000    0.00000 
    0.10279    0.11062    0.12236    0.10864    0.12763    0.11325    0.11405    0.12213    0.12691    0.12951    0.12883    0.12416    0.14815    0.16409    0.14094    0.16512    0.18579    0.17756    0.21399    0.19272    0.21483    0.20889    0.25528    0.26922    0.32905    0.47106    0.43246    0.00000    0.00000    0.00000    0.00000    0.00000    0.00000    0.00000    0.00000    0.00000    0.00000    0.00000    0.00000    0.00000    0.00000    0.00000    0.00000    0.00000    0.00000    0.00000    0.00000    0.00000    0.00000    0.00000    0.00000 
    0.10306    0.11821    0.10846    0.10987    0.09652    0.10801    0.12917    0.11443    0.11641    0.14409    0.13848    0.13011    0.15309    0.13246    0.15165    0.16776    0.17917    0.17454    0.19061    0.19768    0.19800    0.21635    0.25096    0.26613    0.32873    0.40943    0.56661    0.00000    0.00000    0.00000    0.00000    0.00000    0.00000    0.00000    0.00000    0.00000    0.00000    0.00000    0.00000    0.00000    0.00000    0.00000    0.00000    0.00000    0.00000    0.00000    0.00000    0.00000    0.00000    0.00000    0.00000 
    0.09890    0.10636    0.12358    0.12815    0.12058    0.12572    0.12483    0.13090    0.12156    0.14180    0.16598    0.15900    0.12467    0.16526    0.16313    0.16121    0.16009    0.16775    0.18716    0.20134    0.21510    0.23051    0.24136    0.29501    0.37717    0.57867    0.18422    0.00000    0.00000    0.00000    0.00000    0.00000    0.00000    0.00000    0.00000    0.00000    0.00000    0.00000    0.00000    0.00000    0.00000    0.00000    0.00000    0.00000    0.00000    0.00000    0.00000    0.00000    0.00000    0.00000    0.00000 
    0.12017    0.10353    0.09769    0.11284    0.12405    0.13074    0.10446    0.12581    0.12636    0.13909    0.12164    0.14505    0.13978    0.13978    0.15460    0.16939    0.17465    0.16432    0.16636    0.19789    0.22523    0.21520    0.23036    0.28949    0.32513    0.39036    0.56604    0.00000    0.00000    0.00000    0.00000    0.00000    0.00000    0.00000    0.00000    0.00000    0.00000    0.00000    0.00000    0.00000    0.00000    0.00000    0.00000    0.00000    0.00000    0.00000    0.00000    0.00000    0.00000    0.00000    0.00000 
    0.12474    0.13199    0.10207    0.12782    0.12121    0.10335    0.11146    0.13530    0.12570    0.13827    0.14055    0.14960    0.13926    0.15736    0.15354    0.15561    0.17490    0.17777    0.18101    0.21113    0.20341    0.22486    0.27047    0.27558    0.32488    0.51294    0.32522    0.00000    0.00000    0.00000    0.00000    0.00000    0.00000    0.00000    0.00000    0.00000    0.00000    0.00000    0.00000    0.00000    0.00000    0.00000    0.00000    0.00000    0.00000    0.00000    0.00000    0.00000    0.00000    0.00000    0.00000 
    0.10072    0.10283    0.10959    0.10933    0.10400    0.11125    0.12695    0.13786    0.13016    0.14805    0.14264    0.14576    0.15591    0.12951    0.18297    0.17591    0.17835    0.18034    0.18780    0.20899    0.20152    0.22556    0.24960    0.30899    0.32397    0.49927    0.32218    0.00000    0.00000    0.00000    0.00000    0.00000    0.00000    0.00000    0.00000    0.00000    0.00000    0.00000    0.00000    0.00000    0.00000    0.00000    0.00000    0.00000    0.00000    0.00000    0.00000    0.00000    0.00000    0.00000    0.00000 
    0.10866    0.08843    0.10117    0.11795    0.14260    0.11700    0.11978    0.11269    0.12883    0.14260    0.14912    0.13871    0.14253    0.14451    0.13859    0.16467    0.15604    0.18322    0.16221    0.18929    0.19682    0.23561    0.24224    0.26242    0.31789    0.37771    0.61871    0.00000    0.00000    0.00000    0.00000    0.00000    0.00000    0.00000    0.00000    0.00000    0.00000    0.00000    0.00000    0.00000    0.00000    0.00000    0.00000    0.00000    0.00000    0.00000    0.00000    0.00000    0.00000    0.00000    0.00000 
    0.11774    0.09612    0.10863    0.12736    0.12076    0.11336    0.12007    0.12641    0.12995    0.14104    0.11474    0.12183    0.13782    0.13747    0.15401    0.15583    0.16871    0.18447    0.17927    0.18549    0.22916    0.23252    0.24740    0.25736    0.29945    0.41176    0.58127    0.00000    0.00000    0.00000    0.00000    0.00000    0.00000    0.00000    0.00000    0.00000    0.00000    0.00000    0.00000    0.00000    0.00000    0.00000    0.00000    0.00000    0.00000    0.00000    0.00000    0.00000    0.00000    0.00000    0.00000 
    0.09853    0.12653    0.10720    0.11961    0.11649    0.10440    0.11776    0.11318    0.12932    0.13146    0.15110    0.13039    0.15093    0.16652    0.15743    0.15383    0.16269    0.19542    0.17557    0.19594    0.18971    0.22962    0.26562    0.27718    0.34555    0.44446    0.44356    0.00000    0.00000    0.00000    0.00000    0.00000    0.00000    0.00000    0.00000    0.00000    0.00000    0.00000    0.00000    0.00000    0.00000    0.00000    0.00000    0.00000    0.00000    0.00000    0.00000    0.00000    0.00000    0.00000    0.00000 
    0.11861    0.10662    0.10496    0.12408    0.11893    0.12126    0.11238    0.14438    0.12265    0.15827    0.12704    0.14802    0.13782    0.15994    0.15528    0.15154    0.17279    0.16574    0.17968    0.20275    0.21078    0.21862    0.23133    0.30041    0.32858    0.45483    0.42272    0.00000    0.00000    0.00000    0.00000    0.00000    0.00000    0.00000    0.00000    0.00000    0.00000    0.00000    0.00000    0.00000    0.00000    0.00000    0.00000    0.00000    0.00000    0.00000    0.00000    0.00000    0.00000    0.00000    0.00000 
    0.10685    0.11721    0.12286    0.13554    0.09974    0.11858    0.12155    0.12269    0.12587    0.11838    0.13909    0.15073    0.14174    0.14954    0.15964    0.16862    0.15691    0.18165    0.16770    0.20459    0.23778    0.23685    0.22626    0.28545    0.30887    0.41611    0.47918    0.00000    0.00000    0.00000    0.00000    0.00000    0.00000    0.00000    0.00000    0.00000    0.00000    0.00000    0.00000    0.00000    0.00000    0.00000    0.00000    0.00000    0.00000    0.00000    0.00000    0.00000    0.00000    0.00000    0.00000 
    0.10598    0.11947    0.10274    0.10711    0.12299    0.10416    0.12468    0.12358    0.12050    0.13498    0.13199    0.14623    0.12179    0.13233    0.12139    0.16978    0.17607    0.15929    0.20139    0.18363    0.20509    0.20621    0.26354    0.27336    0.31275    0.38083    0.64451    0.00362    0.00000    0.00000    0.00000    0.00000    0.00000    0.00000    0.00000    0.00000    0.00000    0.00000    0.00000    0.00000    0.00000    0.00000    0.00000    0.00000    0.00000    0.00000    0.00000    0.00000    0.00000    0.00000    0.00000 
    0.11575    0.11888    0.12268    0.10606    0.11433    0.10942    0.13789    0.11404    0.12976    0.13999    0.13269    0.14382    0.14930    0.14576    0.15347    0.15709    0.17102    0.17388    0.19420    0.18879    0.19633    0.20987    0.23833    0.26275    0.33488    0.41963    0.51938    0.00000    0.00000    0.00000    0.00000    0.00000    0.00000    0.00000    0.00000    0.00000    0.00000    0.00000    0.00000    0.00000    0.00000    0.00000    0.00000    0.00000    0.00000    0.00000    0.00000    0.00000    0.00000    0.00000    0.00000 
    0.10751    0.08801    0.10082    0.10708    0.12502    0.12662    0.12748    0.11506    0.11607    0.14109    0.13288    0.13645    0.12246    0.15030    0.14123    0.17063    0.17091    0.18255    0.19331    0.18407    0.20519    0.22365    0.23542    0.26736    0.29708    0.37091    0.66081    0.00000    0.00000    0.00000    0.00000    0.00000    0.00000    0.00000    0.00000    0.00000    0.00000    0.00000    0.00000    0.00000    0.00000    0.00000    0.00000    0.00000    0.00000    0.00000    0.00000    0.00000    0.00000    0.00000    0.00000 
    0.11235    0.11328    0.12290    0.11064    0.10777    0.11638    0.12082    0.12596    0.14890    0.12456    0.12667    0.14574    0.13736    0.16852    0.13462    0.16948    0.18777    0.17845    0.21047    0.19949    0.23977    0.23397    0.27286    0.29085    0.35425    0.57453    0.17163    0.00000    0.00000    0.00000    0.00000    0.00000    0.00000    0.00000    0.00000    0.00000    0.00000    0.00000    0.00000    0.00000    0.00000    0.00000    0.00000    0.00000    0.00000    0.00000    0.00000    0.00000    0.00000    0.00000    0.00000 
    0.11138    0.12048    0.12171    0.11632    0.11984    0.11463    0.11272    0.11496    0.13208    0.13825    0.14748    0.15215    0.15404    0.15000    0.16305    0.17135    0.16716    0.17744    0.19475    0.20270    0.21228    0.25633    0.26651    0.30366    0.35016    0.56287    0.16570    0.00000    0.00000    0.00000    0.00000    0.00000    0.00000    0.00000    0.00000    0.00000    0.00000    0.00000    0.00000    0.00000    0.00000    0.00000    0.00000    0.00000    0.00000    0.00000    0.00000    0.00000    0.00000    0.00000    0.00000 
    0.10685    0.13153    0.11533    0.13059    0.13013    0.12270    0.11435    0.11876    0.13720    0.11921    0.13631    0.11874    0.14985    0.11949    0.14166    0.17033    0.19334    0.16815    0.18827    0.19776    0.21102    0.21577    0.25963    0.29170    0.34025    0.45945    0.41163    0.00000    0.00000    0.00000    0.00000    0.00000    0.00000    0.00000    0.00000    0.00000    0.00000    0.00000    0.00000    0.00000    0.00000    0.00000    0.00000    0.00000    0.00000    0.00000    0.00000    0.00000    0.00000    0.00000    0.00000 
    0.10583    0.10998    0.10496    0.10401    0.10690    0.14955    0.11534    0.12705    0.12596    0.14468    0.12184    0.12239    0.14791    0.15056    0.16229    0.18035    0.17061    0.17424    0.18469    0.19613    0.20556    0.22997    0.26155    0.28316    0.34245    0.43477    0.43726    0.00000    0.00000    0.00000    0.00000    0.00000    0.00000    0.00000    0.00000    0.00000    0.00000    0.00000    0.00000    0.00000    0.00000    0.00000    0.00000    0.00000    0.00000    0.00000    0.00000    0.00000    0.00000    0.00000    0.00000 
    0.12103    0.11340    0.11169    0.10079    0.10560    0.11229    0.11238    0.12510    0.13721    0.14570    0.13352    0.14559    0.13959    0.17301    0.13179    0.15632    0.16886    0.15382    0.16965    0.18777    0.20419    0.20761    0.25415    0.27217    0.29417    0.36892    0.65194    0.00172    0.00000    0.00000    0.00000    0.00000    0.00000    0.00000    0.00000    0.00000    0.00000    0.00000    0.00000    0.00000    0.00000    0.00000    0.00000    0.00000    0.00000    0.00000    0.00000    0.00000    0.00000    0.00000    0.00000 
    0.12145    0.11732    0.10834    0.11348    0.10283    0.12401    0.10767    0.12694    0.13675    0.12203    0.14818    0.14720    0.14478    0.16420    0.15744    0.16021    0.18109    0.17329    0.16265    0.19483    0.21546    0.22855    0.26475    0.28244    0.32877    0.43041    0.43497    0.00000    0.00000    0.00000    0.00000    0.00000    0.00000    0.00000    0.00000    0.00000    0.00000    0.00000    0.00000    0.00000    0.00000    0.00000    0.00000    0.00000    0.00000    0.00000    0.00000    0.00000    0.00000    0.00000    0.00000 
    0.10501    0.10433    0.10160    0.13024    0.12938    0.11542    0.14059    0.11898    0.10637    0.12697    0.12433    0.12776    0.16064    0.14069    0.16521    0.15208    0.16106    0.19984    0.19763    0.22196    0.21478    0.21098    0.25048    0.29510    0.33633    0.47767    0.38459    0.00000    0.00000    0.00000    0.00000    0.00000    0.00000    0.00000    0.00000    0.00000    0.00000    0.00000    0.00000    0.00000    0.00000    0.00000    0.00000    0.00000    0.00000    0.00000    0.00000    0.00000    0.00000    0.00000    0.00000 
    0.11458    0.13458    0.11029    0.10288    0.13047    0.11666    0.14063    0.12676    0.14150    0.12665    0.16536    0.16151    0.14283    0.15841    0.17584    0.16391    0.17353    0.20147    0.19239    0.18258    0.20269    0.21356    0.28279    0.32219    0.36001    0.60259    0.05335    0.00000    0.00000    0.00000    0.00000    0.00000    0.00000    0.00000    0.00000    0.00000    0.00000    0.00000    0.00000    0.00000    0.00000    0.00000    0.00000    0.00000    0.00000    0.00000    0.00000    0.00000    0.00000    0.00000    0.00000 
    0.10700    0.09691    0.11421    0.11490    0.10588    0.13230    0.13591    0.12289    0.14680    0.12091    0.13756    0.14610    0.15351    0.12869    0.17084    0.17088    0.16049    0.18183    0.19338    0.17651    0.19492    0.21965    0.24361    0.29700    0.31927    0.42196    0.48609    0.00000    0.00000    0.00000    0.00000    0.00000    0.00000    0.00000    0.00000    0.00000    0.00000    0.00000    0.00000    0.00000    0.00000    0.00000    0.00000    0.00000    0.00000    0.00000    0.00000    0.00000    0.00000    0.00000    0.00000 
    0.12817    0.12831    0.12809    0.10843    0.12906    0.10538    0.12990    0.13042    0.13204    0.13559    0.14196    0.15300    0.14897    0.14843    0.18729    0.16616    0.15056    0.17688    0.17200    0.20304    0.24921    0.24728    0.25946    0.28647    0.38159    0.64940    0.02292    0.00000    0.00000    0.00000    0.00000    0.00000    0.00000    0.00000    0.00000    0.00000    0.00000    0.00000    0.00000    0.00000    0.00000    0.00000    0.00000    0.00000    0.00000    0.00000    0.00000    0.00000    0.00000    0.00000    0.00000 
    0.11814    0.10136    0.10854    0.10736    0.11227    0.10894    0.12636    0.14517    0.13333    0.13356    0.13694    0.14890    0.16157    0.16444    0.12860    0.15861    0.16459    0.15180    0.17353    0.18717    0.19779    0.21240    0.24552    0.23967    0.31091    0.37568    0.63460    0.01227    0.00000    0.00000    0.00000    0.00000    0.00000    0.00000    0.00000    0.00000    0.00000    0.00000    0.00000    0.00000    0.00000    0.00000    0.00000    0.00000    0.00000    0.00000    0.00000    0.00000    0.00000    0.00000    0.00000 
    0.11795    0.10440    0.10862    0.11733    0.14257    0.11579    0.10802    0.12148    0.13152    0.14839    0.15796    0.15925    0.15448    0.16790    0.14178    0.14576    0.17410    0.16350    0.20079    0.20259    0.23154    0.23112    0.26446    0.32533    0.36421    0.55615    0.14301    0.00000    0.00000    0.00000    0.00000    0.00000    0.00000    0.00000    0.00000    0.00000    0.00000    0.00000    0.00000    0.00000    0.00000    0.00000    0.00000    0.00000    0.00000    0.00000    0.00000    0.00000    0.00000    0.00000    0.00000 
    0.10101    0.13497    0.11618    0.11121    0.12112    0.13092    0.12507    0.12230    0.12842    0.14227    0.12809    0.12255    0.17216    0.15677    0.14453    0.15941    0.15030    0.20729    0.17584    0.20629    0.22437    0.24587    0.26805    0.27900    0.33506    0.49370    0.29724    0.00000    0.00000    0.00000    0.00000    0.00000    0.00000    0.00000    0.00000    0.00000    0.00000    0.00000    0.00000    0.00000    0.00000    0.00000    0.00000    0.00000    0.00000    0.00000    0.00000    0.00000    0.00000    0.00000    0.00000 
    0.11667    0.12383    0.12726    0.11485    0.10032    0.11355    0.10564    0.13283    0.14469    0.13531    0.13025    0.14746    0.14444    0.16087    0.14751    0.15886    0.16848    0.20044    0.18901    0.19946    0.21251    0.21903    0.23687    0.28313    0.34364    0.47425    0.36886    0.00000    0.00000    0.00000    0.00000    0.00000    0.00000    0.00000    0.00000    0.00000    0.00000    0.00000    0.00000    0.00000    0.00000    0.00000    0.00000    0.00000    0.00000    0.00000    0.00000    0.00000    0.00000    0.00000    0.00000 
    0.11969    0.12101    0.12353    0.11566    0.11455    0.12461    0.10824    0.12633    0.11637    0.11923    0.14015    0.15559    0.15182    0.15058    0.16657    0.16471    0.17217    0.17603    0.18984    0.18436    0.19444    0.23454    0.25814    0.29049    0.34186    0.70180    0.13767    0.00000    0.00000    0.00000    0.00000    0.00000    0.00000    0.00000    0.00000    0.00000    0.00000    0.00000    0.00000    0.00000    0.00000    0.00000    0.00000    0.00000    0.00000    0.00000    0.00000    0.00000    0.00000    0.00000    0.00000 
    0.08498    0.12046    0.10865    0.10876    0.09747    0.11095    0.11281    0.12525    0.12429    0.14305    0.12333    0.14581    0.14044    0.13167    0.16246    0.14792    0.16585    0.18986    0.16795    0.17903    0.19488    0.21660    0.22126    0.27321    0.30907    0.36545    0.60833    0.12019    0.00000    0.00000    0.00000    0.00000    0.00000    0.00000    0.00000    0.00000    0.00000    0.00000    0.00000    0.00000    0.00000    0.00000    0.00000    0.00000    0.00000    0.00000    0.00000    0.00000    0.00000    0.00000    0.00000 
    0.11349    0.11922    0.10611    0.11255    0.11835    0.10774    0.10955    0.11492    0.13023    0.11505    0.14417    0.13186    0.14721    0.13076    0.15323    0.15280    0.14977    0.16687    0.20251    0.19187    0.19146    0.21909    0.25719    0.28033    0.31241    0.41597    0.60527    0.00000    0.00000    0.00000    0.00000    0.00000    0.00000    0.00000    0.00000    0.00000    0.00000    0.00000    0.00000    0.00000    0.00000    0.00000    0.00000    0.00000    0.00000    0.00000    0.00000    0.00000    0.00000    0.00000    0.00000 
    0.09632    0.09858    0.09542    0.09968    0.11328    0.12779    0.13635    0.12566    0.12777    0.14497    0.14680    0.16457    0.14423    0.16860    0.18178    0.15630    0.18068    0.17664    0.18837    0.19072    0.22459    0.25267    0.25073    0.27553    0.35336    0.52645    0.25215    0.00000    0.00000    0.00000    0.00000    0.00000    0.00000    0.00000    0.00000    0.00000    0.00000    0.00000    0.00000    0.00000    0.00000    0.00000    0.00000    0.00000    0.00000    0.00000    0.00000    0.00000    0.00000    0.00000    0.00000 
    0.10008    0.10936    0.12823    0.10967    0.10225    0.11687    0.10773    0.10355    0.14483    0.12165    0.13514    0.14240    0.13270    0.14469    0.14390    0.14250    0.16702    0.17869    0.18905    0.18685    0.18741    0.22378    0.23942    0.21651    0.27517    0.34964    0.49665    0.30423    0.00000    0.00000    0.00000    0.00000    0.00000    0.00000    0.00000    0.00000    0.00000    0.00000    0.00000    0.00000    0.00000    0.00000    0.00000    0.00000    0.00000    0.00000    0.00000    0.00000    0.00000    0.00000    0.00000 
    0.11817    0.11562    0.10003    0.12806    0.11724    0.13037    0.13902    0.14220    0.13857    0.15821    0.13859    0.15538    0.13456    0.14868    0.14427    0.16643    0.17675    0.18589    0.17702    0.18293    0.21146    0.25749    0.26279    0.30811    0.36280    0.61957    0.07978    0.00000    0.00000    0.00000    0.00000    0.00000    0.00000    0.00000    0.00000    0.00000    0.00000    0.00000    0.00000    0.00000    0.00000    0.00000    0.00000    0.00000    0.00000    0.00000    0.00000    0.00000    0.00000    0.00000    0.00000 
    0.12519    0.10916    0.10511    0.12583    0.10216    0.11148    0.11162    0.13368    0.12081    0.13955    0.13123    0.14322    0.14545    0.15599    0.14840    0.15436    0.16278    0.17211    0.18698    0.19815    0.21680    0.23761    0.23522    0.28270    0.36649    0.44720    0.43072    0.00000    0.00000    0.00000    0.00000    0.00000    0.00000    0.00000    0.00000    0.00000    0.00000    0.00000    0.00000    0.00000    0.00000    0.00000    0.00000    0.00000    0.00000    0.00000    0.00000    0.00000    0.00000    0.00000    0.00000 
    0.11357    0.11501    0.08219    0.13286    0.11699    0.09435    0.12664    0.12888    0.12318    0.14267    0.13699    0.15730    0.15863    0.14759    0.15804    0.14178    0.14189    0.17992    0.18428    0.18229    0.22128    0.21480    0.22961    0.26527    0.33117    0.39412    0.57869    0.00000    0.00000    0.00000    0.00000    0.00000    0.00000    0.00000    0.00000    0.00000    0.00000    0.00000    0.00000    0.00000    0.00000    0.00000    0.00000    0.00000    0.00000    0.00000    0.00000    0.00000    0.00000    0.00000    0.00000 
    0.13835    0.08993    0.11260    0.11616    0.13092    0.11950    0.12788    0.13922    0.15234    0.12490    0.14609    0.16345    0.16069    0.14632    0.15505    0.15806    0.17496    0.17273    0.20514    0.20195    0.23102    0.21697    0.25539    0.31147    0.35860    0.59750    0.09282    0.00000    0.00000    0.00000    0.00000    0.00000    0.00000    0.00000    0.00000    0.00000    0.00000    0.00000    0.00000    0.00000    0.00000    0.00000    0.00000    0.00000    0.00000    0.00000    0.00000    0.00000    0.00000    0.00000    0.00000 
    0.11501    0.10323    0.11451    0.10984    0.10224    0.09522    0.11723    0.12726    0.15166    0.12515    0.14055    0.13097    0.12541    0.15203    0.14312    0.14846    0.16230    0.16223    0.17546    0.18391    0.18812    0.20816    0.23928    0.27545    0.30059    0.35902    0.54694    0.19664    0.00000    0.00000    0.00000    0.00000    0.00000    0.00000    0.00000    0.00000    0.00000    0.00000    0.00000    0.00000    0.00000    0.00000    0.00000    0.00000    0.00000    0.00000    0.00000    0.00000    0.00000    0.00000    0.00000 
    0.12127    0.10644    0.11166    0.09340    0.13162    0.13371    0.13046    0.13856    0.12301    0.14049    0.12621    0.12272    0.14413    0.13056    0.14205    0.15844    0.15304    0.17642    0.18852    0.19498    0.21554    0.23118    0.23192    0.27220    0.31100    0.39842    0.57205    0.00000    0.00000    0.00000    0.00000    0.00000    0.00000    0.00000    0.00000    0.00000    0.00000    0.00000    0.00000    0.00000    0.00000    0.00000    0.00000    0.00000    0.00000    0.00000    0.00000    0.00000    0.00000    0.00000    0.00000 
    0.12566    0.09559    0.11144    0.10398    0.10052    0.10754    0.12233    0.11600    0.11504    0.12901    0.14649    0.13412    0.12930    0.16322    0.15585    0.16546    0.15151    0.18136    0.17216    0.17934    0.19984    0.22144    0.23938    0.27910    0.29478    0.37168    0.64091    0.04695    0.00000    0.00000    0.00000    0.00000    0.00000    0.00000    0.00000    0.00000    0.00000    0.00000    0.00000    0.00000    0.00000    0.00000    0.00000    0.00000    0.00000    0.00000    0.00000    0.00000    0.00000    0.00000    0.00000 
    0.11254    0.10718    0.10164    0.13529    0.11454    0.11066    0.12764    0.12960    0.11517    0.12349    0.12567    0.14439    0.12908    0.13869    0.14138    0.15397    0.18690    0.17864    0.17688    0.21151    0.21296    0.23531    0.26276    0.27208    0.32253    0.43936    0.49015    0.00000    0.00000    0.00000    0.00000    0.00000    0.00000    0.00000    0.00000    0.00000    0.00000    0.00000    0.00000    0.00000    0.00000    0.00000    0.00000    0.00000    0.00000    0.00000    0.00000    0.00000    0.00000    0.00000    0.00000 
    0.10292    0.11598    0.12101    0.10853    0.12547    0.10745    0.12693    0.12011    0.11894    0.13644    0.14698    0.14204    0.15183    0.13142    0.14488    0.17513    0.18673    0.17356    0.19746    0.18734    0.21042    0.21459    0.26447    0.27015    0.33115    0.45425    0.43380    0.00000    0.00000    0.00000    0.00000    0.00000    0.00000    0.00000    0.00000    0.00000    0.00000    0.00000    0.00000    0.00000    0.00000    0.00000    0.00000    0.00000    0.00000    0.00000    0.00000    0.00000    0.00000    0.00000    0.00000 
    0.11158    0.10025    0.10001    0.11338    0.14749    0.12300    0.12980    0.12861    0.13399    0.14221    0.15374    0.15397    0.14448    0.17224    0.15547    0.18055    0.18736    0.18690    0.19730    0.20372    0.22515    0.22340    0.25478    0.29553    0.37107    0.60879    0.05525    0.00000    0.00000    0.00000    0.00000    0.00000    0.00000    0.00000    0.00000    0.00000    0.00000    0.00000    0.00000    0.00000    0.00000    0.00000    0.00000    0.00000    0.00000    0.00000    0.00000    0.00000    0.00000    0.00000    0.00000 
    0.13275    0.11649    0.12651    0.08888    0.13202    0.12378    0.12442    0.11358    0.14237    0.12432    0.13301    0.14940    0.15223    0.15695    0.14767    0.16300    0.18076    0.15662    0.15432    0.19006    0.23698    0.24472    0.24894    0.28969    0.34748    0.46800    0.35504    0.00000    0.00000    0.00000    0.00000    0.00000    0.00000    0.00000    0.00000    0.00000    0.00000    0.00000    0.00000    0.00000    0.00000    0.00000    0.00000    0.00000    0.00000    0.00000    0.00000    0.00000    0.00000    0.00000    0.00000 
    0.09903    0.12022    0.11797    0.10644    0.11404    0.11246    0.12596    0.13408    0.12237    0.13498    0.13155    0.14281    0.14290    0.15007    0.14855    0.17752    0.18064    0.17065    0.16072    0.19545    0.22802    0.21739    0.25892    0.27432    0.34864    0.45271    0.43160    0.00000    0.00000    0.00000    0.00000    0.00000    0.00000    0.00000    0.00000    0.00000    0.00000    0.00000    0.00000    0.00000    0.00000    0.00000    0.00000    0.00000    0.00000    0.00000    0.00000    0.00000    0.00000    0.00000    0.00000 
    0.09854    0.10844    0.08881    0.12324    0.10843    0.14030    0.12671    0.12538    0.14609    0.13814    0.13037    0.12526    0.15246    0.14414    0.16324    0.15858    0.19177    0.18952    0.19470    0.20547    0.20902    0.22869    0.25936    0.30419    0.35327    0.62578    0.16011    0.00000    0.00000    0.00000    0.00000    0.00000    0.00000    0.00000    0.00000    0.00000    0.00000    0.00000    0.00000    0.00000    0.00000    0.00000    0.00000    0.00000    0.00000    0.00000    0.00000    0.00000    0.00000    0.00000    0.00000 
    0.11396    0.10876    0.10800    0.10170    0.12894    0.10216    0.11016    0.12246    0.16512    0.14312    0.14739    0.14790    0.14158    0.15673    0.15959    0.15784    0.17866    0.16725    0.18346    0.19424    0.22364    0.21289    0.26185    0.28907    0.33842    0.49566    0.33948    0.00000    0.00000    0.00000    0.00000    0.00000    0.00000    0.00000    0.00000    0.00000    0.00000    0.00000    0.00000    0.00000    0.00000    0.00000    0.00000    0.00000    0.00000    0.00000    0.00000    0.00000    0.00000    0.00000    0.00000 
    0.11648    0.11162    0.10709    0.11671    0.12007    0.10192    0.10582    0.10885    0.13771    0.12959    0.12544    0.14175    0.14484    0.14854    0.14440    0.18385    0.17067    0.14682    0.19273    0.20722    0.21552    0.21745    0.23185    0.28138    0.31485    0.42480    0.55203    0.00000    0.00000    0.00000    0.00000    0.00000    0.00000    0.00000    0.00000    0.00000    0.00000    0.00000    0.00000    0.00000    0.00000    0.00000    0.00000    0.00000    0.00000    0.00000    0.00000    0.00000    0.00000    0.00000    0.00000 
    0.10829    0.12417    0.10191    0.10375    0.11981    0.12705    0.14014    0.12660    0.12600    0.12115    0.13004    0.12500    0.13504    0.14556    0.13212    0.16337    0.17832    0.17232    0.19433    0.20085    0.20881    0.21776    0.24597    0.28347    0.32816    0.39295    0.54706    0.00000    0.00000    0.00000    0.00000    0.00000    0.00000    0.00000    0.00000    0.00000    0.00000    0.00000    0.00000    0.00000    0.00000    0.00000    0.00000    0.00000    0.00000    0.00000    0.00000    0.00000    0.00000    0.00000    0.00000 
    0.13484    0.10370    0.12222    0.11782    0.13903    0.10207    0.13350    0.12152    0.12925    0.13053    0.13318    0.15378    0.14570    0.14657    0.14652    0.14863    0.16873    0.18127    0.18421    0.20343    0.20391    0.22231    0.23575    0.25748    0.33243    0.42889    0.47271    0.00000    0.00000    0.00000    0.00000    0.00000    0.00000    0.00000    0.00000    0.00000    0.00000    0.00000    0.00000    0.00000    0.00000    0.00000    0.00000    0.00000    0.00000    0.00000    0.00000    0.00000    0.00000    0.00000    0.00000 
    0.10108    0.09670    0.11609    0.10987    0.13339    0.13371    0.15020    0.12890    0.11815    0.14715    0.12384    0.12388    0.15970    0.15687    0.16711    0.15779    0.16392    0.16810    0.19529    0.21110    0.22291    0.22394    0.23617    0.30551    0.36297    0.52347    0.26218    0.00000    0.00000    0.00000    0.00000    0.00000    0.00000    0.00000    0.00000    0.00000    0.00000    0.00000    0.00000    0.00000    0.00000    0.00000    0.00000    0.00000    0.00000    0.00000    0.00000    0.00000    0.00000    0.00000    0.00000 
    0.11294    0.12427    0.10229    0.12534    0.11753    0.11693    0.10841    0.12386    0.11986    0.14764    0.12961    0.14430    0.15004    0.14041    0.16662    0.16372    0.17685    0.17957    0.19376    0.18502    0.21561    0.23940    0.27398    0.28772    0.35823    0.48269    0.31342    0.00000    0.00000    0.00000    0.00000    0.00000    0.00000    0.00000    0.00000    0.00000    0.00000    0.00000    0.00000    0.00000    0.00000    0.00000    0.00000    0.00000    0.00000    0.00000    0.00000    0.00000    0.00000    0.00000    0.00000 
    0.10256    0.11099    0.11426    0.13496    0.13758    0.13154    0.13359    0.12209    0.11391    0.15075    0.13702    0.13612    0.15324    0.15511    0.15826    0.16667    0.16680    0.18204    0.17831    0.22036    0.21493    0.23677    0.24437    0.31997    0.38177    0.61652    0.07950    0.00000    0.00000    0.00000    0.00000    0.00000    0.00000    0.00000    0.00000    0.00000    0.00000    0.00000    0.00000    0.00000    0.00000    0.00000    0.00000    0.00000    0.00000    0.00000    0.00000    0.00000    0.00000    0.00000    0.00000 
    0.12980    0.11637    0.11028    0.10479    0.13187    0.11247    0.12354    0.13062    0.14366    0.14784    0.11743    0.14099    0.13336    0.15715    0.16576    0.16247    0.14417    0.17574    0.20219    0.19506    0.21265    0.25715    0.25320    0.28300    0.33370    0.50168    0.31307    0.00000    0.00000    0.00000    0.00000    0.00000    0.00000    0.00000    0.00000    0.00000    0.00000    0.00000    0.00000    0.00000    0.00000    0.00000    0.00000    0.00000    0.00000    0.00000    0.00000    0.00000    0.00000    0.00000    0.00000 
    0.10400    0.11661    0.11488    0.11444    0.11404    0.12036    0.13935    0.11519    0.14421    0.13410    0.14083    0.15296    0.14086    0.14277    0.16270    0.18447    0.17193    0.20771    0.20589    0.19747    0.20978    0.23607    0.25424    0.30323    0.38485    0.63496    0.05211    0.00000    0.00000    0.00000    0.00000    0.00000    0.00000    0.00000    0.00000    0.00000    0.00000    0.00000    0.00000    0.00000    0.00000    0.00000    0.00000    0.00000    0.00000    0.00000    0.00000    0.00000    0.00000    0.00000    0.00000 
    0.10603    0.11600    0.12317    0.11674    0.12793    0.13074    0.10132    0.12399    0.13838    0.14363    0.14008    0.14864    0.12291    0.15152    0.14184    0.15927    0.15139    0.17898    0.18674    0.21367    0.18927    0.19810    0.26555    0.28786    0.32779    0.41365    0.49478    0.00000    0.00000    0.00000    0.00000    0.00000    0.00000    0.00000    0.00000    0.00000    0.00000    0.00000    0.00000    0.00000    0.00000    0.00000    0.00000    0.00000    0.00000    0.00000    0.00000    0.00000    0.00000    0.00000    0.00000 
    0.10284    0.11257    0.11499    0.10659    0.12686    0.13665    0.13222    0.11299    0.13122    0.12017    0.12858    0.13800    0.16966    0.12727    0.14698    0.14191    0.15823    0.19258    0.18510    0.20579    0.21866    0.25383    0.25986    0.28738    0.33743    0.45521    0.39644    0.00000    0.00000    0.00000    0.00000    0.00000    0.00000    0.00000    0.00000    0.00000    0.00000    0.00000    0.00000    0.00000    0.00000    0.00000    0.00000    0.00000    0.00000    0.00000    0.00000    0.00000    0.00000    0.00000    0.00000 
    0.10067    0.09450    0.10604    0.11030    0.12093    0.11448    0.10389    0.11824    0.13750    0.12111    0.14498    0.14138    0.15706    0.13901    0.16146    0.16526    0.14889    0.17042    0.17519    0.19632    0.22093    0.20806    0.24641    0.26687    0.30290    0.39622    0.63098    0.00000    0.00000    0.00000    0.00000    0.00000    0.00000    0.00000    0.00000    0.00000    0.00000    0.00000    0.00000    0.00000    0.00000    0.00000    0.00000    0.00000    0.00000    0.00000    0.00000    0.00000    0.00000    0.00000    0.00000 
    0.11288    0.09323    0.12827    0.11619    0.12037    0.10775    0.13731    0.13436    0.13699    0.13221    0.13931    0.16054    0.14470    0.16387    0.16084    0.16127    0.17489    0.17669    0.20351    0.18906    0.21892    0.24882    0.24869    0.28217    0.35188    0.57733    0.17796    0.00000    0.00000    0.00000    0.00000    0.00000    0.00000    0.00000    0.00000    0.00000    0.00000    0.00000    0.00000    0.00000    0.00000    0.00000    0.00000    0.00000    0.00000    0.00000    0.00000    0.00000    0.00000    0.00000    0.00000 
    0.11448    0.10691    0.12128    0.09756    0.11658    0.12887    0.12875    0.12790    0.13310    0.13584    0.12471    0.13737    0.13104    0.14817    0.15020    0.15732    0.16103    0.17923    0.18775    0.18882    0.19854    0.22224    0.26643    0.27017    0.32447    0.40891    0.53234    0.00000    0.00000    0.00000    0.00000    0.00000    0.00000    0.00000    0.00000    0.00000    0.00000    0.00000    0.00000    0.00000    0.00000    0.00000    0.00000    0.00000    0.00000    0.00000    0.00000    0.00000    0.00000    0.00000    0.00000 
