100000,E+03  9478,36E-05  9542,21E-10
200000,E+03  9581,76E-05  1787,25E-09
300000,E+03  9696,66E-05  1249,05E-09
400000,E+03  9814,73E-05  2451,10E-09
500000,E+03  9994,65E-05  1523,23E-09
600000,E+03  1028,43E-04  1403,54E-09
700000,E+03  9934,29E-05  1006,02E-09
800000,E+03  1055,22E-04  1268,51E-09
900000,E+03  1079,02E-04  1097,33E-09
100000,E+04  1038,41E-04  6187,90E-10
110000,E+04  1049,39E-04  3598,85E-09
120000,E+04  1071,54E-04  6195,96E-09
130000,E+04  1088,36E-04  1109,88E-09
140000,E+04  1075,31E-04  5607,14E-09
150000,E+04  1070,90E-04  8801,27E-09
160000,E+04  1141,98E-04  1546,42E-08
170000,E+04  1155,13E-04  4273,15E-09
180000,E+04  1157,95E-04  2237,71E-09
190000,E+04  1146,85E-04  6696,03E-09
200000,E+04  1189,35E-04  1372,44E-09
210000,E+04  1219,18E-04  1911,62E-08
220000,E+04  1187,29E-04  7472,39E-09
230000,E+04  1242,64E-04  1151,37E-09
240000,E+04  1238,05E-04  2099,95E-09
250000,E+04  1278,12E-04  1566,00E-09
260000,E+04  1278,07E-04  4646,19E-09
270000,E+04  1303,84E-04  2773,37E-09
280000,E+04  1354,93E-04  1218,08E-09
290000,E+04  1365,66E-04  2314,28E-09
300000,E+04  1365,59E-04  1604,63E-09
310000,E+04  1412,89E-04  5778,30E-09
320000,E+04  1434,53E-04  2898,97E-09
330000,E+04  1482,94E-04  2313,50E-09
340000,E+04  1502,79E-04  3009,82E-09
350000,E+04  1497,08E-04  2887,71E-09
360000,E+04  1567,25E-04  3323,24E-09
370000,E+04  1580,87E-04  2636,94E-08
380000,E+04  1624,56E-04  2623,76E-09
390000,E+04  1684,48E-04  1973,09E-09
400000,E+04  1731,95E-04  2214,68E-09
410000,E+04  1753,49E-04  7896,80E-09
420000,E+04  1807,29E-04  1163,49E-07
430000,E+04  1914,92E-04  8091,40E-09
440000,E+04  1952,69E-04  3065,43E-09
450000,E+04  2060,10E-04  7105,60E-09
460000,E+04  2163,07E-04  2388,91E-08
470000,E+04  2283,04E-04  3049,62E-08
480000,E+04  2457,59E-04  8451,23E-08
490000,E+04  2598,59E-04  2530,14E-08
500000,E+04  2828,49E-04  1738,43E-08
510000,E+04  3041,32E-04  1560,34E-07
520000,E+04  3133,88E-04  3896,80E-08
530000,E+04  2209,46E-04  2337,15E-07
540000,E+04  1257,21E-05  5688,47E-06
550000,E+04  0000,00E+00  0000,00E+00
560000,E+04  0000,00E+00  0000,00E+00
570000,E+04  0000,00E+00  0000,00E+00
580000,E+04  0000,00E+00  0000,00E+00
590000,E+04  0000,00E+00  0000,00E+00
600000,E+04  0000,00E+00  0000,00E+00
610000,E+04  0000,00E+00  0000,00E+00
620000,E+04  0000,00E+00  0000,00E+00
630000,E+04  0000,00E+00  0000,00E+00
640000,E+04  0000,00E+00  0000,00E+00
650000,E+04  0000,00E+00  0000,00E+00
660000,E+04  0000,00E+00  0000,00E+00
670000,E+04  0000,00E+00  0000,00E+00
680000,E+04  0000,00E+00  0000,00E+00
690000,E+04  0000,00E+00  0000,00E+00
700000,E+04  0000,00E+00  0000,00E+00
710000,E+04  0000,00E+00  0000,00E+00
720000,E+04  0000,00E+00  0000,00E+00
730000,E+04  0000,00E+00  0000,00E+00
740000,E+04  0000,00E+00  0000,00E+00
750000,E+04  0000,00E+00  0000,00E+00
760000,E+04  0000,00E+00  0000,00E+00
770000,E+04  0000,00E+00  0000,00E+00
780000,E+04  0000,00E+00  0000,00E+00
790000,E+04  0000,00E+00  0000,00E+00
800000,E+04  0000,00E+00  0000,00E+00
810000,E+04  0000,00E+00  0000,00E+00
820000,E+04  0000,00E+00  0000,00E+00
830000,E+04  0000,00E+00  0000,00E+00
840000,E+04  0000,00E+00  0000,00E+00
850000,E+04  0000,00E+00  0000,00E+00
860000,E+04  0000,00E+00  0000,00E+00
870000,E+04  0000,00E+00  0000,00E+00
880000,E+04  0000,00E+00  0000,00E+00
890000,E+04  0000,00E+00  0000,00E+00
900000,E+04  0000,00E+00  0000,00E+00
910000,E+04  0000,00E+00  0000,00E+00
920000,E+04  0000,00E+00  0000,00E+00
930000,E+04  0000,00E+00  0000,00E+00
940000,E+04  0000,00E+00  0000,00E+00
950000,E+04  0000,00E+00  0000,00E+00
960000,E+04  0000,00E+00  0000,00E+00
970000,E+04  0000,00E+00  0000,00E+00
980000,E+04  0000,00E+00  0000,00E+00
990000,E+04  0000,00E+00  0000,00E+00
100000,E+05  0000,00E+00  0000,00E+00